190
-810
753
-25
-252
467
-561
-888
705
751
-571
556
-699
-344
889
-146
-792
365
722
-56
373
889
37
-319
635
-174
998
628
-300
-327
735
290
536
-648
-449
-630
711
912
-381
-672
140
944
-952
-656
30
-550
-214
323
800
561
529
259
580
366
-449
380
-792
634
601
742
-728
-921
213
-72
-127
-227
474
665
-11
-647
324
2
-833
686
-919
574
-495
872
195
-402
549
-5
658
-702
-910
-287
-980
-44
-253
-860
66
-172
639
27
522
456
-494
-360
534
-600
-789
-266
-902
194
-34
173
-145
645
422
406
-630
-270
295
216
163
-3
358
853
-210
-779
-660
-185
809
205
10
-647
-509
-221
-259
-31
496
818
-994
428
193
315
-94
-110
-797
440
852
-938
-998
876
-942
-349
-246
-52
-300
83
-87
-922
991
142
958
-530
424
511
556
-394
80
962
311
208
-518
925
-570
-450
182
117
17
97
-659
693
682
590
453
-53
384
-123
-964
-956
-940
215
-72
700
-505
-889
-93
412
-977
-387
-160
-397
-255
722
990
-189
13
586
413
-580
504
-678
989
786
292
80
925
-854
-356
884
681
33
-581
271
251
-49
169
835
292
724
330
501
427
543
940
102
-219
-497
-841
-41
-902
-161
374
-178
777
-113
-135
-747
718
-115
-169
-140
-742
-886
-184
-314
50
775
-970
301
-43
594
-521
700
721
-347
856
231
408
-612
131
597
929
-478
-44
188
-126
-269
-312
503
-134
-683
-418
579
341
47
-377
-994
-231
-926
429
-545
-573
-619
-882
-38
792
-902
-150
-857
322
600
428
197
167
30
352
220
769
-27
103
-495
477
45
-136
-389
105
-450
-784
869
-979
93
-459
266
-879
-743
-968
816
-411
859
-964
-145
-986
765
928
-207
884
218
-579
-521
695
317
-222
540
-172
343
-257
-307
-753
497
-248
350
223
145
-20
-940
-242
717
729
-863
755
-469
-438
547
461
-731
954
-485
-282
780
563
-269
544
793
566
390
-709
277
724
-954
-954
674
-27
-685
224
79
629
-174
-452
157
971
581
-921
273
-463
683
774
-394
-574
960
-513
258
-661
498
305
986
377
508
306
5
447
-88
-756
800
980
911
-579
579
-427
334
274
166
644
131
-704
-665
-649
23
-620
472
-294
533
423
-943
15
-369
451
981
-459
684
176
179
-167
-730
275
331
-418
718
-451
-366
-333
98
-270
538
-757
396
860
-243
-492
-188
-815
152
-378
973
273
916
-755
-143
34
-93
958
-149
-411
783
462
-572
-449
-363
526
287
-395
534
-789
-148
-747
-232
664
139
161
-814
-251
848
-621
-333
327
-392
-424
-63
-955
-314
321
-687
-716
623
-944
-181
965
356
543
635
-503
879
-205
-855
725
840
-383
403
196
667
737
650
917
-499
-783
-343
-136
-301
-419
-704
893
-579
897
165
-78
-816
-695
893
1000
-991
-100
450
355
914
-403
-535
142
518
-199
626
-72
877
-413
-542
318
417
-659
-212
-631
-387
-662
-34
-899
-717
637
-23
-78
-638
825
-472
882
-277
943
655
689
973
-344
-187
-339
-368
112
-279
-433
-473
811
-961
-375
-860
-372
128
625
639
328
445
454
206
-826
-872
-861
55
229
601
579
-635
-158
-685
494
728
-905
406
-525
819
-912
641
121
-965
-882
-856
36
99
800
-946
267
-244
-859
-616
662
-367
986
677
-479
156
461
73
823
23
-479
-286
498
524
-216
454
38
123
-601
26
-341
-391
692
315
-26
739
346
888
-222
820
376
-332
634
-237
-27
-915
434
424
-854
934
242
-230
-883
557
953
677
37
864
86
716
879
-245
-284
-187
118
269
71
-540
-258
-374
-533
21
247
503
237
-759
909
704
107
-963
-346
-100
825
-362
287
-480
519
98
-99
917
997
649
-117
403
668
331
444
555
-242
-977
-876
-258
921
217
187
747
-797
852
-421
937
908
327
-773
994
971
-676
-40
67
266
169
-981
100
-447
-765
-224
233
844
842
897
-871
288
1
342
-703
-821
210
938
-205
-253
-671
-429
263
-381
103
915
-582
867
675
598
919
675
-263
-376
571
-501
588
192
-805
-479
103
125
-367
-650
131
-522
332
-572
-232
641
-78
783
-613
888
65
-238
-761
-327
-784
-538
791
-872
-304
-921
-643
-342
-89
-278
233
303
-201
314
-194
19
384
-989
605
422
-186
54
276
-364
-38
511
311
726
-696
711
535
748
-330
-694
-433
-838
-769
-334
-903
140
-617
322
-680
-895
-117
660
64
391
944
575
-848
113
744
669
675
137
231
-294
327
-996
-537
396
508
635
-310
988
-475
330
685
-753
923
669
-195
-228
784
808
-188
155
-851
-13
-37
-128
497
-473
244
-171
588
-470
-989
959
-19
-844
531
369
888
-557
298
-758
80
-448
907
-854
649
-630
-604
184
-426
788
457
91
-487
163
164
166
724
754
-820
166
78
966
482
143
845
-337
-59
-888
837
522
865
-715
766
-980
825
-694
470
561
-336
325
-736
-445
-165
965
46
206
589
789
359
-834
-828
115
-749
-854
-898
-370
116
419
-111
-955
874
798
-559
398
-652
304
-808
-160
-508
-35
-512
-598
-606
831
71
-832
-250
-221
-677
522
-210
126
259
592
484
512
144
399
1000
-840
-855
-667
-725
-505
-918
624
-449
505
-208
-538
-28
730
587
174
-365
-145
-293
-774
-358
-553
-75
480
68
773
410
-399
60
-479
-481
768
-125
-374
-752
392
662
686
-869
267
-112
102
896
-618
-451
587
731
807
-184
697
757
-792
69
994
786
401
-815
-322
-990
-852
-897
641
-672
39
-546
442
-351
196
367
-10
-599
495
-95
844
-259
512
-825
910
559
292
-582
-861
-439
119
30
-405
-30
-435
811
272
640
-603
-754
670
-611
-800
957
-709
782
277
552
445
-245
-570
-703
215
383
-324
-280
-870
-966
610
276
-563
624
-182
811
-428
534
216
296
780
-728
459
-405
116
-429
976
266
-187
-801
-18
795
82
-90
221
-909
-497
755
-173
265
836
-157
-223
-141
663
889
473
501
884
-451
732
705
606
-1000
-772
-902
650
-543
281
451
451
-253
189
825
665
442
-290
-512
896
13
373
-481
-331
-481
103
-704
691
-537
293
-738
-593
52
-266
757
-330
-403
-391
-681
-574
804
251
41
-637
689
393
-455
143
430
644
-657
-728
437
-62
-185
30
988
-916
462
-432
222
-735
398
870
-846
-490
-746
636
-257
13
392
-538
-880
-12
100
-272
98
586
639
-855
980
-851
283
-956
-858
-759
-443
-662
372
-251
882
-381
292
-609
142
-112
604
-69
-348
-566
-253
33
283
-449
-638
787
622
-221
745
76
-669
-574
-829
-476
462
572
-746
-917
-202
-661
107
747
-66
482
318
25
-740
-668
869
333
-471
217
592
-948
-564
15
93
967
603
-767
-847
-477
655
114
540
61
82
500
-454
663
179
733
883
767
212
-204
-57
-274
495
-97
556
-534
450
169
931
-652
957
-5
407
66
-98
224
-414
-754
186
149
212
435
-567
594
-210
-990
310
-37
328
718
836
357
-719
90
-873
251
223
522
499
763
619
269
179
798
-217
-585
-134
854
-16
553
946
-595
-980
-562
23
251
-349
-808
-155
895
975
221
376
-183
59
324
-142
659
-675
-907
975
-701
201
-442
889
-111
-409
986
408
142
164
-241
342
209
928
-828
462
397
-247
-147
-647
193
517
541
174
-267
524
21
560
-299
216
-651
-9
889
-839
851
255
64
-496
-756
-353
-187
638
354
-61
688
112
18
314
623
-154
-255
760
934
-206
