121
713
637
186
-534
-824
-581
134
711
153
665
-514
-282
-747
-703
320
-521
79
598
193
-887
-743
-479
936
160
-702
534
866
48
249
-551
-264
565
-929
628
797
-223
-831
421
634
48
-880
464
-607
-908
874
350
178
798
-294
-836
-540
-118
150
844
490
-558
347
-256
482
-84
831
-688
108
942
-382
445
339
-600
541
696
486
577
994
200
-820
-123
-520
559
496
-104
-939
319
-663
78
793
-71
311
-780
398
365
-894
-657
-490
572
-304
-632
-347
-247
-781
-647
343
-712
-370
-605
-873
193
789
-799
384
370
754
-946
-708
-243
-853
502
118
-70
-907
385
-9
-124
-924
933
4
-688
302
-790
244
918
723
-810
963
152
-67
-435
37
-811
-953
-333
-771
997
31
235
2
966
565
-43
-151
820
612
-682
672
-289
-82
791
-389
-469
-224
-842
-837
126
-831
-661
258
671
25
296
-992
-893
-172
836
-922
-661
868
-827
492
-262
197
-894
280
344
49
804
-335
-696
916
18
477
-58
-436
63
167
-161
244
-91
-187
-899
-932
-700
-853
924
-347
-302
939
347
-433
-288
-495
170
279
-575
754
479
-174
-304
-303
-740
410
-865
211
-488
-926
-893
-162
-918
-885
-596
75
583
-241
110
-271
-803
662
701
456
465
386
-140
-638
-202
-456
-895
-356
185
415
-703
976
856
-953
18
-902
-853
532
256
113
-269
275
803
937
500
670
903
666
-918
782
327
260
-579
-306
-792
-257
214
203
42
-920
343
-20
-403
990
431
866
-134
213
985
448
53
607
651
-834
210
541
189
-590
-616
942
187
-80
778
-381
-685
711
-388
290
-78
669
-649
-418
-566
-103
-884
-210
565
775
-651
-320
928
-435
614
-65
917
654
202
-689
670
245
-139
491
-632
48
206
-505
271
215
788
-250
-424
-519
406
549
957
-665
-501
-913
-79
328
-979
-590
-741
-129
-527
-51
910
381
416
-29
930
719
-523
939
812
-270
953
28
-159
911
-367
381
-105
108
171
21
-209
359
373
-47
-130
-564
-330
-931
-395
975
-447
762
-615
82
828
349
-186
543
-261
2
-264
560
-792
-347
740
475
-209
-883
407
50
511
-613
107
-777
-366
-776
-221
-520
-611
539
-929
-909
-28
448
-271
-647
55
621
-436
-506
559
319
-201
-863
-641
636
-767
-433
694
899
-688
-744
459
-420
208
-939
-689
725
-22
371
-961
-173
-144
-807
530
-902
-916
14
-978
674
730
216
245
368
-79
-368
418
241
-817
-589
665
965
-266
-695
-200
-879
-210
346
-666
751
-831
789
193
-523
24
430
-295
-461
-876
742
752
337
-584
-620
-443
-169
141
786
237
92
962
-90
-966
437
646
102
-845
-351
169
-832
185
-287
-496
-78
-76
640
436
-872
769
-249
569
-176
624
-31
-777
206
-55
-81
-3
130
-164
524
-635
430
972
-254
-52
-423
954
398
-662
-498
-101
700
998
377
-593
748
-278
881
974
841
233
419
773
-973
-466
650
283
-734
848
-877
-68
651
398
452
685
-869
-863
-873
896
623
458
-677
858
-244
-610
-57
923
-453
969
647
-47
-189
56
372
-592
313
35
-809
-209
562
16
390
259
769
-946
458
-235
98
-114
-861
293
527
276
-216
35
-248
238
-605
-441
710
-893
808
-341
-101
-896
993
907
652
483
66
806
963
677
-145
422
486
-924
-659
139
385
429
61
-406
774
758
48
-536
-258
-895
487
652
21
469
823
-498
368
-18
388
-37
-974
-405
-581
151
816
236
-548
-680
-603
-961
48
592
996
-122
230
105
984
888
67
-274
143
-891
668
589
-608
-67
-964
808
-133
-655
180
514
-856
289
28
-523
-966
664
928
-118
828
-235
-901
341
-357
115
996
-677
-747
-573
544
561
54
119
193
688
758
-434
-119
921
-740
-956
-77
-186
-324
-612
-625
-218
-765
-684
222
809
776
-613
536
205
479
499
-50
-392
-261
308
880
245
409
-703
-484
659
-855
-471
-999
401
-217
-865
217
-476
277
-107
534
-243
-576
-276
89
-802
-61
-49
-16
583
667
372
-314
896
859
762
960
788
-284
206
192
466
-144
-641
-13
-354
-879
-910
-33
610
-299
-61
166
763
881
-459
797
-285
709
-539
480
129
-972
-723
-255
961
-249
-364
-434
554
509
-326
-603
-209
574
-40
827
-724
818
-26
-545
-966
152
990
-673
-120
588
-240
-902
-681
-526
574
838
-294
-909
301
-989
-261
927
438
-8
691
-940
810
173
-117
-834
868
850
-283
257
388
891
-298
190
-832
964
11
-693
237
-487
-789
334
-822
923
-304
419
-655
-498
86
508
-90
489
-779
-649
864
621
-768
-261
220
929
332
443
-628
-115
975
730
700
420
711
-567
470
-592
-786
-766
287
-563
-542
-83
207
603
-966
201
666
594
46
102
-754
610
-141
-964
661
858
186
564
-927
844
-333
507
493
-927
-565
-859
-883
-43
926
-265
917
845
-944
296
687
-179
145
-464
682
507
938
-858
-706
-793
980
661
175
-12
-757
787
-68
617
-287
-693
-485
-546
614
331
-986
-872
660
973
976
-305
238
-152
61
-473
374
511
853
-328
456
-470
-272
280
-720
760
-471
803
-107
-811
-810
-584
437
-699
184
-975
910
-265
912
776
252
-952
-891
-357
786
712
246
672
917
50
84
422
746
-989
983
827
806
-266
-908
-15
-456
25
808
-702
-176
173
-572
-771
-355
59
-168
398
-349
148
-322
-785
-96
676
563
-860
-548
-252
-462
-292
-985
985
561
-958
-779
-570
456
-459
-229
787
-861
817
271
-547
15
-355
-360
963
821
-307
-826
866
-415
-425
983
363
-47
-231
815
118
-913
119
910
-512
-745
438
576
117
800
512
337
396
17
363
-197
-250
-22
69
546
260
-478
-220
413
-609
-445
-54
-604
165
-523
544
613
104
49
319
-316
-747
-268
357
227
-600
-612
522
-711
-938
501
316
431
-577
77
159
-750
-562
377
986
-297
777
-268
-304
-557
123
707
231
393
-675
112
329
-303
446
866
-555
-405
-624
117
-745
-720
162
13
125
848
-87
714
-998
-980
271
-342
854
-420
383
362
-369
114
664
-65
435
202
39
995
671
831
-661
886
402
-250
-86
-452
-894
857
471
146
197
54
87
-472
911
-746
865
-553
-836
577
-566
383
402
-676
-157
-359
-489
683
489
511
-761
-994
143
938
121
-962
874
996
-700
-265
-943
-575
-634
226
-761
912
-196
-915
798
-882
292
994
306
-252
-111
-574
-563
648
-644
-101
-24
-851
-177
-602
-567
792
-199
220
445
984
531
-278
-345
-161
-135
45
-692
187
-624
-626
801
-904
-986
-974
782
-569
-71
519
-898
-459
-610
817
-461
-929
-92
-265
390
-811
-467
-362
-699
-703
-48
-813
141
989
302
170
-224
-73
-372
341
-464
-764
772
-240
953
-598
682
813
496
-346
-136
848
-745
53
126
-560
83
-118
424
582
-671
537
468
-399
594
-429
137
-389
439
65
-802
456
-867
146
-406
49
-682
-175
343
-996
565
890
-316
479
-426
-834
-127
-276
-536
-559
-803
-673
-496
-293
376
-812
26
45
-490
-415
-704
-980
-410
983
502
235
-171
-605
625
683
53
-943
370
208
-440
202
-716
556
-539
397
624
-383
995
-184
-998
-260
862
675
-532
-507
-102
53
551
621
985
445
274
370
848
940
9
843
813
-790
-940
285
347
-811
-484
-858
-207
-998
-366
388
-892
152
582
846
520
774
838
-752
790
-57
-280
927
-261
522
-460
46
-662
879
-214
-459
-626
-621
-387
-264
708
44
153
427
-576
191
450
665
-666
-298
72
2
829
227
-288
921
954
517
-493
630
-984
756
645
-170
-296
-440
100
-459
-516
583
838
-69
184
-912
-170
-202
281
760
835
777
395
-193
-517
-149
-233
-615
337
752
-251
870
375
-864
-20
905
890
192
-644
116
420
488
753
520
688
69
-186
-409
563
-763
107
-615
669
181
84
-676
438
-280
828
-357
97
-959
-759
-106
-815
217
-972
351
-578
628
-534
-342
245
-747
874
79
-363
830
392
-553
-920
7
433
907
523
-820
-532
215
553
-404
-262
-462
-458
113
121
379
982
13
-855
683
-321
-172
-734
15
-446
-160
-506
208
11
64
698
-440
337
-829
-712
844
819
-578
611
-479
-295
-862
-107
933
113
-417
901
464
207
-55
382
8
-85
356
-188
360
-222
-862
742
-949
-167
-722
718
-216
-924
-144
542
-401
-517
169
-552
-388
127
951
-496
-598
744
-951
-660
795
795
-476
-411
12
-282
170
189
274
-142
-636
75
572
-259
-723
-941
259
223
-411
884
662
193
687
-36
-290
412
-422
-311
-609
-274
534
-622
-539
175
517
832
-825
418
402
730
703
387
-537
-194
-807
-479
-948
-660
-845
-891
-733
306
-406
0
866
-913
-316
861
314
941
229
122
566
-591
202
363
795
376
948
333
-894
228
-440
-283
300
488
-722
828
-414
563
-818
531
-706
-201
156
-454
-57
-458
-660
-780
-55
748
463
-467
-203
49
611
737
638
-299
556
-78
394
176
-763
603
-957
745
-475
863
245
-424
265
95
583
92
532
884
-767
756
-231
871
-451
720
-267
-790
-633
824
-175
569
-158
-247
-574
-638
174
323
-138
-740
-669
545
-717
-440
-800
624
-573
-961
-819
720
471
542
310
167
617
41
755
-31
738
185
-309
-561
241
585
-945
-566
-677
866
178
-972
-871
488
189
-877
912
-710
-663
-575
-914
915
-35
363
305
-234
-599
370
-791
846
307
668
-377
733
217
878
682
-397
-529
236
-983
791
830
285
337
-764
-163
791
293
72
613
366
-147
-704
-260
620
228
8
-974
206
-402
-678
300
745
-864
873
944
175
-841
-915
-355
-904
-870
274
378
634
308
230
-190
-606
-406
-472
-85
400
-456
-209
977
-723
-554
-211
730
149
-111
637
-168
-358
-23
-709
238
138
-245
119
0
-590
132
-592
-228
-357
208
915
-255
898
851
-552
-838
95
42
423
487
563
690
-282
158
965
831
401
-111
790
-862
-907
412
534
658
284
224
-851
-563
-34
-640
-596
-658
260
-189
160
698
6
428
-384
-990
-600
541
-655
388
225
-78
-454
255
32
516
-665
447
-19
46
-690
757
94
-72
-427
757
987
209
-216
737
408
-206
40
-529
558
-6
-410
-312
-484
458
982
-473
318
-106
-855
-562
-425
-525
602
-810
-759
-593
406
936
-256
-255
-934
760
915
-81
496
820
651
748
-382
-992
-781
327
-377
433
136
-252
-874
632
841
-255
336
186
-102
711
-631
520
-816
-949
269
-713
765
120
-460
-212
165
-935
-189
-2
691
-512
-827
-947
-68
-157
778
118
22
-469
263
-141
-125
248
806
-582
341
-116
746
819
704
-473
955
-557
2
-550
-453
-360
-216
-543
522
438
-667
557
-393
-93
-185
-718
165
-55
668
365
894
-559
853
-962
993
238
-485
152
774
-274
637
37
-74
-276
-403
577
-278
-354
-362
585
-770
742
-422
139
628
-761
53
-125
-294
445
457
-967
351
803
594
925
576
-816
-427
556
-929
480
569
649
676
-148
-33
844
474
-424
290
556
652
-165
-629
552
-624
485
-279
990
123
884
652
857
-441
21
-383
434
334
616
276
-214
523
9
997
-318
699
-625
-333
-159
-178
-712
-299
541
-299
-262
-137
-401
276
942
-874
700
887
322
670
507
783
-479
-305
681
860
-260
985
-338
127
-875
-392
870
71
-805
-627
-387
-546
103
740
-283
-765
230
866
-860
188
-745
-102
42
-618
-937
288
-532
-677
101
589
917
3
-126
-882
-467
232
-408
466
364
715
-297
-814
549
483
256
-18
-278
-166
615
-375
528
798
-747
-318
-236
929
-19
-421
654
-257
-125
683
-703
43
-540
-356
-43
480
-954
-240
-51
-853
929
-830
-720
-560
497
172
267
-111
34
776
829
-575
53
477
747
225
460
-866
794
942
-452
347
325
-651
-892
-974
-18
-975
364
22
-545
611
369
543
723
630
-647
448
-408
388
-222
488
-540
180
974
-196
923
331
-10
866
-21
-248
-749
-555
-719
-203
810
216
344
906
660
-215
466
206
-254
98
-105
-613
77
220
982
905
-732
-405
275
-251
733
-49
-563
189
602
454
520
939
179
663
20
671
760
108
-606
-977
291
-286
797
81
334
-492
-120
352
-741
-87
553
733
-423
-646
62
646
-808
67
-943
998
952
603
-367
619
886
755
171
973
118
-423
501
-834
362
411
-180
330
755
966
461
877
-864
39
-450
-775
-492
405
-384
-462
-366
758
-821
466
-977
-83
-110
304
160
-371
-725
665
261
-455
-717
-134
692
-664
998
336
471
153
-898
-757
429
-856
-293
-960
-557
-318
322
-66
921
428
858
-297
264
-947
-499
569
-986
910
341
-781
422
512
776
959
301
-570
-724
-152
-493
883
-700
-897
19
284
869
617
417
-564
-25
-736
-495
577
-469
-13
-337
-180
-329
-182
-90
-588
956
218
-612
-760
189
88
-789
-502
788
968
-555
838
590
-384
-866
-285
581
424
61
208
799
332
674
385
5
608
-958
873
-851
869
-685
-535
93
-110
905
441
44
814
571
521
-589
500
628
771
370
273
826
353
-278
670
455
-771
899
-840
511
-189
-425
367
532
-966
949
429
-42
-745
226
-482
-198
968
707
-682
531
-479
-792
999
-684
132
729
736
826
770
987
-319
-498
-332
596
-361
220
205
733
-60
-116
334
-411
838
620
658
908
-233
733
772
823
-617
438
-441
-63
653
167
816
848
706
-724
717
-145
174
-682
867
635
-72
55
-343
241
-560
-661
-903
531
238
-596
454
-546
201
-824
146
-625
202
-984
403
-466
503
870
-203
-21
355
503
-675
-32
-460
172
-133
-60
518
-174
305
6
-483
334
-577
103
810
785
-989
-473
-145
610
-920
340
-671
406
217
367
43
-98
974
-6
-991
77
-844
-119
-655
80
-753
-87
-376
-549
141
112
-129
611
496
311
-801
-342
-966
-289
-566
172
-233
-404
712
-910
-70
225
644
883
817
722
183
623
-407
2
408
398
-843
-621
237
-111
582
-363
870
769
-821
-760
139
749
-674
-12
-779
-390
131
-890
-608
9
-498
-492
-904
-637
-131
197
-259
-883
-361
685
202
-698
88
101
-847
-805
78
-810
-535
-809
212
-106
-214
-764
-500
879
-926
-635
-395
953
631
442
-243
737
-344
-210
-832
-76
-25
44
497
717
-832
595
-587
-417
-975
529
365
-536
206
-23
790
-696
-830
292
393
-408
121
-925
828
-115
-943
428
573
-654
887
680
972
607
-977
-168
680
322
462
178
-239
-226
815
-929
775
379
559
810
-561
-385
467
947
514
607
316
96
-410
700
-912
-835
-706
-69
760
620
178
-680
662
249
444
761
381
-156
281
201
374
656
736
-637
-239
-855
596
-320
469
644
-680
610
-945
213
20
-110
71
-496
-942
-12
355
53
-174
286
759
631
-348
-451
-863
-812
-930
976
-542
429
-118
-877
444
367
580
393
691
-316
-140
308
282
390
918
746
917
-465
233
661
468
-569
-489
-925
328
856
954
744
-373
400
712
-882
833
-1000
141
756
-16
448
-931
-566
659
132
910
584
-432
782
2
781
-339
482
878
-790
-514
274
-552
-257
582
700
-281
828
-792
40
-354
-553
-402
-42
758
348
-916
-282
181
416
45
392
-199
435
565
-290
410
803
-802
-963
547
943
-710
-82
-792
-817
575
-500
-683
-558
-955
-729
650
535
190
-915
841
500
988
20
-278
-796
896
904
760
-979
-579
-320
210
-121
-285
891
-671
-935
195
-144
783
-929
-37
422
-874
-713
4
-918
938
-540
-881
-814
432
-687
995
295
-176
-446
910
-254
370
159
815
-120
406
-735
630
18
-880
223
146
-703
322
808
-522
577
-333
-485
-542
-277
16
-792
-159
-305
-491
79
-250
6
407
793
819
463
539
713
598
194
173
-868
-991
957
-86
-902
-836
-997
200
48
-397
-913
-194
527
417
-414
285
-294
493
-971
-469
666
394
330
-174
598
156
-656
-53
982
284
-292
131
914
829
172
317
888
954
572
-923
678
-807
-550
198
932
-434
-363
728
-10
-260
838
-651
45
-101
-364
-111
273
-442
58
-362
757
-513
-633
643
-431
-625
-272
874
-929
-706
-476
522
380
540
517
347
-992
-148
837
-876
450
611
-372
-765
742
-586
-850
927
889
139
166
-222
58
-694
-414
575
790
-848
-591
-402
402
-170
976
-597
534
-90
-695
-989
-764
-472
459
-877
-42
-237
777
144
867
115
-394
-289
-517
708
109
-782
194
778
-432
-229
584
-172
241
338
-829
-18
672
626
136
318
227
915
-472
878
948
64
-232
320
-554
-17
-605
-845
-602
532
-103
-591
-805
439
-949
-389
-210
-911
456
-546
678
-17
716
901
355
-592
-144
442
-304
781
-897
-404
-557
-785
502
554
778
-412
-61
-400
-60
433
-764
-567
-851
648
276
-247
-16
-84
740
179
-461
312
404
902
-371
-985
992
653
273
-321
616
297
746
540
-742
819
-556
-563
413
-2
-570
510
-594
690
-436
908
232
-79
-829
-290
-15
336
940
-662
-588
-401
-954
925
322
-137
169
482
33
-420
721
766
680
-782
-200
-993
754
373
29
41
-180
665
30
-119
-25
-153
518
580
48
372
407
831
-867
-267
126
-446
106
375
-811
510
550
-326
254
-906
151
417
514
-938
328
-570
333
447
-799
143
-281
-193
-792
-959
915
-577
557
-646
-783
493
994
821
600
319
414
-681
-403
-490
241
50
-354
656
520
-601
-649
-84
473
-944
-726
85
759
104
750
3
-298
-727
726
671
-236
-225
153
-176
926
498
-84
467
819
545
-379
-47
-899
745
8
720
-631
-964
427
874
747
704
-26
432
695
586
-766
-76
-849
900
898
595
-340
-174
128
657
-87
115
-13
-976
877
434
794
-36
-635
-550
421
420
-166
-41
516
-823
760
626
349
-20
-584
519
333
-938
-847
921
488
-669
-988
-707
-205
495
527
-611
-488
-37
-709
-499
359
-68
-119
948
-785
-978
-35
-691
-621
-307
-72
324
-983
-683
956
-259
542
892
71
199
-9
-648
-198
38
-190
-143
203
-505
-8
-192
-120
-97
-36
419
-885
983
-326
375
-149
-385
-188
114
581
971
-715
-312
-671
646
874
719
-652
644
-489
751
239
100
288
858
-400
-325
-8
-418
-677
-354
-575
838
632
-175
-368
776
181
295
606
-667
-112
368
873
60
-894
680
-940
713
-620
-886
985
341
-390
831
-199
-200
-939
-812
-691
967
-69
-431
-125
-775
549
-614
-708
-957
353
-262
-336
8
-632
-574
-935
-308
-644
34
636
627
829
-62
995
-229
-718
311
-412
-999
149
-807
736
-753
217
825
-448
-998
-87
898
-628
650
-1
248
931
-597
-574
-131
-852
314
-425
852
384
780
393
-54
999
556
-695
-864
403
647
594
-664
-69
-193
250
-658
526
832
-506
-523
567
741
-804
875
-525
430
370
557
-617
238
343
-605
-452
-795
-429
-776
-95
362
-611
264
341
-595
-538
914
8
-382
-300
-997
495
-989
-273
608
-869
767
751
898
-957
-829
-662
-530
-954
-568
833
-254
-145
-281
547
-507
-376
431
146
563
-444
-242
-278
309
-421
744
677
501
652
-588
-505
384
239
-229
-864
539
-892
400
824
-770
342
-146
-944
675
858
-312
-261
-688
314
911
498
-23
-62
-354
-547
776
-76
-961
-985
203
387
403
315
-567
771
-470
-660
-349
-727
-196
222
-198
-405
74
744
933
305
-585
244
699
792
223
676
-948
778
815
-179
-388
96
442
614
-830
505
-24
898
411
320
-105
107
-813
64
845
-589
-583
325
-173
956
-496
-602
994
-54
-988
-880
-100
927
760
-578
-729
356
-317
691
-675
-712
-494
-275
-133
672
-404
-127
-916
-31
-905
-29
127
470
468
-178
-917
-796
40
178
-132
521
-198
-769
550
-614
-878
346
212
79
-347
879
19
-961
-929
-82
541
-319
505
-418
-24
-738
-329
-256
963
99
-403
255
-957
900
50
25
561
-113
-625
-280
648
768
-107
550
-719
409
133
-320
-950
281
220
401
57
-995
64
-674
-424
461
876
-150
-804
-263
-565
868
540
44
-193
946
-466
210
320
14
-675
-21
-148
-639
303
127
-792
925
756
-211
877
527
250
-224
-775
140
455
502
-449
-151
-317
-960
-565
903
-308
931
-636
-452
-4
-413
-135
56
881
-317
-93
140
454
-329
764
-205
548
426
540
-442
566
37
-285
211
727
-791
-705
917
-507
829
340
281
978
661
838
231
519
-943
750
682
188
788
-521
-955
-984
-272
-485
834
-269
-333
-263
609
766
-2
767
855
873
-731
212
303
608
-364
-916
367
891
420
-550
-716
-645
836
926
-711
-865
859
-851
-305
-185
24
-698
645
-902
-82
-719
526
626
675
-227
392
-231
66
-461
475
508
388
438
19
106
480
758
883
372
341
-3
224
658
-956
-80
-654
537
-248
-369
-154
-576
69
989
-805
498
926
-630
675
682
-470
396
-452
666
-451
422
-493
929
-938
-721
204
675
537
-400
861
-1
684
-824
-147
-694
213
-534
580
267
410
-689
336
-915
538
-467
396
-658
284
-172
-50
265
216
-421
-932
124
927
428
662
498
976
746
886
-651
-241
816
586
593
-33
857
626
134
321
660
-303
100
-280
-539
-507
-890
-651
-785
805
951
983
678
-30
576
709
78
42
142
-866
435
-76
-270
825
93
572
588
-32
12
-470
-597
-447
506
103
555
-475
-205
788
437
-490
-923
-769
346
-797
-178
-214
786
217
-358
313
503
908
340
-307
-214
978
-940
163
135
347
212
-698
354
-819
854
117
-507
8
-493
710
-813
-911
-209
914
-58
257
-438
171
761
685
-323
-774
194
-810
-123
299
504
-663
-158
-310
-192
-845
-36
487
-452
804
180
657
-954
-673
-636
-293
-52
-594
282
484
-693
-806
300
-485
-724
324
563
31
-617
681
468
-72
-51
-126
-605
-351
967
-352
-145
134
859
743
595
785
127
804
-624
-253
-500
652
157
-182
894
-28
342
330
434
-52
584
982
448
-517
168
27
589
639
-347
-341
-134
-229
897
685
834
65
-289
-92
-656
-878
-63
370
409
84
-829
-58
707
142
939
-956
39
-781
875
303
435
255
-948
99
647
-91
-838
496
-925
-65
0
-557
-371
-852
-31
-640
-109
734
519
-372
-782
454
-108
-698
-399
31
407
120
590
308
434
-626
-303
139
-360
-907
696
952
545
230
168
-994
-173
508
700
950
-22
392
92
964
705
478
756
-390
376
65
405
518
338
999
106
616
-9
273
324
26
-609
-472
-822
591
-327
570
604
-736
-883
169
-386
-500
-229
-219
605
-708
-772
-190
-492
-321
-856
-311
-758
139
237
35
-662
692
-46
417
-595
-282
-172
427
-169
827
228
-269
783
-441
-394
-543
-137
-244
525
283
-288
923
466
-610
846
996
857
85
-191
-962
-194
844
-743
320
-350
-865
330
-19
-526
543
703
-601
-699
194
-927
-786
968
-528
-674
689
-924
40
-739
59
709
-564
685
-422
261
475
-404
-184
306
704
-622
694
200
-670
-425
475
-344
-44
415
39
607
534
93
-751
143
740
-687
-281
899
828
-839
-739
-552
326
331
707
-707
514
857
966
-197
292
577
-135
-429
-724
865
154
-91
-493
8
-995
68
134
121
126
680
-166
474
402
-336
-78
293
-153
-5
728
401
716
472
-209
-244
-762
155
808
520
-379
-495
-19
-969
433
-224
610
252
213
-991
441
-56
797
908
-452
-283
-115
370
817
859
122
873
292
175
-679
-148
690
-865
-524
-126
-476
712
970
379
2
-731
-538
-872
457
553
-37
-267
-926
-39
964
569
-330
-429
966
-955
886
-630
-861
-975
337
-436
-497
82
-607
135
697
-371
71
366
155
172
43
-154
978
-256
44
-685
-612
-416
-845
512
-476
719
875
539
584
707
562
-463
263
882
634
-360
588
565
-613
-799
-346
295
-412
329
-934
930
-97
-891
476
981
248
-766
-402
-386
-948
-223
-668
548
-350
575
460
-568
-89
-886
-192
-325
-695
-908
665
159
-8
-705
-12
-822
620
-823
-715
-687
981
-943
832
-191
-589
712
765
638
-221
22
-522
-322
-87
-457
-482
685
-179
-480
-929
207
-714
-974
645
-785
-631
-849
625
-757
301
-851
-134
-656
-642
751
-735
716
742
-463
-75
553
604
298
-548
277
974
143
-667
-12
-952
-110
-806
-837
83
604
544
-954
-976
-166
-460
755
-140
-443
-366
533
-13
-124
635
-688
97
-419
257
-75
59
166
365
858
866
29
693
293
-350
118
976
228
113
992
-369
719
109
705
-337
-777
78
-160
-335
-218
-103
548
957
909
949
-251
861
-926
971
971
-379
-754
473
-934
-810
133
932
754
-48
-813
-970
-715
-89
395
-558
-894
-522
675
-496
-583
-825
-892
-806
-702
814
808
373
-938
238
-131
-897
-963
873
566
127
672
-62
248
898
-93
11
508
374
-603
801
-662
-884
129
-895
-557
-936
-157
918
252
-507
853
558
887
-442
889
488
-312
-415
-692
297
144
108
518
-705
570
-667
565
21
114
224
-412
704
-214
24
328
-39
-713
-334
-890
-226
-667
-56
531
942
131
17
-918
327
78
-143
448
-491
-91
-812
199
-270
-344
389
242
-105
752
-274
-362
-881
-716
770
634
117
-971
411
-416
-697
379
-869
659
-911
-116
-589
143
-297
39
-57
845
-103
599
-712
-178
135
488
-997
605
788
-879
519
-911
-602
-465
500
-360
-305
-46
901
-375
-755
-410
-110
269
-289
182
424
-18
-318
-437
-294
295
-629
-580
393
-214
-505
731
-704
-807
-402
-649
478
-191
-610
159
-237
-801
617
-925
-936
-912
542
-218
-886
828
959
794
-754
904
-293
444
-812
145
985
5
266
811
-193
907
-991
917
72
267
-99
-153
969
96
-467
203
834
-505
174
493
-890
476
-851
344
193
-2
-897
91
-988
922
-500
-3
-30
-184
-936
-161
764
576
-544
70
416
542
-196
-177
-365
557
-630
-698
478
845
717
-813
450
-727
847
-934
-252
-348
67
94
-573
-634
559
213
-34
41
118
-957
-70
441
-215
-750
178
79
-893
391
-301
-360
-707
-622
-184
-64
793
529
326
-464
409
5
583
420
796
-758
-356
677
-386
89
-101
521
692
513
26
684
275
-98
-128
-927
126
464
-912
-838
120
291
904
-734
483
691
-584
-200
-751
825
-280
406
335
-573
-659
-715
-40
54
53
929
917
-177
797
991
600
855
-130
405
980
-377
-509
692
426
-622
157
-701
-608
-361
-185
-501
-141
-550
-875
-274
301
227
760
660
187
-466
998
547
-607
-955
663
-735
716
-810
-872
-294
972
-722
818
-188
620
9
403
-76
-928
373
-526
643
-218
374
594
-616
221
848
128
507
301
-706
-493
961
-620
-470
-828
-629
258
192
-349
-337
864
-643
323
476
-362
996
-378
-93
-269
-549
-585
18
291
-445
971
966
-516
-242
569
-408
620
-122
445
226
-329
377
-748
646
-339
-162
996
871
368
-923
-844
475
108
949
722
654
-870
-199
878
686
-612
714
-844
403
17
-99
-293
259
-262
-357
58
421
-177
-244
-651
-425
-871
-272
-814
919
73
-97
10
-781
-339
-955
-432
-723
464
-773
541
-880
595
855
100
-306
663
-398
-334
-535
-62
902
-64
-458
309
-505
52
-302
-887
-998
-770
-173
-294
-731
-13
418
-824
534
709
-688
191
336
839
66
-799
759
-511
902
-824
614
-1
-725
-771
-148
-78
-547
134
957
-68
742
-33
218
914
-533
-495
479
114
838
281
-257
680
530
619
-954
-788
838
965
36
-593
-122
-60
527
316
331
-936
654
-324
-252
14
-722
85
688
221
-860
662
7
571
921
964
-694
-231
944
-978
-734
-207
509
-444
-672
-619
23
-638
52
-57
533
530
556
-217
-953
-343
-801
-720
40
343
-269
-189
35
-207
802
-997
-866
253
456
413
273
421
-361
571
-164
403
-1000
-385
598
-824
-938
-182
-894
-761
371
-936
782
306
-633
102
-170
-47
933
-295
-465
377
722
822
198
-108
-186
452
-486
-777
387
-785
242
-272
959
580
141
-766
-109
-843
161
-264
733
-105
-629
-252
-224
531
797
-727
-337
-622
-647
-516
-592
635
172
-326
320
581
-618
-237
601
527
-448
-155
301
-787
-107
-502
-947
421
5
-976
-781
-19
-1
586
-967
13
-228
147
-922
893
221
-935
-508
880
652
-42
-721
523
-231
589
-30
-187
563
906
-448
910
-340
-801
-465
-872
997
-644
-840
245
750
120
-698
-964
-177
-922
383
-45
-415
-20
637
384
-501
-988
-797
-16
389
-359
349
-161
-899
930
-28
-515
573
192
96
-897
-221
574
-292
742
638
-575
712
344
-969
638
-1
-427
731
763
773
142
990
-443
191
-152
-56
204
-149
-30
159
682
342
176
-773
766
-4
651
-24
509
-604
798
-573
509
662
-370
387
-331
-232
680
785
552
934
431
-722
647
-242
-687
-990
-421
-841
-405
-704
846
-132
194
-43
-667
101
-877
-951
183
645
778
-204
786
202
-194
897
182
944
260
587
-805
612
27
587
74
862
-486
-766
776
-330
-894
-799
265
-536
-156
-610
-752
-394
-239
499
634
-708
-377
-483
-365
633
-146
-641
-532
-132
-899
-791
627
-624
963
-159
-996
934
379
-196
-422
329
-851
661
701
-648
761
-857
-941
494
915
-916
765
-683
34
-906
50
483
804
923
475
780
166
-962
749
366
80
-193
-185
18
447
-895
179
-373
-365
-441
-220
616
-389
559
-338
52
-235
-346
-748
356
86
-366
-759
-573
-367
-145
-593
761
353
-520
-287
-646
558
440
810
770
138
782
637
704
-503
-378
-887
-730
904
492
-889
3
-463
-364
-737
397
927
-54
-85
-349
71
658
235
30
454
-554
-638
-740
897
75
359
917
-481
528
923
539
631
-364
-941
-130
-298
238
-554
589
-567
698
783
-708
-651
-101
-618
835
432
721
-891
-968
-627
42
620
-228
993
-276
-501
24
-672
176
975
-208
-303
417
207
-830
-309
-712
-154
-59
-158
-816
430
992
-202
-575
443
-74
-313
210
794
666
-117
-868
944
434
-111
981
150
50
480
-375
-634
939
-774
247
-277
-5
-664
450
461
177
475
382
640
-745
-546
-430
-768
-810
-314
-494
333
-35
195
-112
607
-51
-257
-514
-197
-465
386
-830
-458
184
-537
-163
658
275
308
902
-995
778
247
-657
-318
324
317
753
-60
602
46
-137
-817
-406
620
536
-66
51
-558
669
281
-191
-250
-529
199
338
-41
0
979
279
-212
185
940
254
-605
655
828
388
-526
605
53
744
-358
731
-968
-101
-835
783
705
-403
-210
-78
-388
621
-696
-327
-742
118
-972
-298
-422
-738
-113
997
-710
-19
-424
95
780
-873
-736
-58
238
713
-789
-801
955
-559
-680
-815
498
-764
341
-932
887
-20
-102
-822
640
-675
717
631
-425
-161
534
-405
-396
-570
641
327
-70
-154
503
-159
-569
-810
-995
309
927
96
342
551
989
-604
683
-741
-6
-332
-129
31
-263
219
-145
-76
117
-214
-296
-982
119
914
57
-143
-113
542
-615
185
-769
763
-451
-281
252
-275
-722
-161
-136
-700
38
-58
-314
-825
655
-416
-304
960
-252
273
-54
-214
-908
-328
-61
371
-98
435
-300
-649
-760
226
-296
706
778
135
-339
-347
-503
522
894
-34
661
-867
951
-249
-122
-412
-485
-927
163
658
120
-288
22
750
657
-762
-401
-270
925
-830
612
597
282
388
744
514
-130
837
-603
357
-372
-882
-471
-216
940
-894
729
-670
264
71
615
672
-391
865
-514
-334
199
151
-194
683
-173
202
649
891
-586
-205
238
400
47
588
-825
485
-964
-561
733
996
-897
886
794
-148
465
303
634
-525
506
512
-46
129
122
-968
-648
340
-26
-125
-970
-844
-250
-239
328
-778
-353
227
893
-933
-574
-420
-499
-683
544
581
41
-881
45
102
-688
345
528
-275
-235
650
16
-78
677
705
-913
-391
546
273
285
679
-212
744
-329
-917
145
21
-350
-339
-871
-191
-659
-904
77
-845
-106
247
-829
62
712
623
-39
356
-852
635
94
-37
503
51
435
-867
945
692
-968
923
-696
-604
154
960
-313
-481
-448
-615
884
763
763
-989
424
-807
-230
-306
-490
22
136
374
-365
716
-558
-504
-4
-400
811
64
-760
584
371
10
-434
-641
124
-657
747
-124
376
144
-716
-337
535
-513
-260
-631
491
633
287
507
733
933
433
435
-549
-64
-779
-143
296
126
11
366
310
757
73
-48
228
