-611
983
182
460
-881
25
517
504
450
-19
104
315
107
620
724
275
-620
-247
-160
-104
-70
515
776
352
-991
-493
433
428
423
-822
-308
-772
766
167
-495
175
796
-989
-326
663
210
385
780
589
-266
514
-966
725
735
-986
833
-56
876
-997
-529
-485
376
-51
890
413
160
660
430
59
-356
-587
815
327
-799
-401
703
-545
493
-857
-956
-494
-913
-547
899
605
-209
-796
357
512
-646
638
580
-915
-9
297
-465
-416
-506
662
-11
841
113
-420
538
257
422
-40
392
-561
866
-832
453
13
433
-698
-692
503
-474
3
810
816
384
-818
713
868
35
-474
-509
-680
-580
806
51
-637
294
987
185
-745
851
792
322
233
-585
681
-890
-398
-429
-175
-3
607
907
-615
-911
215
245
599
428
-831
-971
-507
-736
795
-919
566
556
654
382
-150
-265
647
787
-862
637
-448
-365
493
974
483
904
566
876
-666
306
-91
-324
-541
-267
-285
-939
-760
-544
-278
-538
-384
-770
-562
763
98
-954
854
727
-945
570
-101
223
-520
-685
738
-831
-1
486
408
174
71
-104
660
-626
363
-97
754
-537
-647
-419
-849
-759
-248
43
-835
561
-233
-747
-704
-607
-428
-444
-659
-353
334
-426
36
-104
-605
-221
422
-806
587
273
910
261
477
-697
35
-573
433
449
29
-260
-223
696
-122
998
-875
-682
54
179
567
563
-596
-381
458
-524
996
-343
-292
-399
386
-863
562
507
-103
516
-914
113
-371
-492
421
-265
546
-342
-711
-246
-158
123
903
935
562
-489
406
-850
461
-227
44
994
-508
642
471
578
848
-137
-648
-467
-785
-992
415
-441
-795
-944
866
-744
962
-837
292
-223
-429
96
45
14
-956
639
229
-541
662
-368
660
1
-830
-779
415
436
598
710
523
317
-255
893
-274
475
603
654
243
-23
222
-478
-788
722
214
-410
716
243
775
46
-672
-871
378
-107
801
-154
162
793
109
-629
-77
-60
853
225
-341
55
175
674
807
325
386
-453
91
575
-779
455
78
782
140
368
925
-186
134
-785
792
793
487
-611
362
-908
-748
691
-711
-880
990
399
-369
-93
-555
-314
103
578
766
932
655
-928
60
948
544
546
286
-925
752
-646
461
727
705
550
993
504
-624
-807
-757
411
-672
-107
134
-640
-664
594
702
557
-20
-976
996
-679
-663
-29
172
710
787
232
-276
938
-931
-33
480
179
-72
31
-819
-167
-993
-161
632
-284
488
-523
151
691
47
533
-12
-135
189
-866
281
807
856
570
-974
-453
-569
305
-240
-280
-293
-111
-154
-229
-434
357
85
-653
-685
-304
-622
-103
-882
122
-72
518
-590
-275
-724
-956
-668
593
879
456
-669
283
-42
20
354
677
537
-118
255
156
-693
331
873
68
71
-203
107
729
29
608
-586
605
951
867
322
-847
-708
158
-36
448
-149
-533
921
149
-594
998
539
812
-382
100
-531
744
-177
-204
-325
-753
718
553
-907
-740
-779
-286
467
-313
-663
-99
-691
-721
-233
-621
-359
-149
-534
411
-295
-920
-869
128
-593
153
-570
968
-493
-923
606
-879
917
-150
-722
-125
-491
602
-749
900
77
513
643
-169
-317
887
-968
968
-174
-610
141
208
-358
-153
620
-684
-704
-752
315
-583
-265
-971
-3
-50
784
999
-386
-868
-976
698
-286
652
-119
-602
-644
-528
-22
-788
-302
716
-142
-667
-876
531
906
243
878
196
771
964
-246
621
451
527
-505
149
266
710
840
136
150
903
558
764
-532
684
-389
-630
704
650
-103
551
-787
462
-931
826
942
444
881
-28
403
822
549
183
-261
967
836
881
976
-83
670
601
-294
442
555
-202
41
417
-315
-870
183
89
-945
-58
832
480
-997
-799
-297
211
748
353
-388
337
937
482
709
133
8
-439
410
-190
-225
322
442
215
-625
-402
-954
-570
-504
193
909
-742
350
244
520
