73
-995
-835
426
-78
-314
432
-424
856
-654
-879
427
-367
-376
387
386
865
910
-437
303
-748
-382
-952
-481
-238
-154
-258
174
-376
-934
-562
579
209
-902
838
577
-547
-451
-3
589
491
613
-656
-381
191
602
274
121
26
592
-376
-990
-675
647
622
332
692
289
-552
-346
687
899
436
959
-77
823
-36
621
-940
462
-877
-763
755
-574
-88
-138
885
-990
792
-73
955
-167
-842
-41
-683
24
732
158
706
901
997
-867
223
-665
791
-555
656
-829
-189
705
-672
610
569
29
119
646
-738
606
862
-664
150
-840
114
205
290
-210
179
946
281
587
-766
-920
-568
967
768
30
-529
-365
-686
644
-179
501
-644
906
-755
-560
-838
910
38
-780
790
397
876
-328
-540
485
-518
43
-519
282
639
-583
-721
966
-675
833
-856
-785
-472
442
-508
119
-165
-42
80
859
-923
542
914
-161
-642
-415
741
862
547
-86
-401
563
815
107
770
-864
230
-442
-708
207
-436
71
-698
-410
285
442
426
-896
-389
-3
388
466
-804
365
121
375
-664
142
-832
337
623
-937
399
-647
935
-566
971
70
418
158
-736
53
585
-543
-487
-87
-453
653
241
833
182
-269
355
494
909
96
259
354
878
-870
-252
-749
805
202
-370
-518
238
190
641
845
-570
-827
928
413
-739
-597
949
18
200
740
-146
-157
-150
-335
820
-986
-884
667
560
-312
859
416
200
-808
592
617
-913
-30
651
948
508
392
-650
622
-267
206
-887
498
-951
230
-308
958
710
-928
916
-156
964
99
968
300
120
998
334
690
104
914
812
937
-846
805
952
613
859
643
-388
612
704
933
-940
246
76
-709
138
208
57
329
593
-259
29
318
276
-329
-843
53
-82
183
681
-735
788
949
637
177
-875
700
533
134
-5
55
-820
853
-952
-293
679
236
-460
50
-813
489
-675
15
359
748
725
-93
204
-972
864
520
-662
-217
-57
687
-279
506
292
-145
-113
362
346
142
-326
-949
-212
1000
-727
579
-396
-287
530
189
-265
-223
-540
-341
-478
646
479
880
-259
-812
216
-917
-97
873
-496
-451
-132
517
-629
579
-648
-369
-851
-546
239
244
472
-905
-858
397
-733
-194
87
595
743
46
948
273
-265
327
622
-401
-985
-186
-942
181
898
987
-812
467
503
677
-169
-444
-240
-613
-557
952
-228
-405
278
796
929
813
-293
-195
-745
-145
783
-894
173
834
837
431
-166
521
-607
86
983
981
-519
-585
-868
65
842
636
462
536
-122
-934
-513
-46
468
-526
823
416
480
-987
558
355
-917
531
68
864
-866
346
-357
-152
660
-364
732
-922
-141
-387
215
-699
-137
-332
956
669
705
-673
737
571
659
-667
-318
20
534
-790
-960
121
-601
-248
-557
-962
-574
-692
-595
983
-721
40
-916
-439
-343
-97
876
-501
-865
387
70
208
99
-35
462
769
-748
69
-187
-566
-463
421
-860
-840
996
496
-530
766
28
-38
-485
-453
782
499
605
-667
-319
929
305
478
959
646
704
-437
-302
-166
-856
-57
885
-416
338
-673
-245
-903
-430
-924
-702
-225
-531
-429
490
-853
-550
-256
-107
-583
-513
-389
-645
230
840
-636
-859
967
743
869
-520
-588
-877
426
338
-596
-836
747
712
245
-893
510
229
-727
-155
-555
157
-286
-504
-290
-300
-239
703
585
-777
493
120
-283
-576
727
778
470
59
-180
-387
220
826
392
-381
-395
-836
-709
732
158
-786
122
427
-108
79
467
916
912
-874
658
622
104
-421
-312
-53
-9
712
379
16
729
541
-530
-792
-996
295
-455
907
-713
252
264
-446
624
752
-824
-387
893
446
-938
649
752
-283
931
529
-656
-223
-983
684
-379
-732
661
93
564
-188
947
-701
-668
-552
-431
-558
471
-727
364
182
-807
-471
923
-195
-114
-862
-939
652
988
728
883
-595
-183
-109
764
584
909
-477
-841
-12
-708
250
-240
102
894
875
-920
-401
630
200
846
784
-346
-562
-6
-782
466
464
816
907
918
201
-879
-398
259
173
165
651
-592
44
757
368
-532
-457
660
-401
-719
137
228
192
726
-504
744
361
-520
600
416
869
-484
596
-401
-499
-951
773
-804
892
-249
854
-576
-8
563
-323
309
393
-566
-833
925
193
-157
-35
88
-959
280
-8
12
-606
-818
-629
131
581
-812
489
264
368
-460
-78
-529
304
-166
-471
-721
463
396
422
-334
383
652
955
-129
52
38
619
360
-930
-382
-604
632
-97
574
-953
43
419
426
-477
-187
-100
653
736
395
-785
-493
211
-392
-837
-225
687
916
-169
-346
316
701
-935
-258
-625
-518
243
-402
-671
454
-888
761
434
771
-419
653
-39
-649
-138
-200
879
-769
-650
-325
-36
715
-235
-584
-953
-466
-479
530
467
-344
-732
751
164
180
-70
-592
-804
339
-794
592
-19
153
-855
590
-996
-899
306
-770
-140
-955
-420
-182
-113
521
351
-879
-702
-923
-818
939
-258
-938
305
446
-767
-798
13
974
579
-178
670
-39
495
-883
962
91
-549
-551
-326
-564
517
-600
-805
767
-554
-884
328
855
-455
677
824
419
-106
-519
494
-238
291
717
-933
-372
-634
-581
177
-217
-398
-129
607
693
400
-724
675
100
-553
853
-246
-747
493
-561
-164
-825
370
-137
721
-652
618
173
913
666
-555
334
-492
-367
-696
305
-158
-964
-100
231
270
-613
-116
-348
-875
731
-336
938
-607
-79
-265
-919
18
-42
155
-47
-708
200
159
907
432
-527
84
-757
279
413
805
226
-313
51
-673
699
365
228
440
825
-992
-238
-898
-35
-491
-470
452
-205
-445
5
361
-107
524
770
370
744
210
801
201
967
34
-612
986
122
-325
-37
543
153
-479
-400
-276
-998
516
432
649
276
337
-480
-436
110
-381
87
-699
-10
-279
-510
-816
-960
-647
-193
783
221
763
222
963
504
320
415
513
266
184
431
495
-225
-170
240
-620
-437
451
331
602
-790
213
624
-129
315
-70
-840
-906
115
-401
-65
-688
-465
-305
762
-763
787
626
-793
233
-802
-72
77
-124
-6
809
-591
-222
-133
-829
739
-645
-288
246
810
663
-990
680
-580
-725
-96
934
75
-126
-722
736
831
-294
-70
-285
-30
-221
-627
389
481
-896
287
-494
925
-538
-271
893
60
-562
-540
-328
381
-975
374
-167
-356
-746
47
-644
335
-48
-318
875
180
627
261
677
-665
567
-153
564
876
312
478
-299
915
-651
479
980
274
-365
908
-630
818
639
833
665
137
14
432
-651
-112
248
-179
773
-845
220
-960
-349
-975
308
754
-48
-1000
-859
-366
-273
814
-762
355
-863
-119
277
170
406
974
792
-837
-639
418
200
-420
939
335
-339
153
-562
215
559
-347
707
997
500
591
-584
-460
-927
-736
512
-547
470
-370
-307
584
-600
559
-522
354
-477
360
-20
690
-246
-479
-990
-205
168
901
-908
587
-580
-1000
-501
-496
-60
-446
966
-964
-213
674
-844
-426
451
464
-873
587
-71
676
218
-722
-647
-462
281
-267
-239
273
119
-824
-923
877
994
-221
-899
726
-178
646
778
166
-273
70
-91
-744
816
941
498
879
-160
720
-682
-126
-243
908
420
808
778
-906
177
-978
-678
306
-798
-65
126
32
-141
-21
965
-258
138
198
389
-563
-421
-163
-972
-111
-465
-992
-606
-147
-237
-388
480
-747
442
639
455
-76
-238
946
955
885
-52
-802
193
-411
310
-649
836
632
294
-44
-400
494
-388
-609
-331
-320
-13
597
3
-214
434
-264
184
-922
-359
-474
817
-782
122
-876
306
198
-123
470
124
701
20
-96
112
122
192
551
-475
395
277
378
907
414
435
-810
-516
115
270
878
956
874
485
-531
-974
44
-498
-520
-742
-562
-30
-818
891
684
383
-637
159
-520
-47
-120
-885
-959
647
-569
-766
-930
-880
706
-207
-332
140
651
899
-496
614
-226
513
-382
923
-992
588
97
813
-556
66
-307
792
740
-904
-916
71
448
-560
-622
245
-648
-498
898
-441
-853
131
-68
2
662
371
-511
370
646
-679
682
-164
-988
-658
-568
-865
-939
-655
-882
-447
-541
-606
768
-853
-639
718
-387
828
239
-984
703
988
4
-802
151
-122
-927
396
-720
-715
225
-299
-796
569
343
453
-223
944
-477
716
13
535
459
965
-677
86
617
984
-320
213
995
-792
-75
36
377
17
-28
263
-685
-863
-693
-836
-138
356
-856
748
-615
274
694
237
-676
-200
155
-548
926
-227
-280
176
-676
438
-599
722
-874
35
-154
356
-997
-778
432
-764
363
-555
-566
-748
-495
-545
417
927
-389
-933
-360
316
-648
962
488
-565
982
-717
-982
-385
3
-342
897
978
-428
818
584
-327
-117
50
-624
150
258
240
-471
-903
-692
-577
607
-889
788
723
381
-451
499
-416
-55
675
227
756
-674
-62
-286
171
906
547
251
-606
-684
385
-171
12
787
196
772
-818
349
385
702
-819
549
-423
-280
974
-771
-29
670
-114
-554
252
933
-512
-976
658
-527
423
-857
-944
209
-71
982
-677
-629
-863
-144
-649
-46
-364
-45
-846
-759
145
307
600
446
-679
-68
110
900
-524
724
-630
391
135
811
247
60
-318
340
-86
-167
-761
632
635
272
-401
201
219
951
-640
-647
-820
239
-997
-965
-860
646
-799
-735
-691
-664
324
-352
-338
583
406
222
901
344
-222
98
514
82
233
42
508
385
781
-720
-240
268
-72
324
415
850
-836
128
880
-531
312
-494
-601
82
-866
-279
-874
362
970
759
-812
651
546
-463
831
13
987
-454
769
-875
600
149
-263
-385
-780
475
609
714
-149
455
-331
717
-575
721
-146
790
-519
950
-652
-399
381
819
934
-679
10
652
936
-881
254
782
-331
-156
526
548
-745
-333
-917
-626
-474
166
322
-873
529
-126
-220
149
740
-636
10
902
-89
-148
239
-305
652
-347
484
904
-665
-271
616
877
-2
805
-942
-787
-213
492
-377
-753
798
-332
619
-982
977
-397
746
964
-610
-151
389
461
556
543
903
-195
-794
-861
509
956
-413
875
953
-443
-972
632
228
-932
539
-533
-894
518
141
-79
-773
460
779
-673
296
-545
-478
290
4
-231
-166
-545
113
-16
30
-700
304
107
-276
-208
-991
-80
694
-544
-977
-127
717
-803
-849
-305
105
-359
153
-742
253
-969
853
941
295
488
-705
655
410
-158
-41
-297
241
717
-322
629
841
-666
-289
118
46
-999
-624
186
-72
467
658
-326
-369
-207
2
-434
-114
947
-501
959
720
143
943
558
-692
-161
59
-134
970
-449
356
478
-826
-108
-194
-835
597
348
-253
-541
-510
85
-761
-83
-978
-284
-156
-936
-385
110
-650
324
226
-891
-538
-363
364
291
667
577
-75
135
-543
22
439
-98
-633
-806
-938
410
154
996
298
209
722
-942
-262
-518
836
320
-577
-295
615
-318
788
514
-220
469
-619
421
-901
115
732
617
20
249
-345
-240
65
63
763
-117
-304
-68
-830
-97
379
283
470
363
175
31
714
-67
-739
-79
556
408
-10
35
177
-751
291
227
-833
-214
-857
989
-968
91
-582
-904
430
799
194
-573
-466
-727
670
-651
-603
-31
-489
-448
540
-770
265
85
-57
500
-255
-355
886
-237
-416
-692
-275
71
944
178
-902
-144
682
48
-777
423
524
736
789
-375
487
922
-408
-474
97
627
-38
-94
464
254
-812
767
617
37
32
-88
307
-575
-254
-527
-425
31
335
-266
68
968
-406
-798
-691
-484
260
642
36
693
615
21
419
-470
-521
999
-11
-59
-931
-183
319
-258
432
-65
-872
-514
320
-301
190
234
-144
867
-171
-462
367
857
307
-650
-852
-205
-129
463
601
-857
-989
853
138
-648
190
92
-691
898
887
-934
-269
290
-9
-226
304
108
-728
962
-777
901
650
-266
779
-398
812
598
-265
564
246
-341
-153
-212
178
-519
-55
126
-511
627
-106
992
943
-652
-985
-990
-621
-688
249
733
-630
447
-1
-176
-744
-477
-836
-458
-145
-191
-300
677
-60
-814
469
455
36
422
393
175
139
692
-345
5
-292
45
-177
-306
-71
600
296
29
-806
-500
-12
881
-895
334
846
-822
-772
-209
134
913
515
-540
-680
94
-568
402
297
444
48
666
210
155
-234
441
-100
652
501
-612
-450
796
-985
-974
763
-939
-152
-449
-903
-134
724
920
900
-506
-828
-108
548
-486
327
-475
184
-329
-708
-672
710
1000
432
-832
459
508
-304
269
-563
-515
-797
-187
108
-4
-578
350
-684
70
-474
-468
110
-63
571
-986
961
-756
-305
478
9
-250
778
-328
619
-218
802
-305
-459
945
949
647
77
-748
-185
-669
183
-8
-412
-788
-836
200
516
-659
529
697
-70
-405
811
177
-880
906
-608
-16
46
97
415
89
730
-821
-483
-999
-278
301
-241
-275
264
-767
842
-650
-114
-543
-986
-489
479
-273
-810
729
653
844
-833
214
366
225
100
-346
803
467
-353
-405
795
392
926
-358
735
440
-572
724
-450
-343
879
840
-101
-438
-294
445
-96
359
836
180
546
501
481
-69
-279
-826
-294
-970
-205
663
700
-775
448
136
909
-353
-483
788
-607
-178
-525
674
435
986
-932
162
-931
-77
-879
-388
-774
758
-312
461
-36
-438
356
679
375
933
961
-659
-751
752
471
-396
618
228
-23
823
812
-581
655
-806
-439
761
-963
-606
398
769
708
-934
286
-535
16
269
822
342
-350
-114
175
-391
-388
60
-920
-643
943
135
-968
280
-355
848
962
-133
-72
804
-953
631
-25
260
-313
-614
9
-864
-438
-661
-367
605
317
-157
-567
-904
172
836
545
65
495
-477
-475
228
626
-509
491
-803
-935
-341
-287
-503
-383
-323
557
105
411
487
584
588
831
16
874
868
102
769
-363
525
717
-887
-258
447
193
990
-78
413
752
743
958
378
-761
-541
288
352
-144
-37
-79
-550
151
55
-226
-404
-953
164
187
-373
299
-699
-925
-734
401
-573
-225
-171
70
-403
211
-842
-868
-76
-430
700
645
94
688
320
-393
293
-513
-603
975
22
94
488
205
419
-451
-605
-835
245
-118
572
-229
304
-518
569
829
882
-656
839
-47
-290
-888
616
-776
-979
546
-727
756
803
-994
-82
-752
534
727
-875
205
-682
-965
-389
957
609
-961
-250
-509
-548
-456
903
508
88
-241
543
703
-591
803
-805
-24
115
-361
532
838
477
226
-831
-144
795
-929
-232
413
819
-871
604
942
-464
264
612
362
-865
577
-822
-186
-841
-300
-195
973
118
-292
-444
351
608
-947
508
14
-953
-776
-60
510
-711
630
782
903
602
-888
210
-523
235
757
310
-884
570
-889
471
155
-501
535
528
-891
836
172
870
209
-249
-161
-819
-455
-832
611
-689
-188
824
-638
-617
373
-25
269
714
143
25
-389
951
763
743
-572
-54
36
575
-200
-174
379
-354
906
-254
661
675
-733
578
-804
-804
372
-758
289
460
-478
139
-913
990
-153
-903
497
-42
913
488
246
-672
-934
-706
-729
78
117
-947
-789
-554
548
451
366
615
-512
516
572
218
594
-75
-590
302
-943
249
725
711
732
-829
-234
315
-210
-57
654
-168
158
992
210
829
-163
869
-385
44
895
914
-182
779
444
-972
-172
831
381
63
-880
-168
270
-284
-992
52
95
-84
46
-989
-822
-975
-585
-497
694
547
782
551
896
-847
563
143
-984
475
-241
-522
728
-395
-344
-63
206
808
699
649
477
75
-522
-258
-249
-99
450
-772
421
62
-751
115
-404
571
-982
622
839
-375
897
831
-256
95
-188
-216
-609
458
422
-289
-652
613
-981
984
172
673
53
427
-68
391
530
822
342
-548
22
-473
-503
-966
715
586
943
-687
290
704
360
946
-547
-442
-763
805
-997
-713
-338
-459
-308
174
-602
-946
-176
122
561
283
-11
-584
193
772
0
350
-440
269
-559
81
-825
-159
-259
733
758
-731
90
-879
389
297
-752
808
-253
-644
280
-857
287
246
-17
460
152
-715
-558
373
-739
-392
240
-397
-446
353
612
-577
-518
-449
-977
310
276
-622
814
-476
-864
596
795
-456
783
-467
822
-961
256
362
329
521
-233
-820
797
15
-85
-176
824
126
-256
-529
-556
-188
-545
361
315
-725
-684
-845
159
-6
-954
288
-956
-63
-322
-299
7
-990
-410
-450
548
338
606
177
245
-279
211
12
-5
-319
43
448
-582
-2
-562
-344
345
-670
-358
350
-700
-438
-858
-272
868
-527
-127
453
868
802
-294
-727
645
887
871
-182
197
373
377
695
50
457
-572
675
856
-117
922
912
733
-563
572
-609
594
-589
557
582
549
482
-796
-948
349
47
-692
-430
-291
-43
484
968
-153
-971
404
-946
102
32
-509
-439
-229
-89
-317
711
-950
170
956
98
450
506
-196
384
-96
-440
-308
593
-268
-963
606
-654
37
955
-915
-974
-5
822
-703
196
-588
-563
932
-835
183
-577
-206
-419
-365
-413
178
-660
-681
400
-337
-653
657
-426
592
-604
256
638
-821
636
-847
-170
988
-894
274
-916
335
-749
233
-682
632
773
-430
-787
-755
342
917
735
485
400
-876
-665
-898
207
314
181
-651
86
496
-766
801
95
-584
239
531
666
217
721
635
927
-557
752
105
-891
36
-47
667
496
-631
-877
-789
821
-622
596
-523
969
737
476
-807
20
716
388
-986
-826
-709
-265
-724
320
479
883
-597
-783
387
-933
762
-381
-297
596
-552
-316
649
-178
-964
-929
269
413
901
696
878
-280
370
-172
-589
400
327
-732
-902
-911
268
774
-980
-869
-377
-783
-87
-795
101
-861
277
-242
508
749
-427
-142
-550
805
-216
555
879
429
7
-454
486
-245
-494
375
-709
-681
435
-931
362
618
558
255
-507
-645
-132
297
713
537
-55
-925
679
-599
635
-416
-655
835
-403
-220
669
-878
-251
641
-627
792
64
-931
-587
-908
507
583
-615
432
311
309
-889
574
-448
895
-9
-581
-446
433
181
-48
460
445
183
-633
735
907
788
740
184
955
833
483
768
-646
-509
-11
-752
-175
-171
-431
347
457
476
-490
-251
315
877
125
-977
281
410
-572
-768
-284
-619
-733
-419
-403
37
-971
-809
592
247
-476
588
365
466
-455
-193
-90
916
-769
-230
-640
31
-42
-950
637
867
240
791
929
997
181
-814
-576
720
495
559
-333
-773
544
529
-457
625
-291
87
-766
-80
141
-642
-496
-370
-682
-32
-423
783
-347
187
799
726
-503
-927
37
-584
-665
-146
-654
-591
-664
-421
774
-924
261
-184
582
-168
-886
-281
328
-32
-626
-271
821
-291
-401
-972
83
-387
680
2
915
341
-346
602
429
779
738
-529
866
-476
-517
-276
-717
-743
986
599
-587
-390
-711
-703
42
-966
-230
-302
642
467
639
-350
-326
376
748
98
-856
733
540
-184
-796
135
398
253
892
753
122
-515
-466
-817
-419
-135
444
-679
579
795
-461
-107
-66
429
456
-650
-289
-203
-603
-233
557
898
-355
-346
-57
-219
731
540
209
510
200
-47
-586
559
273
-952
317
746
-198
814
116
996
-37
497
595
574
734
573
266
164
965
-809
894
149
-899
672
807
-664
-850
-804
731
-717
-602
-167
578
-909
-518
812
807
-208
211
-185
-717
351
-882
-273
973
-588
791
-537
360
834
-483
728
934
-255
112
951
31
-939
118
-897
-433
719
194
-502
882
-858
-729
-309
-15
-797
-228
855
-154
131
-464
-59
711
994
-580
668
195
-359
-709
-8
740
-122
-650
-807
350
-730
483
-972
-295
62
63
391
-84
-165
-613
465
422
-795
-81
-598
-680
459
893
-678
-528
293
-643
-139
428
-275
940
-11
942
-497
-39
-615
289
-520
304
-122
-330
298
445
-145
-94
33
562
951
243
-424
-21
209
141
-478
21
-307
967
-44
294
-929
-884
785
-459
281
-40
347
-869
915
719
-752
842
935
77
402
-761
308
-510
279
-858
532
720
-218
658
-499
-620
-783
-929
806
217
-292
-748
-922
988
-700
-612
514
625
363
-748
-600
-714
254
856
-398
689
884
-305
503
-210
-181
-661
511
-979
-179
588
302
-828
435
-744
537
-737
-764
433
537
704
-418
-556
-90
-549
489
-183
-118
-993
-695
-682
-85
511
86
-156
-516
388
-248
-345
-265
-249
996
914
253
122
-805
301
216
-589
638
-933
-715
207
-17
699
889
-902
414
2
55
-182
-73
-203
560
-714
-454
317
-6
689
-927
-417
505
-586
-599
701
-336
-806
-223
142
102
606
-556
-359
815
-381
849
-462
-668
-973
979
-666
95
-803
-234
790
87
712
83
705
770
-569
-733
-625
185
-99
18
854
-129
-952
-857
113
636
-206
991
786
491
5
965
98
84
451
697
-536
967
197
-540
605
-790
595
-125
750
87
-428
910
539
658
-441
163
168
-429
277
-771
-61
302
-929
695
539
-181
-981
-505
868
-897
-722
-196
503
-18
-578
211
2
-387
63
585
-595
-706
437
-950
61
-955
847
14
-552
373
-452
773
-16
-959
600
-89
727
240
-695
5
-593
-501
677
644
-227
-693
183
-284
-202
-811
-57
-996
974
44
134
814
-860
34
898
-852
451
-131
-19
-343
-20
44
-920
346
-524
306
670
-267
-278
-873
277
-418
457
-302
-144
-528
472
7
-24
-769
-923
177
1000
-430
-361
817
-207
-292
863
594
985
137
-102
-895
118
47
-15
374
-991
948
889
507
135
-746
229
750
609
216
716
-183
-373
345
175
-23
-906
-462
-502
-153
-274
696
112
-825
98
-976
-256
-101
-970
655
729
-631
-773
-654
-556
-160
431
-757
-676
-961
111
272
6
289
418
-289
469
-41
-149
72
-572
-225
-340
-662
125
27
79
-146
-50
-503
646
849
-283
-507
-638
294
-98
601
372
-475
171
-544
-588
-599
1000
556
290
270
338
-299
651
-61
105
424
-440
31
226
-749
437
-417
675
473
-660
856
414
-775
248
-988
-496
-233
-711
-992
-911
415
-777
212
-60
-44
-69
750
-930
-903
-461
-727
-13
-965
93
-106
89
396
-896
-519
-524
347
-612
941
802
-612
-952
-731
-934
389
-200
-262
254
920
47
167
-641
731
-193
-353
227
-465
676
-24
755
356
804
592
420
435
-334
-996
-80
522
-901
-844
-763
-278
-539
456
82
-952
-363
-922
-730
-913
-844
-595
544
-971
265
-954
852
-269
569
-442
-655
-901
-462
746
-122
47
48
77
761
769
-929
-898
-332
-371
-229
-379
-747
-146
860
452
549
284
-596
907
-814
-787
339
-43
-233
812
-53
549
-803
-203
-329
-934
855
-552
554
-90
-617
-119
-14
-641
968
-332
-209
771
-73
-663
-706
495
776
-177
17
-623
371
689
-597
-60
-505
-161
628
-658
-153
364
-303
-357
-721
78
698
910
-165
990
-592
-595
529
-134
790
-199
-798
-550
-644
336
-965
183
771
707
745
700
877
-627
141
-543
-431
-946
-43
-282
844
597
-964
-164
-856
664
233
-531
-79
-806
-923
566
731
21
602
767
872
-53
-733
564
120
-544
-223
-575
-582
-444
690
225
176
715
270
450
-953
688
202
402
909
795
-811
-681
33
316
871
315
507
648
849
483
-706
-49
708
952
978
497
456
387
-702
-995
-400
-274
311
-440
-469
-679
-820
383
120
104
546
-990
284
997
-15
835
-9
-610
-302
783
2
171
350
-816
888
-140
862
-217
384
-642
487
34
362
-312
-659
578
-548
-963
76
891
731
869
-969
-198
8
-51
529
-512
-647
-721
225
-542
-302
317
100
-976
841
-758
-81
-515
-120
375
801
640
795
560
-88
245
-683
-596
-852
989
-596
46
219
992
-925
401
-925
-663
720
428
-918
298
-386
619
287
-955
-36
-8
-443
939
705
-410
-243
-661
-691
327
-602
-265
518
-19
466
-419
-193
110
-604
-403
331
-861
589
986
516
-698
956
452
284
-253
238
553
-677
575
253
-931
-234
-449
-158
-21
474
543
763
-987
492
-555
425
732
736
998
998
457
12
-316
-840
826
-442
-281
817
808
-976
-701
-615
316
-489
-163
219
-497
-955
651
-974
599
205
827
-461
-302
-51
-864
661
861
-380
-560
407
813
508
238
-81
-40
571
139
398
501
-684
-786
987
643
259
940
-532
-392
697
559
28
-611
701
-966
650
-719
-71
407
-118
-237
675
937
254
-564
-875
452
-186
815
507
354
871
243
-931
-836
484
757
-284
-329
940
231
-746
-934
-727
-412
-549
323
38
772
-518
-739
-835
226
-496
482
-87
-946
587
652
748
422
225
-318
-592
-64
-758
69
-504
510
176
-310
591
455
814
451
600
-528
885
351
107
139
-816
-737
408
-319
345
-40
145
428
206
528
-193
-824
-821
571
824
232
682
929
-871
-591
-782
-89
112
-936
-41
804
-219
837
80
460
10
-585
170
-944
-443
695
887
722
-138
-721
101
-804
54
47
-89
-742
-7
383
-258
-896
-651
194
862
595
592
-68
577
886
-897
580
-445
122
599
693
-574
-301
-550
828
594
160
897
-681
-103
-398
204
-306
-666
274
-640
-867
-967
-521
-328
843
142
700
374
-358
630
403
-774
-996
-72
705
-645
-442
-45
-265
776
-238
857
-79
-211
-764
4
-380
410
935
-389
233
-562
127
-615
835
-504
452
-314
831
82
-507
-80
8
655
296
286
917
-904
556
-363
-810
-715
687
850
-559
257
681
-389
-263
947
-880
-204
-82
-721
-82
-170
448
841
455
389
-347
-837
861
272
964
-193
878
661
-829
-474
954
-158
631
-853
-142
555
456
-658
858
356
75
546
524
864
86
-266
278
-534
359
497
809
-133
150
-384
915
691
-815
715
-293
-878
-406
-295
-799
93
36
-783
-929
829
-499
904
-316
728
-650
-821
-922
856
-205
-2
653
-439
947
388
401
332
-450
-342
608
945
-822
649
-913
-610
288
235
162
17
-364
780
-583
850
53
563
-430
-967
-600
300
912
-181
-664
-163
-862
440
190
-888
-885
-641
-680
-954
-551
356
571
-637
-774
-32
-291
-532
-104
-423
-342
193
-46
-267
-15
-214
401
-927
-166
833
-548
879
-968
893
-167
808
-423
-991
-121
-345
-923
548
330
995
-132
60
423
911
609
339
-761
-969
267
807
554
-45
684
523
39
-923
-835
-255
-117
675
-260
-136
262
-792
-987
-455
820
-987
-373
612
29
103
-283
-264
986
335
314
-346
704
965
418
-447
113
-824
-318
-140
267
-443
-805
826
-937
-749
774
130
744
-80
-938
873
286
175
194
-14
-685
-202
20
600
-331
771
362
-667
-504
27
-1
792
-418
-567
-364
810
691
-252
286
466
562
634
-678
345
-414
319
176
601
-913
226
308
-705
79
-2
-964
411
-809
-54
-643
784
-787
539
-867
-921
171
719
-90
-681
-831
-128
-989
550
60
-460
-496
-316
242
221
-295
-582
-161
111
542
-532
41
218
-126
555
32
509
-830
-331
527
-420
-803
291
-757
-733
746
-147
-659
-473
-174
127
-571
-110
22
90
-162
258
786
-980
-270
-775
-728
676
-386
313
747
-714
428
173
-513
-190
325
-297
115
545
704
-434
43
-780
236
-309
-917
629
-404
560
345
715
-102
20
343
-657
-492
-313
247
-999
788
353
184
-214
199
164
588
-751
515
-617
916
826
0
-37
691
956
292
-488
-27
-350
990
697
-278
677
880
-343
305
-122
555
-63
-453
297
-509
111
438
-589
562
-160
-878
-307
179
-708
582
-367
-849
-8
999
-501
-296
479
262
729
-113
78
489
-633
445
-76
-522
67
-697
-917
891
-677
-901
547
306
-247
-681
-597
146
532
-847
979
155
-893
161
-927
-121
-610
720
969
270
334
563
-90
-444
630
-212
-537
-16
-872
-931
825
776
523
957
255
-759
986
-852
-777
-757
478
-820
496
685
-614
704
268
-215
-416
267
799
-557
651
-4
670
-506
-629
-309
-810
789
268
541
567
-20
-153
-825
352
902
-70
-279
-744
-648
14
507
203
-231
901
839
967
-29
335
-784
-711
-188
-201
-57
386
57
253
-250
-73
-205
-549
-511
763
655
-885
668
105
848
402
237
-471
584
315
36
-932
-67
-213
453
-926
411
-579
827
896
285
707
8
-476
-497
172
195
-865
-75
-321
240
128
466
318
-782
-122
-527
-509
-868
-420
503
-769
490
-626
508
131
-709
-543
-223
-600
78
100
-182
-106
-356
-358
132
814
-861
663
-916
914
-983
864
-347
212
359
-489
663
132
879
-337
-581
-256
-444
-80
882
424
-519
776
330
-920
-265
-988
-134
-424
697
866
970
316
628
501
-536
-481
-721
-941
451
433
-389
426
962
275
164
450
572
-755
-162
740
810
-248
-6
585
-906
684
-488
-455
600
538
217
474
-909
-308
-128
-912
53
916
498
-194
-543
-323
423
-360
-160
-109
495
-401
-680
-43
-88
544
775
646
468
-512
-751
342
428
971
-933
801
39
306
-556
568
213
974
260
-486
689
358
-976
-390
140
-723
40
-76
-695
621
-84
411
-747
-784
-602
-137
98
672
729
739
-419
507
-197
609
-49
-944
-262
137
-537
579
308
-581
-291
885
468
-921
-106
189
99
-930
-288
-521
821
68
-570
-501
904
983
-337
-864
118
-700
786
371
241
310
-790
936
-149
-138
882
-906
-598
-15
-546
190
-801
-845
737
-677
-159
511
-803
161
-399
-575
-853
-498
-150
667
-505
-771
-891
74
-807
-330
155
570
-376
122
-821
518
-938
366
675
-998
793
999
-318
-624
-70
82
745
-204
734
-899
-56
-729
207
-51
141
315
381
-586
-403
728
-236
-154
-537
-981
-121
682
723
528
704
-985
564
541
-164
-19
-136
-519
-966
639
584
14
618
-545
-439
-124
-428
-851
-912
935
-499
453
-251
348
387
-811
-407
365
541
286
-204
-29
-158
-424
-586
633
-575
925
530
-549
-88
-301
-828
-532
511
-653
2
893
-785
921
631
740
648
-724
-823
-319
641
-635
773
253
-130
945
-975
348
381
-823
296
55
-514
-473
594
-504
552
223
173
-277
866
618
696
283
-589
16
498
-479
808
-423
-247
855
-580
-581
455
152
289
211
-712
-678
688
351
815
735
-959
199
-247
570
578
581
877
-286
107
1
-891
419
-858
-825
764
177
-311
-981
-919
193
870
51
92
-888
-322
69
-824
351
338
510
260
-304
-8
974
179
600
136
-96
-154
-410
-577
-68
252
-352
628
-557
541
819
-165
30
-394
962
951
244
610
752
-231
506
409
840
49
886
-933
-703
-562
169
-645
-81
240
859
292
588
-679
852
529
-536
-163
-978
314
15
355
767
599
997
999
-294
7
-428
22
771
-244
970
-229
-992
965
-103
-665
-832
859
-702
-401
-261
-462
-682
221
945
35
-386
25
44
-478
-497
-95
-101
-205
28
-93
360
-572
494
618
-452
-870
155
620
436
-355
817
-219
307
37
-599
704
-916
-652
750
156
945
757
-996
-964
758
-692
492
-498
-667
117
-119
409
-380
-187
-490
913
372
-247
-55
530
-190
-992
389
-794
845
305
-700
599
270
-802
490
72
-987
-768
784
275
102
-561
-125
-961
-345
937
-498
-899
-606
-91
-893
801
-508
-398
131
-699
-411
-48
-585
428
-168
581
609
474
211
-674
0
-666
-417
-243
117
362
-539
157
-647
-588
154
217
-31
340
881
-710
-753
-904
-107
267
-507
486
-994
-854
169
-643
196
640
474
161
-870
-619
-915
838
58
295
777
220
135
-28
-621
-984
-843
-163
-142
779
-928
-351
904
145
871
-923
448
215
-407
152
118
-176
801
-365
-261
124
-15
-257
-438
-566
-531
699
-214
-500
-897
-261
-891
-824
699
266
-484
642
182
-474
-189
-96
636
199
-354
195
41
526
539
-87
-262
519
-937
-96
-808
-223
403
637
-995
979
-460
686
-593
-234
511
-712
165
-490
-767
-776
997
-915
117
36
48
-106
31
330
960
-301
-592
441
-398
-355
-882
279
361
973
-371
187
-859
982
-696
-811
-974
548
-856
230
70
296
975
-883
-196
352
16
-757
929
970
418
829
-588
-25
-820
944
875
43
734
552
-929
-303
570
-325
-19
563
-701
235
-503
986
215
588
117
454
-858
-909
375
797
-41
843
-62
725
518
156
248
498
-936
-441
178
526
-662
-904
-880
369
-922
-292
5
521
-487
-707
-523
-7
190
-611
-138
148
-219
-720
410
-265
618
9
601
526
-514
-844
84
-308
855
-221
427
-164
470
160
262
716
-425
450
-903
-443
646
641
28
708
124
-375
306
343
132
787
357
-590
87
-49
670
-893
136
-983
-784
3
-285
-688
735
-295
-880
-532
-152
547
-415
368
670
1
-230
-762
647
-575
-337
962
986
-994
-460
-848
36
-237
-704
-926
-597
839
687
492
-51
428
48
696
-681
522
-714
-142
648
603
453
368
296
-420
149
77
562
251
972
142
-1
-580
-632
-424
-578
-320
212
-258
-912
815
-498
759
-58
256
121
-418
400
-312
-890
-495
541
-611
-117
-982
-360
-951
-479
-709
992
677
472
327
859
-214
-632
897
782
587
243
920
28
29
-641
-670
244
-71
-897
334
314
-976
233
622
-250
513
196
503
30
-364
788
-172
-880
235
261
-738
944
64
179
-251
-161
-823
777
-485
-240
48
-615
465
751
432
-490
-722
54
-235
79
-816
-519
4
-10
-365
643
-520
-848
-205
596
73
-655
595
-332
988
-379
-495
560
964
142
-373
-691
-694
518
633
-975
250
86
618
-736
-970
782
465
-544
588
-278
-579
115
-575
-780
473
-927
-641
-102
-434
925
-143
-15
273
-626
701
468
-870
-987
916
-263
-843
998
-455
-146
663
-902
793
-500
-171
838
392
-413
-118
-110
481
-991
108
-614
-916
206
758
-988
-140
-195
-783
-87
-127
318
-491
-644
312
514
-310
350
979
598
-614
-145
-809
483
435
-840
-293
224
520
521
-485
111
-631
881
-433
-12
874
393
-737
-940
856
-359
-486
-561
155
-157
-478
445
-700
-217
-226
534
297
834
359
-591
869
660
-484
796
-583
622
-927
582
-286
-731
-425
-726
-879
494
152
-31
96
541
278
164
-336
-691
-492
668
-937
-809
-25
404
-356
506
-969
-525
-535
158
-805
-740
-275
-123
-127
-50
-823
870
51
-544
-685
569
-85
-989
-513
-734
986
-171
952
-154
222
922
269
-53
-503
-371
-291
-208
110
-234
-341
-533
862
-666
354
-413
-590
-365
-266
459
-781
-117
-661
-412
51
948
767
-893
-44
507
-190
143
746
-740
792
-365
51
-416
759
-768
-531
474
-845
4
685
765
940
-507
-746
156
780
645
749
-933
565
855
-485
549
-948
112
-59
-462
381
-443
259
530
193
240
732
691
-893
-103
138
416
343
589
610
515
116
146
457
-715
-76
173
-922
353
403
-773
43
753
-882
-336
51
-409
-363
-369
-246
824
548
118
-399
397
261
-673
853
-837
956
-308
-732
-756
-808
-682
77
-538
-517
-466
-432
827
-84
-729
902
742
99
119
-260
-921
780
-606
-86
276
649
-804
-613
-98
-50
555
201
576
448
-476
-22
956
-215
198
733
353
951
-271
-413
-180
-983
678
70
-413
932
-211
-884
-109
301
-728
-949
698
-487
625
277
-483
-182
-996
-417
-809
608
-326
-971
-317
-249
-383
-86
-655
488
-116
-889
-228
-605
-254
-47
228
450
971
853
579
653
543
364
679
-953
979
-287
-791
-796
-387
-229
675
760
832
843
-195
183
-389
-334
315
-930
473
686
889
-89
-547
-41
365
676
-436
447
646
-342
-847
-789
-242
-15
-405
-45
-642
-410
955
933
-663
559
-400
-584
-151
49
-961
-628
-146
-134
285
231
834
614
463
-134
-972
-144
-733
-617
289
664
681
611
698
784
-868
-455
917
-421
-446
-403
172
912
-384
632
-988
-114
713
668
8
510
-573
-325
893
333
80
456
-841
486
-395
459
789
-120
-370
-568
420
910
-543
740
428
764
995
884
175
733
666
-455
977
-868
190
-974
-183
-303
-580
415
943
892
-91
-378
313
618
-586
-689
595
664
-576
-768
-529
-487
-117
-30
474
797
780
971
853
31
-590
725
872
-806
490
-84
21
252
-673
-741
-672
-421
127
-14
-619
179
375
574
483
792
-357
-410
148
-840
-364
43
-588
-874
194
617
460
609
355
-639
631
-746
34
73
-100
-615
-816
-987
-663
659
450
830
990
564
-873
-877
-475
-5
380
-370
706
734
-891
258
-352
-959
822
-166
-807
-443
-681
564
-923
-632
-586
3
-943
97
158
-45
793
492
-484
31
797
114
-351
604
-519
269
-589
697
681
-153
-456
42
987
601
-831
914
129
-998
10
-170
163
-133
-423
941
26
11
863
-925
245
-532
497
-602
476
-444
-452
-939
-466
-239
36
348
73
409
-696
-829
-819
-329
-721
-938
-9
-222
-201
395
-59
-848
-686
380
-662
658
-24
451
741
659
-214
-664
258
212
393
70
125
797
175
-498
973
372
-306
630
230
-179
334
961
792
-654
798
863
579
901
-73
270
-340
873
805
-656
-55
839
399
714
-385
156
-32
751
17
-986
592
214
819
-686
-443
22
970
-775
924
-654
841
309
-299
154
-447
570
530
224
396
422
335
-306
-358
673
-43
48
380
-405
-552
598
473
646
347
-266
-341
-925
-765
110
545
-897
-144
-234
185
270
495
-813
-117
187
-573
-368
-433
-712
-177
-908
904
828
740
-118
8
-451
-393
-554
-468
465
962
88
616
-438
836
315
-57
478
522
19
-790
-587
587
316
-897
445
122
-335
604
85
-577
-408
864
351
113
492
837
-727
-710
9
517
320
-642
-297
104
-603
-133
-858
-705
704
-873
-704
325
985
240
166
-725
-482
947
852
-691
570
990
459
59
97
332
-992
594
113
-652
-669
-464
-992
164
788
-954
-943
86
-435
355
320
499
-390
586
-300
-553
675
167
-356
461
-130
404
-722
508
974
-188
-686
728
-802
917
-115
-46
602
-122
-383
-525
311
-816
863
-752
-455
736
-111
621
443
-373
-704
-791
430
614
-478
-889
-508
-212
-278
-646
-833
845
152
-496
-454
646
-990
504
761
285
-237
649
286
138
122
-815
-257
-888
-179
-349
796
766
-891
22
-705
130
-850
891
167
612
-319
962
179
603
-674
-536
891
271
955
887
475
-543
-920
-233
776
248
904
-981
807
632
-919
346
266
-162
-210
-314
-410
-172
709
-510
80
-264
194
304
89
703
180
-662
-84
-638
199
-667
-771
890
-618
-864
-701
832
75
-854
79
165
221
-856
-951
782
503
-378
-807
471
-804
207
448
214
300
-309
37
-23
-797
387
860
-637
295
321
-314
139
953
-203
973
-228
-706
335
-128
-22
-282
-402
753
44
-956
-579
-116
498
244
-66
-88
-508
-533
722
510
982
-154
830
-255
-379
-982
374
941
-892
-474
-165
-292
747
-264
-156
-831
-495
435
664
592
865
982
-324
948
303
114
-689
-473
991
-420
-374
772
-365
586
-681
-502
89
254
360
-528
-569
949
-510
601
663
-144
430
-889
-48
275
876
-56
-285
382
-966
-457
925
659
-346
840
-628
806
350
-855
-317
-635
18
37
370
984
603
-104
187
-154
-608
-192
540
-543
792
-89
566
717
-143
-389
-76
-639
-672
598
-789
910
34
772
321
-530
134
-14
-394
-352
-611
-324
794
574
-661
295
-378
-671
-845
298
575
568
-176
218
849
16
-66
-318
-66
978
-417
992
-167
70
902
-591
223
948
-274
629
-84
616
-71
633
484
934
-433
687
-133
688
-227
182
-671
406
742
367
882
712
829
307
-162
-392
322
157
-428
460
559
-111
586
974
71
-93
-432
302
720
-167
562
526
-975
-827
-797
-541
-538
-183
-14
-625
-993
-612
-181
-641
-839
-472
-114
-188
86
994
-677
-113
-972
536
-757
649
987
-255
303
-5
-192
942
-525
-301
-792
349
-439
-278
660
613
283
696
800
147
-406
-320
-758
-657
379
-22
258
-831
164
-262
-536
-219
519
764
311
-757
119
14
-144
-538
778
-794
-18
722
454
750
-205
802
861
187
846
675
-533
616
-240
-492
644
23
-577
304
460
924
-606
-687
-29
255
-80
-415
885
538
956
844
594
-848
984
-504
-83
106
885
507
-956
569
-758
-155
451
664
-638
-662
959
-554
706
-227
-729
457
-948
13
65
413
-216
558
-19
685
-194
541
-463
-877
-14
156
101
673
343
-483
-504
-972
-159
-285
-522
-643
-796
-752
-10
-368
860
592
566
-121
-446
792
674
-539
-235
117
79
-235
-369
196
752
90
-859
-378
-120
-327
720
-70
-356
-920
88
627
-356
812
-716
751
759
524
795
381
401
307
-64
-675
-164
-448
802
901
271
-764
-211
674
203
-734
622
2
-326
714
343
403
855
-525
-909
980
-230
-725
-10
-943
-580
216
-609
412
917
-437
-408
-761
-447
342
716
228
917
-747
332
740
177
-823
-52
120
596
-587
90
-976
-66
281
-869
665
473
999
79
-62
-734
681
542
846
393
-968
-420
760
302
-781
526
-500
41
-506
50
-252
152
806
690
92
723
255
61
478
-46
915
977
52
455
-129
542
-830
197
-912
373
-634
810
-286
648
-420
-315
-789
263
-709
-102
-971
-983
605
-887
-617
419
-754
-978
-766
294
-181
272
9
-49
183
-707
931
461
34
74
-730
118
698
569
447
351
-811
473
-655
407
967
-681
228
-492
972
555
938
472
395
397
869
920
109
328
-343
-857
319
884
984
-153
720
-879
90
92
179
41
-7
28
770
-994
435
-957
-450
663
153
73
-123
258
-301
758
-745
609
-571
-984
-460
185
-704
-605
-667
743
867
-837
-657
404
-481
-941
429
-815
405
-727
321
-134
-223
-456
875
-121
-652
233
748
-335
922
139
-670
-345
985
481
860
-923
-39
179
-408
831
-293
-637
-237
480
-580
-158
-588
-688
-857
-157
234
-413
-46
400
897
736
544
-805
-330
236
-976
531
-78
362
333
367
-584
714
-59
-965
-880
-206
-495
-278
-778
-313
-890
758
47
258
37
628
337
-704
760
-430
839
-943
-594
-133
-625
-160
257
796
-830
526
-375
-203
-292
-562
-735
589
-877
-145
362
-240
802
374
-565
-723
-569
364
-573
242
28
399
-341
118
-179
-233
-546
-212
-648
372
443
343
228
72
568
-887
998
741
-194
-791
-166
650
43
281
-756
98
282
221
932
545
273
-394
573
-150
-382
567
-448
-699
-321
445
-525
270
604
-337
-872
192
-375
503
334
-945
-673
-294
-545
-716
-481
-837
259
-558
-959
807
-542
937
336
360
706
475
796
101
-596
-518
-132
-24
-269
-165
320
-562
-226
-286
362
402
179
-543
-179
-542
-785
-429
169
493
-803
349
304
-869
-395
503
-803
355
597
222
-632
495
199
-349
-900
-196
-517
-346
79
347
-251
-972
360
725
-771
882
-2
-559
873
-764
-362
678
-784
-480
-853
624
311
-972
-857
-547
-181
449
229
-233
385
486
-498
-898
613
956
31
-67
-535
342
579
307
957
568
-593
-630
-355
552
455
559
358
109
129
597
-302
-172
449
840
108
917
-285
792
39
-821
923
-588
-486
828
838
-87
-541
-742
202
58
-233
909
-847
-254
-409
40
428
-819
-994
477
735
-786
-659
-925
951
631
794
-166
-253
-154
-74
-566
-885
-919
94
-622
58
-119
813
-179
367
-550
16
208
920
454
647
-402
687
-445
268
362
989
-343
52
62
31
-323
-537
147
672
350
157
-532
-260
-113
-155
658
-957
145
165
-466
474
925
-475
498
-318
702
103
-182
-66
-594
-606
-122
-473
-395
408
-586
899
-128
-470
894
-247
99
126
-499
61
-998
245
-728
273
43
65
-382
742
324
378
372
957
637
644
278
363
592
341
155
36
146
-532
26
-70
-886
803
-89
781
780
-173
-505
266
-847
16
565
-341
519
-80
147
660
324
-420
445
-694
305
-84
464
220
-270
-841
815
-496
-240
245
373
326
-574
-603
922
-421
-554
-656
563
698
143
275
-193
148
838
-604
856
124
577
-130
-175
-860
711
-219
-548
-638
-745
80
-40
-949
857
473
-334
-298
-266
8
675
-50
-838
598
448
924
307
750
300
759
678
413
611
485
-696
618
-792
-98
-879
-887
-444
575
-518
854
-94
130
-173
339
-164
215
-848
160
885
406
702
378
-463
-158
-857
1000
-635
919
352
40
-340
-622
905
-8
-799
-22
710
-641
-392
552
873
360
751
646
88
401
692
203
-662
-52
895
-655
-345
-797
-393
-835
-799
-616
136
215
-31
-919
-344
-531
-954
-567
407
777
854
106
670
417
851
-81
-983
646
429
-608
778
114
-174
867
-407
790
804
-548
462
841
682
126
800
-307
948
-859
676
998
-908
-380
33
649
-199
-576
248
-547
396
192
810
-480
-543
-59
756
-493
871
779
-405
115
-981
-13
606
288
-236
578
-357
-560
20
928
477
-13
671
948
284
307
648
-698
-155
826
509
674
-857
-149
237
-459
716
359
-968
887
-869
-310
-347
58
-384
912
-363
-520
-242
-944
266
787
729
45
475
642
836
-369
116
764
557
-594
897
562
-863
561
-317
767
-898
-353
-373
390
-901
501
-113
592
976
-468
363
72
-894
-31
-497
-594
-733
724
-573
-305
-473
-451
-221
-596
-212
-651
-578
-673
-196
-829
-510
275
692
237
-986
-423
18
-547
-198
-373
-955
216
779
421
269
-265
-491
286
-441
343
-357
-894
-857
-51
961
-56
463
906
-445
427
379
-680
-613
-21
-706
182
856
387
-277
677
-484
49
-367
791
-991
391
-700
-909
-69
-522
603
-162
-716
-270
624
5
964
-800
-880
-584
361
66
-968
-339
120
523
-46
-589
-208
983
-365
499
-164
130
-880
-683
589
497
288
311
-551
659
287
837
125
-360
822
-549
98
962
80
-14
-399
-681
-998
-899
-338
67
-800
840
182
431
-38
-695
947
-531
757
368
-387
942
344
-570
-577
817
961
-132
-550
900
20
667
703
855
242
136
261
-480
-231
528
715
-417
-747
422
-863
952
393
-921
-929
642
840
-311
174
-130
740
442
141
365
458
140
-458
262
-682
-487
-151
631
-457
-336
859
791
554
453
319
-980
269
-586
-458
308
833
42
-808
18
54
243
-932
717
41
470
178
-800
-10
-324
-931
-34
20
554
709
37
-196
57
-373
286
411
906
-132
-235
764
675
679
-941
275
-804
-954
67
279
-46
984
-804
936
-198
-728
993
177
783
-832
686
201
317
487
105
-764
884
690
-202
-482
141
-109
-45
525
-817
-276
-259
-708
-244
73
610
-809
393
523
-167
615
17
-120
497
-734
-771
-356
-782
402
-129
-303
-7
906
853
561
-485
424
259
810
321
-515
-510
-16
43
-7
-867
321
238
-322
-163
265
-522
-487
74
-675
232
831
-589
-347
-978
-375
-798
-2
607
-270
961
-22
926
-655
79
892
-890
622
924
858
335
-192
482
519
-898
-53
158
339
-315
57
-386
-24
834
549
-331
944
-970
-20
673
916
-670
788
-146
-618
-125
563
54
-917
-251
827
645
789
-365
-797
-967
95
-567
-5
962
-875
303
864
224
-196
338
660
-397
-204
872
-787
-142
-189
847
-539
-258
-39
988
634
-470
-81
-413
714
-903
388
162
765
638
-724
548
538
235
-744
593
-810
-988
-815
-639
649
-692
-24
148
551
-328
-165
-686
700
69
107
465
587
-834
-479
-831
-537
-460
-371
-568
-894
218
885
695
-791
-866
316
-659
-60
-279
519
983
-858
-493
-730
-99
414
-564
14
-709
779
170
-331
252
611
145
-300
-757
-923
-684
-758
-394
-516
425
6
-612
767
-507
806
-834
16
-531
322
972
-195
257
584
798
566
-767
225
668
152
-730
66
792
488
100
911
-142
-763
-145
180
-721
-113
-234
30
-542
-552
-525
848
-409
142
-968
360
498
19
-781
-485
-281
-304
753
513
-961
-718
776
633
-843
-125
-390
-476
87
-683
421
589
501
744
-621
542
932
-875
-490
-543
974
230
544
-296
958
885
751
728
-27
747
980
-705
-150
-455
133
-729
449
982
-822
858
-831
-307
817
-228
703
532
157
-845
-25
50
-743
-773
-783
904
945
-191
846
11
528
-551
345
368
173
-970
-914
885
562
887
317
-682
-982
956
954
420
51
-797
-145
-318
540
535
536
-607
-715
707
449
113
-36
753
-820
746
557
-18
215
-126
-675
323
-920
995
316
814
324
177
-17
355
185
-797
-255
743
513
-61
414
454
389
369
254
-712
455
124
-371
47
974
392
-714
476
-255
-113
810
-731
-915
362
68
228
-444
971
-707
376
121
-586
388
-975
-894
218
-96
608
-346
732
-998
-659
779
943
-802
619
605
-662
-361
-849
119
949
80
797
516
-714
707
782
-282
-487
-353
518
-477
51
107
-278
-765
-489
292
249
617
948
817
-464
672
322
512
239
775
491
-721
543
-915
444
979
-535
64
-143
584
996
928
-513
228
811
767
-912
-378
-257
-30
-841
920
-552
683
-709
397
77
154
-224
-131
566
921
958
-333
-570
1000
425
-337
-401
601
-970
-821
-336
330
-348
426
833
-231
335
167
426
-281
159
880
-817
182
-690
-128
436
-620
944
-556
-130
-553
482
256
799
376
-948
-292
-676
-933
884
208
-773
753
-668
-86
-973
363
544
472
674
894
-146
-843
-43
-7
-31
-699
814
429
185
-778
-184
-145
-106
-535
-86
-713
721
698
-72
804
-36
-835
378
383
309
88
1
949
273
489
394
342
558
889
108
218
378
447
742
-582
-31
697
-308
-875
335
-536
-11
720
251
-451
-200
-234
-174
-602
-461
286
-90
547
-87
-653
-544
-246
-88
-527
-911
45
-884
466
565
-88
71
-518
719
647
483
899
692
-260
-253
870
-236
-442
-744
741
868
-700
5
41
247
-634
62
-268
-212
-862
-110
-498
-187
922
592
-591
-308
677
-206
-600
-776
-881
838
13
-397
19
788
520
963
406
367
103
715
-637
624
553
662
-472
-982
188
975
-312
-786
803
-951
515
919
398
-563
-567
120
209
-705
-296
654
514
568
-465
-24
-858
-152
-809
-528
-752
764
119
-518
-121
-777
-856
-850
-305
901
-36
-364
60
-826
-563
49
777
-507
-350
-42
790
753
915
-783
-764
-622
986
-595
-384
428
10
-429
-773
-266
-719
237
-885
744
500
831
-48
-130
-644
-752
-681
787
641
-310
-514
-896
8
-364
780
-893
976
-360
-30
-654
-273
701
355
624
-118
739
-827
-836
233
-549
630
-131
900
380
-262
-564
803
277
817
570
231
801
-722
515
-349
141
-875
468
583
68
759
628
756
-632
-847
60
-566
-695
148
-555
-532
583
-90
4
-565
982
-535
424
-772
-295
-61
519
962
448
73
892
-67
731
621
-867
-462
-154
-891
212
-845
365
-2
-613
-704
622
334
-617
-175
-377
430
647
-444
-624
-874
204
87
-1
626
5
-154
-691
47
163
-786
799
-350
640
908
-200
-994
258
793
-311
274
370
551
-528
327
-384
-185
527
573
122
235
399
-215
-406
60
883
-651
-357
-686
-555
-998
-684
-979
821
127
-290
820
-981
950
-31
-659
125
-858
416
-863
956
865
229
46
505
238
-390
929
-268
-867
803
728
766
-237
207
945
913
-345
-694
-71
652
426
99
-203
-227
455
-201
677
972
103
284
98
-300
674
894
-703
-240
-58
125
-856
-366
134
331
-466
-101
-81
700
68
214
552
623
151
-446
-814
-414
397
-212
-423
-315
497
826
503
700
-27
641
-374
-132
826
-897
-817
-981
-429
-472
-259
-864
156
948
374
564
-164
269
460
578
946
-624
-145
-280
824
243
914
681
-704
-87
-334
-509
825
-98
-195
-29
73
232
608
-796
29
22
-638
-696
388
854
434
-51
-493
-463
-723
607
525
560
793
950
-261
900
846
-41
361
129
-456
-614
-677
-60
-789
-591
-45
548
550
-544
-995
-433
293
-670
543
557
393
339
-715
661
201
381
544
429
-766
-817
-722
-184
-764
577
217
-252
863
114
98
-125
-634
478
215
421
959
-106
449
106
-662
-106
484
-648
-992
335
60
720
-279
-727
-233
493
-541
822
-93
-673
-500
-773
322
495
-891
736
-508
-371
910
436
-770
-781
-326
532
570
676
-370
-190
-827
644
767
48
-74
769
683
191
-800
-603
164
128
840
-948
482
358
-782
-475
-391
-838
41
187
-483
-183
-302
661
-584
999
-70
-646
-372
22
619
-772
-512
-53
248
-107
-845
-124
-483
-225
264
-488
513
-385
437
913
144
-463
-700
-548
888
-829
274
-193
299
945
706
-436
640
712
198
656
-549
-461
388
120
966
969
600
-434
385
-165
114
-307
392
481
849
550
-452
892
-624
-368
-617
-545
-748
-284
-312
-694
-970
-225
-946
-405
-778
-532
-416
301
698
650
-988
65
-161
-986
-135
-464
-391
-534
852
-356
-527
291
-479
551
875
-475
617
-472
-692
-475
-190
906
-268
-491
-184
-463
508
452
-181
146
-810
168
-287
0
-569
881
-713
605
596
886
-750
-352
-815
-55
-437
-313
-7
206
-975
-662
-889
-374
-468
-510
-413
-144
940
-942
-233
494
87
84
-613
-676
893
-467
91
683
611
694
-739
498
991
105
-150
649
-182
-568
589
