201
-441
-772
122
-789
177
888
670
-753
480
445
-645
242
54
-920
37
-815
342
222
-88
-479
809
-329
-650
-221
944
-31
551
-139
-644
840
-453
-432
-556
-756
-596
359
907
-912
-168
-249
659
-330
-640
-12
-148
550
538
-744
-887
-451
503
829
-106
-506
786
357
87
566
229
-453
-21
397
-896
734
115
183
-208
165
34
0
-979
994
666
281
-661
-218
-91
245
-675
-293
261
-38
984
454
-319
702
25
995
665
-982
-634
-941
-810
-731
-27
467
818
-605
761
-428
997
-560
-135
969
-250
-9
941
-519
279
-336
891
-578
-733
607
-829
-641
-438
133
205
-971
-243
967
726
-408
-953
-362
374
974
272
414
517
-189
432
375
-595
-698
-23
86
-306
-445
843
-618
-217
-54
309
-376
178
-19
-770
324
-246
742
120
951
-851
-602
-14
29
354
623
-103
-204
-541
-195
-804
-614
-929
916
-818
682
-277
-775
-414
241
789
-365
630
419
459
561
244
816
838
-689
-558
-150
-74
178
590
578
54
-282
970
-776
683
-835
784
816
-401
-174
849
-585
706
-706
-733
-917
-404
594
-740
222
871
346
-589
658
858
222
22
362
218
993
145
984
-454
786
-373
739
318
-871
636
-647
724
988
-338
147
82
-233
-53
490
-349
-611
373
-705
-970
-214
96
-700
-250
-938
-600
-885
106
905
-798
-470
-793
816
247
335
453
885
648
-338
169
-835
201
-679
374
839
775
806
-294
338
92
11
2
-827
8
-658
757
777
-792
588
-160
271
482
-763
120
-674
-903
921
-996
263
-564
216
958
506
-6
-560
-247
674
987
-485
468
118
-917
-121
981
-621
921
782
-771
-240
-165
549
476
-571
-206
622
-325
178
-958
960
621
274
-420
606
683
259
602
868
-267
-356
-279
-424
-516
-152
345
-443
-601
-88
-476
236
-207
-388
879
-908
479
-205
-489
-397
-583
-566
75
265
79
223
-25
-26
872
306
812
969
104
-190
127
650
233
493
116
-44
807
-462
460
-563
-445
-250
-572
-820
-45
599
739
-436
324
-157
-432
-745
-603
235
473
-661
770
-498
-570
-867
-567
-228
765
189
584
613
-441
-157
397
208
679
40
-124
-327
993
795
187
19
693
-104
989
-836
-531
909
309
-537
-798
-948
-572
718
-9
918
145
292
630
-816
766
-770
-679
107
761
441
211
145
-479
976
943
-751
-563
-708
100
699
-536
-679
542
-260
477
381
624
820
-447
471
-300
-831
53
-931
784
901
290
-514
208
768
-59
459
-158
8
-930
127
-732
676
304
112
59
-933
-668
81
874
584
158
84
461
-32
538
813
-605
951
-188
79
-161
259
-81
-162
734
388
-282
-117
272
-733
-670
332
-815
112
-217
-342
-669
434
775
-453
-98
-703
-722
-779
-592
-632
-73
-191
-673
335
-525
490
-375
-245
-515
520
348
38
201
-808
-683
235
-524
-968
-520
323
-469
274
-436
-507
549
-149
-420
819
97
-253
-94
-596
739
-617
621
533
311
-505
901
486
967
857
-917
89
419
628
592
-857
318
72
946
772
-245
298
-839
-932
-616
-333
-512
475
12
710
-308
699
991
-258
-805
-743
404
-179
372
-292
989
959
219
230
563
400
224
-532
-961
371
-327
-231
-721
5
836
-775
521
345
-218
208
-900
-895
664
664
180
81
730
958
835
-403
-235
-56
-758
943
702
544
888
593
611
-357
-468
-955
-30
339
130
492
-808
-552
-767
667
78
-617
686
540
-839
-307
-5
-818
69
727
-806
463
-918
-270
85
-148
790
-213
254
350
-4
855
196
155
355
364
-362
87
843
836
357
-783
602
-820
-935
727
-418
517
-923
955
-986
-7
-755
-637
-751
584
-802
115
-302
-128
-874
-797
-271
-109
448
550
103
-664
-492
-497
561
-428
-726
-406
184
890
737
-745
287
539
-883
788
782
757
-297
814
-833
945
-584
-517
-213
-925
212
369
265
-146
-642
693
-510
-612
-721
513
424
-672
-220
790
954
-185
-360
401
174
877
-315
364
-729
265
468
-719
-514
112
721
-836
-355
132
-913
-77
828
815
993
349
-500
48
-346
917
759
-418
-384
-32
-123
-491
-739
652
-223
-273
-501
639
-301
-184
670
272
133
716
-157
992
-744
-500
488
441
-192
-567
784
805
125
-957
430
367
527
-454
465
-695
120
722
751
-46
-85
428
651
175
16
-227
-733
-244
94
506
60
-982
-798
395
807
37
-928
-353
-69
-925
991
384
-134
44
-488
-198
44
-554
-100
-187
-130
111
-469
971
816
72
802
14
126
956
69
-871
-324
-751
-520
559
681
758
760
311
168
-477
-279
727
434
-141
-276
-33
-457
-533
956
304
-677
898
633
-925
434
-195
-249
-498
764
-76
-156
673
938
-188
799
5
-626
402
-669
809
996
-976
164
-996
867
-285
-284
741
-161
-768
-830
-996
130
-221
434
743
90
122
594
-468
-222
930
-160
742
85
-754
-258
848
330
990
557
-622
-707
-14
-543
133
-269
94
787
-445
-288
-187
138
-700
-965
903
-77
573
-463
621
-923
504
870
-264
730
191
-412
-306
-296
878
82
-643
864
-364
-609
683
-139
630
-48
-651
758
134
-703
-808
2
-792
89
-762
83
-2
471
591
-162
825
634
-414
339
510
-891
422
160
-109
577
-57
-394
50
-488
134
325
92
-468
779
-574
339
630
470
-92
-721
-859
-219
-583
-469
-619
-342
966
262
704
-692
179
303
-483
-870
817
204
606
136
619
-407
693
283
-750
-283
105
-481
-655
-958
324
-193
-60
820
732
-766
-196
-642
-45
594
-297
-618
158
324
-977
92
515
495
767
147
-668
-169
-3
-314
945
933
770
-228
571
763
-356
-517
469
643
-442
-936
789
78
318
825
-19
-308
74
-539
-868
242
-983
-684
667
261
-597
-695
-854
654
-618
-116
-91
224
-675
998
-81
-864
713
569
74
-140
-19
-428
602
-648
48
279
-404
857
277
480
477
-194
-945
111
-527
349
120
-605
-499
716
613
505
-144
-588
-208
965
445
-593
-747
-472
-130
-856
390
-667
-277
-178
439
40
-415
-54
30
-425
-710
-252
462
-60
-376
639
891
671
741
-958
960
343
723
81
90
-962
-66
-95
-221
296
313
-179
298
225
810
743
-264
363
-545
-521
-973
725
-602
316
170
-763
-477
637
511
854
476
657
-481
-896
-35
769
911
-157
-856
586
892
-754
-173
221
-472
-168
52
-992
75
328
920
279
-692
623
-312
296
-702
345
-7
935
829
705
833
-899
200
-853
-13
686
-283
445
460
-603
-194
438
274
314
-536
410
221
130
-4
616
-860
-992
-556
250
-600
-872
-970
-772
141
-551
661
340
693
274
-819
-283
-733
-255
-387
-191
-151
599
762
213
190
-27
342
307
-710
-862
270
-810
715
-664
-719
-907
836
970
-567
279
281
-998
117
640
-82
-58
-806
493
412
130
-371
879
896
-609
781
396
-740
65
507
-688
-314
-900
57
441
-134
101
282
372
-336
-593
447
-995
-631
-977
-275
501
575
-325
-823
-157
-549
-497
-591
-198
-999
946
-900
-675
-327
948
-535
260
227
19
-541
-118
-167
-697
-899
42
463
-781
962
909
378
-756
-470
-145
573
1
-372
855
289
412
-236
-871
563
-936
622
-318
493
689
-425
-366
-219
-677
-683
554
-442
470
743
-553
47
-967
52
-189
-721
420
-344
979
314
225
434
-612
-55
900
-591
-305
324
-300
-977
158
906
-208
436
-216
80
532
-824
973
245
-518
302
230
-853
-777
-165
-292
-452
-972
-272
7
643
117
-24
-328
509
-901
223
-408
579
325
-104
-524
704
-793
332
156
250
399
697
763
788
671
502
-22
-548
-834
-153
-158
-408
-105
866
-811
249
-619
-852
851
335
-312
709
282
-324
156
212
256
-564
-489
402
323
38
-894
-515
-354
-956
945
-198
562
755
189
-970
857
-521
585
-787
9
377
776
-251
-732
-720
90
405
669
137
227
919
-776
-778
936
287
713
-128
745
135
-342
-226
271
112
-91
-972
73
120
-47
-294
-760
701
-730
-352
-990
-200
585
740
792
-157
108
-367
-122
542
-288
18
-552
-809
-850
743
-522
127
41
868
-669
-60
-670
-52
-730
-337
-869
-67
-6
-211
-611
-255
853
-539
-799
599
-165
-1000
468
928
-22
-982
-817
-112
785
405
413
-654
-662
278
-618
882
625
480
-591
-13
458
-469
195
-21
-175
554
304
100
-335
-801
416
-768
297
858
915
-7
790
989
-759
603
-116
796
-626
-724
609
57
-463
240
-605
-853
318
-581
-674
-608
-476
117
531
-27
46
-326
-372
103
527
855
-25
574
-242
202
-991
-22
-418
-414
41
-890
-163
814
264
-125
336
826
937
937
-841
-210
-586
256
945
82
-66
-883
264
-494
132
-857
-982
-333
-624
193
-989
34
999
708
417
295
570
784
962
92
-773
-404
-119
560
-91
773
607
-278
-64
-815
133
245
-916
-786
-945
359
-572
330
915
67
-980
544
-443
640
545
-812
165
56
-16
900
-406
422
567
-432
718
625
-622
-302
803
-361
-579
853
676
-256
925
488
-546
-642
471
-739
-123
-583
617
-909
-500
-645
-550
490
972
794
324
-563
-36
-340
-144
309
-852
769
315
731
-330
-52
-292
-388
338
783
-156
989
307
-937
-247
41
587
-708
-239
781
-460
408
-883
525
355
-579
-95
-666
628
-272
691
69
-221
-746
809
-375
-207
-547
-50
181
983
-133
-214
652
-975
855
-753
-666
758
-899
735
821
-898
18
72
-942
483
-431
-993
394
-780
-264
-755
-968
-367
-663
-249
683
-36
-98
-352
623
-641
561
-506
679
314
-349
-431
-310
209
842
613
-867
390
474
467
-604
15
768
395
668
-219
-514
-892
284
824
-736
-888
-329
169
-554
-527
604
0
-832
-818
-755
964
-831
-439
-428
-652
441
118
739
-399
-725
767
-690
449
294
-537
793
-993
-990
59
-802
148
607
-857
-210
-89
-232
-878
388
-573
-957
-321
102
-924
498
446
858
718
-646
-195
692
-562
778
-384
625
388
19
-768
271
418
501
-14
-848
565
536
819
304
-477
-767
957
-212
-664
71
-548
604
-852
566
-942
833
835
-813
-131
746
102
-396
-324
945
-143
589
-845
-655
-797
708
981
317
473
435
564
441
159
174
668
739
-658
749
-579
634
-446
354
-583
-336
-904
-85
-496
546
16
-122
-238
-622
312
-711
797
820
-773
-258
-84
557
-218
683
429
-33
995
183
-253
-859
254
-103
332
-592
-530
340
-594
-98
95
443
126
-318
-70
663
-393
155
265
-327
-235
-738
490
341
517
739
-903
657
-790
-985
663
645
-151
-94
-899
749
360
-835
417
-80
876
-529
-122
341
-330
704
-132
342
-639
-175
-293
421
-823
-281
-157
642
592
821
812
-415
-518
-510
565
-41
970
159
-833
881
388
736
557
485
190
705
952
-978
-997
999
-104
-133
-704
-95
147
-457
-828
450
623
95
-578
-93
889
830
-672
608
403
881
183
292
663
-573
-718
5
-366
51
-230
399
-86
-361
69
-144
840
65
-206
190
-99
-209
-748
-373
-253
-896
-357
-491
-368
-763
-888
-883
-160
554
632
-142
-505
793
-924
924
-11
-28
63
811
-640
221
133
-505
-47
-199
-707
863
756
753
274
-361
-476
-858
-713
-982
722
154
955
347
357
-9
651
646
247
89
-75
-381
441
-781
-377
572
657
847
235
183
958
656
-336
-271
789
169
-536
879
-431
-754
-576
599
-983
840
-114
-95
-990
704
10
-84
142
-705
70
624
691
75
962
534
322
-378
-736
-19
594
901
873
450
-543
-754
412
-854
-776
792
-34
-385
605
-460
-263
-442
864
-120
522
397
773
-176
-178
423
816
-844
-391
-463
376
257
267
-770
891
202
-519
-323
157
-355
111
-781
314
845
853
50
-364
-813
-418
-22
-486
-179
-674
869
587
901
-806
896
-725
764
-614
-894
971
198
-81
-92
-951
-806
705
96
606
-864
514
458
838
-194
501
788
-816
-805
908
543
509
-68
314
-499
-854
123
-881
72
-208
210
908
958
-566
-285
-878
826
-742
-900
-164
-766
-609
263
-636
-970
110
-589
-582
-685
-908
-998
25
-182
444
-143
679
-416
-750
-130
-569
133
-132
589
716
109
261
445
-561
-967
-980
-669
-556
-470
-346
-342
202
635
-939
-105
-686
-125
92
-78
527
-941
35
-380
-177
435
-64
964
871
-410
371
-241
553
-94
-268
-928
637
-47
-134
43
-476
-726
923
833
-343
-626
662
-19
-868
349
235
-800
95
-705
663
670
-388
-419
912
188
-589
724
-777
299
592
-243
-282
-171
88
382
778
425
-614
-978
346
54
364
691
157
-865
143
910
687
-526
696
-120
-893
620
765
-743
-137
-696
615
765
157
-85
128
569
539
-536
-962
896
-206
-42
-375
451
-402
796
702
-658
326
-35
196
-327
-800
-884
-882
627
-243
-453
158
-729
302
564
-366
313
7
161
694
-221
352
-310
754
-647
-790
298
56
-659
-813
410
-282
109
326
-872
-768
749
-839
861
-206
-825
571
-900
20
-491
-839
405
352
843
-710
481
170
758
931
103
-928
-891
-593
-1000
834
-983
676
-643
0
653
232
595
-482
175
-149
435
-251
-933
495
-624
-379
-277
-589
-373
-705
-992
903
-977
228
-866
-705
-984
840
-539
-400
-330
426
561
-381
-4
-283
208
-186
-132
708
509
743
-749
-196
-55
-459
-48
834
-398
-270
-12
-443
475
-814
990
305
168
407
565
86
-82
-557
-955
547
826
-464
364
399
-894
357
-998
-395
161
-979
-692
157
879
765
926
-252
-85
306
826
-496
-571
455
-464
701
580
828
-966
-809
229
228
-823
-47
564
-70
873
320
-104
-165
-318
-561
55
-429
-715
663
960
-446
290
-51
153
-72
993
-954
-370
-988
-3
-682
-547
-340
-753
698
-615
255
-548
528
576
-880
-905
-606
862
-455
449
-162
-957
403
396
132
-546
159
903
275
144
-574
-951
901
242
-940
203
854
257
-208
-927
307
-976
479
-105
895
405
226
-543
361
-641
-100
648
-588
-691
-108
-353
-536
94
432
-211
915
-289
-708
744
-559
324
-115
-768
962
-971
411
-20
546
22
-341
343
320
385
198
366
353
211
-322
731
161
739
132
-244
915
736
464
-973
-459
521
524
-785
-805
317
701
491
-232
597
951
831
-171
-261
669
680
-752
933
-671
240
755
148
-255
192
-628
-41
292
921
-616
-636
-343
-358
-663
-899
-335
928
-639
-251
122
-777
-537
491
962
-734
-30
-242
-364
698
-300
-625
-418
-348
-757
193
702
75
463
-103
-107
785
-345
123
-985
-259
-504
-846
-486
-119
891
160
-60
-332
134
473
72
348
-912
516
262
-75
506
-630
743
-761
979
763
99
-245
-250
221
-581
-831
-577
-736
346
116
516
146
-647
-20
447
457
658
665
336
-36
-536
-994
306
-243
510
185
-31
326
57
412
-457
931
-196
327
-70
-361
172
96
914
-893
-910
292
629
79
-40
-511
62
-272
-19
460
581
-687
-824
171
266
-351
-857
-984
-190
-620
341
50
605
-483
499
699
-479
-462
789
352
-999
-299
-815
-830
-974
-109
145
-155
774
481
409
390
448
968
-178
-820
346
401
197
708
-140
288
490
883
-923
126
539
508
-349
-320
-979
912
-340
-827
22
327
-904
899
720
111
625
-240
224
-665
-279
-626
-501
-575
-76
310
618
191
51
-467
219
-369
798
672
-715
643
588
-89
-49
453
264
-237
957
353
-639
-558
-198
468
-16
292
-865
834
266
-336
844
913
528
-793
955
336
-625
235
-791
174
-81
-712
-985
-101
744
168
997
165
-444
-1000
-948
-136
-683
-749
-254
6
110
-304
-9
945
592
-927
863
-356
733
-557
-774
-119
799
-62
-845
696
-280
522
-249
607
-145
-857
-828
225
-775
-779
138
195
513
532
-367
-443
-962
-63
472
346
-621
-844
-872
-751
385
707
946
-805
-411
660
-677
77
228
-549
235
371
416
-79
679
-894
292
-417
220
335
-346
583
-593
818
939
-445
-252
509
142
486
-143
-142
-216
392
532
-197
-828
-82
798
-398
368
93
243
-778
-278
277
-825
334
-259
849
-683
658
500
681
-453
-808
127
983
896
323
-484
-42
575
-96
190
914
-444
176
-65
-206
218
-85
49
-263
621
-652
636
829
-490
-364
204
656
-130
-447
9
49
-40
27
-356
-460
-839
-74
-212
781
879
-597
-250
-995
-62
-482
-665
-351
-210
-705
98
-219
204
659
495
966
807
870
-345
695
19
418
-496
319
615
132
76
872
-238
964
-934
855
701
142
-819
422
-262
924
-346
-682
-346
39
-80
292
911
941
-137
192
767
127
-725
362
-105
649
-827
-939
303
465
917
-867
-454
282
-323
-384
417
468
207
-951
354
-815
-753
-45
969
874
-334
-289
-63
281
93
-545
226
601
-674
748
-544
769
-152
-159
239
96
-280
324
-499
952
-455
-961
-855
306
-246
997
315
-667
-118
909
262
782
-102
-595
569
772
-388
795
-178
-353
304
12
-219
-861
-798
199
-208
8
715
-981
699
-614
463
-206
-457
569
-434
867
22
689
493
39
-632
-916
884
710
-125
13
-751
-376
687
380
-563
-687
344
-333
-96
-50
-56
-926
298
-647
640
-4
-437
-918
344
-528
27
552
223
547
-127
497
196
499
276
122
128
-101
955
-424
136
-103
-648
-119
-478
207
196
77
-231
-362
-14
-807
-318
-45
-94
-567
-582
-574
-601
-665
957
-179
-850
288
861
-890
642
-995
-886
-557
-9
-702
57
-609
530
-434
659
869
186
-512
870
-731
-402
-110
-107
842
60
-159
783
646
-520
518
36
-124
-596
-612
-257
657
45
122
-733
649
-135
482
293
-680
364
283
896
331
-527
823
-516
-758
550
778
648
823
984
-153
-999
-451
-185
-673
-228
640
840
-101
-613
-271
22
420
586
643
-382
-819
494
-205
31
714
-878
-143
35
-554
-548
-589
928
-980
192
-964
-280
653
460
756
74
270
-786
-972
14
-932
526
-705
408
-655
378
-478
-163
801
-131
707
-504
144
-636
-462
-218
-724
-483
685
34
672
-481
-559
-513
-623
-214
-337
559
-241
-437
653
147
455
381
-893
653
-826
133
473
175
-946
-829
-270
788
-464
176
-459
929
-870
-71
138
-426
-945
-457
-278
-113
-303
264
393
436
-282
-49
268
623
424
670
-428
1
205
81
260
442
-95
-524
292
-374
863
-85
510
143
-92
-405
153
-566
-290
146
-336
904
285
723
-799
-379
-394
-39
398
889
547
-345
508
-298
862
907
643
999
382
-140
742
-904
114
689
294
180
-607
113
872
780
655
-825
-57
-371
-145
-692
-956
212
282
310
723
-449
677
-322
452
531
-239
-646
637
-605
-298
-359
160
-94
558
-927
932
-934
352
-112
10
-947
-575
653
-320
-531
16
-37
51
880
-590
-651
61
-345
-309
721
-691
798
257
-549
-766
-592
615
-905
-417
900
364
828
193
564
462
239
-690
988
-101
504
893
-572
-388
-238
38
139
-179
-915
675
479
-405
146
234
989
715
-175
-138
-774
-967
-833
776
605
21
402
481
-503
212
-837
-966
-284
758
372
-761
-170
426
549
485
597
-823
-94
-375
-36
839
898
-281
-879
-274
645
-471
245
-319
533
-715
-515
-340
423
-811
582
624
-33
-477
804
-695
-383
-998
-512
816
-824
114
285
-57
-741
-677
-551
-792
-801
924
66
-530
671
370
123
689
348
-954
997
-26
-34
858
144
940
-233
375
599
-183
-146
-71
-919
501
-165
813
-364
880
-282
708
-312
-717
-376
-332
-210
-625
127
-119
458
195
335
-263
-871
-300
-51
-106
-691
603
-894
664
811
340
-96
-593
856
591
-119
-840
897
-286
536
269
286
791
314
-801
-183
357
-303
664
-177
361
-332
316
-357
-419
-59
874
-569
513
91
575
561
706
-744
-603
769
128
403
303
51
914
-283
-302
-903
854
-420
536
821
910
-215
-912
91
-180
754
-4
-210
-879
786
-590
-345
-980
-372
959
-922
765
-911
-416
947
-590
529
765
-804
-931
-647
290
-742
919
867
674
629
681
-542
335
-96
-680
466
-592
173
34
853
154
-394
-350
-339
-140
-578
950
-215
624
-736
-403
909
275
84
492
-545
-719
-489
-415
-235
378
71
768
749
-286
-579
479
965
745
199
-176
-798
-871
441
228
-398
82
197
603
212
269
-549
-652
933
-374
-767
-248
410
-161
831
-998
-156
965
-785
-50
-448
-989
-886
823
-45
304
-991
-605
854
-1000
126
-715
-37
826
509
-685
646
261
988
-736
14
-862
431
434
-966
-108
343
922
-152
-913
553
765
982
-878
494
-495
84
262
-665
-760
-173
-891
425
-130
880
815
-644
-637
-575
-573
-917
-838
172
-440
-98
-273
-89
-752
-2
-768
171
-145
-306
828
197
-291
-444
-673
894
-938
-736
-364
-592
431
772
-689
728
392
488
469
-959
-435
-440
486
454
709
-886
556
-110
689
-364
158
244
-40
575
-876
382
917
383
-153
-316
-993
508
999
640
-460
-161
-731
486
865
-303
125
-921
170
41
647
206
999
229
667
-355
4
810
899
758
-859
-293
673
844
-321
798
363
945
722
-989
26
-647
821
-413
-932
214
381
-197
681
-544
186
248
-152
183
-647
-576
-92
-272
-655
-1000
639
577
529
-602
-107
-175
-364
-54
885
685
-532
-607
862
-557
-759
298
-6
840
-927
-157
-12
-798
-501
-32
-616
306
-651
-486
482
340
850
-515
-455
266
-662
699
-59
-125
-138
826
520
-669
340
188
511
-654
490
997
-465
-173
-633
-713
590
428
323
-333
-675
-771
640
904
716
-160
-872
36
-1000
307
228
-502
-593
-66
528
79
521
-20
-253
232
162
743
-998
656
140
822
-864
-861
919
-192
786
96
-563
-99
603
280
916
69
51
603
-591
-959
541
-282
740
885
-156
943
-363
542
-670
91
322
270
240
527
811
952
-424
266
136
-53
619
787
388
-612
-291
63
-819
397
-970
271
-104
-693
233
92
721
-436
-974
-747
-772
-764
-35
851
-595
104
866
-284
-341
-332
-531
628
549
-194
-44
-691
-245
-880
237
-595
193
-496
-382
104
463
-551
-325
920
-452
-852
-567
160
477
-13
-716
-61
130
678
720
129
637
-980
-263
-499
771
116
212
-138
506
-807
-859
-523
-28
-576
-164
-971
476
162
800
634
-38
-662
-928
772
-200
280
182
-348
-840
699
26
632
322
358
-739
-269
-424
-353
302
-48
764
-259
723
756
45
878
126
-405
-373
133
584
-762
-784
18
605
647
-317
-862
-921
711
553
-690
629
-751
223
452
-119
963
-392
-673
-826
870
-420
-948
109
831
-866
-913
-512
-970
-109
627
-355
-215
637
-183
45
-30
618
6
-193
524
-676
-886
666
-60
-848
290
455
677
668
799
-110
-656
-4
-371
762
-245
-851
-440
-519
-757
-957
-442
-831
248
26
611
747
470
457
414
602
-191
-489
-902
853
263
430
-941
299
-894
191
588
-422
560
-774
108
-980
-531
701
122
601
-957
541
260
-151
799
-559
-196
968
29
-475
-1000
-830
-519
116
3
405
-132
52
789
-309
-50
195
269
265
-308
343
-652
899
-772
482
-194
311
180
-611
-480
-631
-518
-643
-122
53
31
733
876
-486
-766
204
230
-545
90
-747
-908
442
751
-580
248
-407
561
-902
152
-992
-236
594
-665
361
706
370
-780
353
-289
-217
844
212
619
-141
328
-721
-736
798
-443
696
805
691
-782
-496
164
-968
864
-481
-726
906
-620
425
101
-913
668
-497
625
44
561
184
-260
851
-491
-898
469
858
-336
-470
147
-101
-625
146
-33
-87
656
222
249
-679
450
219
307
-604
-963
-433
-657
903
-738
842
-937
-228
-552
-42
-498
-72
763
-178
266
-227
46
389
-588
-786
-390
-613
384
677
153
-64
-364
-718
266
-5
-201
-860
-930
666
-434
443
-825
-520
-707
295
694
-460
536
639
-998
135
-663
997
-635
-253
700
-660
-22
704
958
-456
-706
802
-737
529
-44
162
-63
404
-403
-66
-552
-323
884
788
835
-671
-862
-51
401
190
-404
-6
-440
606
327
305
-591
-33
-107
-105
-382
-333
494
71
-92
971
-148
144
810
930
-935
654
557
-342
-294
-142
515
-614
722
-346
162
-941
-652
-366
-232
-644
-663
-92
482
339
-397
901
-618
514
-243
674
253
-722
-619
-658
-674
665
-833
622
384
213
737
-417
839
-503
691
-696
-67
296
-529
-932
-371
313
-145
-255
-2
-827
3
984
767
-335
-133
862
-117
662
-125
994
711
-720
-299
749
-408
-262
-954
-736
418
-828
-264
-766
-965
-560
-234
-502
43
-76
964
-808
698
-275
541
-513
887
-547
127
-556
-747
-783
130
-330
197
420
-276
231
3
-838
-491
48
378
-870
-484
546
-881
913
869
562
338
-276
182
-145
871
746
-207
-165
914
-553
-826
-553
-756
-412
613
-546
392
959
226
430
-314
446
-122
231
-948
60
986
-162
97
-957
162
-56
650
-78
192
-862
52
-70
-61
-233
-454
-441
589
-870
-293
-820
403
870
-718
-566
-255
-895
-87
-953
831
-373
-677
376
107
-267
-265
-881
-275
601
882
970
-887
-543
981
-511
-557
-736
-54
-803
-220
92
-417
164
-993
-873
-967
620
630
243
307
-433
-499
-434
461
212
379
846
-184
-713
-908
796
401
988
-861
538
589
-931
-585
700
-633
-923
345
71
905
-889
-414
489
-354
-104
678
24
975
46
-257
853
-944
868
-160
413
854
-176
-639
409
99
-585
735
-867
-534
160
626
-205
-650
-500
-726
-498
592
445
-967
159
-819
13
533
-962
-717
-340
96
-872
245
709
467
830
934
-87
113
-384
503
-821
293
43
142
-381
-702
-298
-495
616
486
771
360
-275
366
-606
-932
-998
242
865
282
-503
-617
642
-665
964
36
-493
215
463
-753
511
725
-29
-642
-762
286
-215
-640
-346
302
292
-779
-570
-24
-135
654
-64
427
216
14
28
433
-350
459
535
414
204
-509
-920
-873
-901
-155
429
107
-620
-680
-178
-389
-945
567
-143
-561
832
-544
-528
-62
94
781
541
811
-465
-540
72
-344
469
-647
-685
897
711
-557
-400
-238
749
-504
-229
40
244
-572
100
587
381
841
952
-977
-691
-298
990
-19
921
-129
-498
-949
-169
-502
-975
689
-298
-976
-614
622
-249
-282
-249
88
-266
-448
410
712
-360
-377
504
-256
214
532
-282
301
750
48
786
-337
93
-217
375
116
346
-378
759
749
922
-614
452
664
-587
-596
936
-654
805
620
384
458
969
477
-740
568
282
184
459
94
-626
499
262
83
565
466
-523
-631
902
-851
174
-821
696
394
525
-654
-433
137
605
740
537
425
-606
-831
359
813
-165
754
-643
904
-41
-78
906
-355
-409
-52
-123
-151
594
-26
576
-131
738
-807
-939
732
245
224
936
-1000
249
825
-76
801
580
-157
155
-870
-892
-490
-148
246
-993
-310
504
-688
947
-378
-881
-527
127
-525
-347
638
-382
-206
757
-204
-521
-322
191
-875
-505
877
-672
607
1
-251
-600
694
412
-124
644
683
-932
-594
-462
421
6
-909
201
428
991
-494
-177
277
727
38
-491
371
-543
941
935
-998
447
87
155
-895
387
202
-822
-33
-432
645
38
-173
-285
571
421
-283
966
156
-210
378
739
486
-806
-25
-646
-969
861
-723
-826
622
698
-279
781
936
254
-740
-297
-749
-613
-807
-904
-465
-126
-771
336
280
-819
-66
-834
-393
24
885
3
-152
-420
878
723
686
970
-384
-884
318
495
906
431
168
702
627
446
-109
827
-818
745
180
-917
-623
825
-574
326
-946
-555
-896
337
-630
-638
-938
-80
-820
568
-422
-90
729
-520
-799
852
-730
-307
-704
-154
-976
-939
293
-401
-871
-19
357
-489
-956
-789
-830
755
-118
-131
711
935
-165
991
857
628
-922
-134
434
-586
-660
-524
98
589
-574
671
487
309
-182
111
210
-279
-892
-71
945
-809
-923
934
857
860
-838
-345
-235
-397
203
723
-125
544
-558
700
-173
446
625
-853
-781
101
157
190
173
131
-22
-545
540
-849
466
808
551
94
-829
-491
-705
29
-761
910
551
416
649
457
-885
132
-985
-404
410
-802
-875
478
302
486
766
-869
-376
-229
-250
-730
152
474
894
-304
196
904
443
-943
396
649
-518
-785
176
-924
112
755
-210
-715
-436
456
-889
733
-845
-754
366
-380
440
-554
126
796
-12
772
-124
-998
518
-185
-86
-860
-353
-891
-528
284
18
-616
-299
-718
-438
883
-140
262
-243
290
114
565
-289
-280
558
-793
-777
-598
-653
-694
-456
322
658
-232
895
804
712
-792
523
848
-512
153
-537
258
804
181
-319
-491
-892
-989
-984
763
447
132
650
-790
-263
-587
-639
-628
-813
413
-780
798
413
-530
-779
498
903
-883
122
-179
836
-5
77
34
-738
383
-266
-57
424
295
-796
-799
135
-904
-848
807
-869
-389
898
529
157
303
642
-108
-59
-471
367
-952
35
-638
-846
-776
-268
-113
-436
848
-708
-925
-247
470
982
-135
-844
-120
988
411
-976
169
-40
-193
108
533
806
-393
830
-315
218
-96
109
-341
-383
-201
647
-136
832
923
96
987
-187
-79
-310
-766
-605
222
-930
-352
-309
226
-412
-802
-975
402
-36
788
-346
-987
789
-412
732
-891
188
524
-101
673
170
-186
417
371
-25
370
-630
50
306
-659
-790
-367
170
257
-666
780
542
-21
-516
429
-365
-648
869
-274
-642
-101
95
982
577
-362
542
335
844
512
506
-516
728
547
287
500
-281
-844
-285
-362
237
397
-97
800
408
688
-416
319
708
976
639
640
190
936
815
561
-897
-537
-634
-245
544
-987
-464
-647
632
851
-285
879
-89
-516
423
-187
405
861
-129
653
-615
-871
-71
270
-673
-533
-462
557
421
128
546
266
312
-205
538
-941
-303
-209
-280
504
-326
-724
-87
-331
-20
-252
628
-319
-164
-362
771
806
23
908
-419
-848
-70
-599
918
473
-393
913
848
-161
-332
493
366
-461
-739
-885
-113
-567
713
-5
751
778
715
-522
-672
-344
759
141
-43
789
735
-567
484
553
40
378
153
219
997
684
-458
-57
331
403
576
-769
-491
-94
-346
907
-824
-666
-336
-49
559
-759
882
697
-613
-418
-984
157
-196
-316
43
-628
-260
398
402
973
850
554
-111
-716
-729
-293
275
-914
132
-200
862
-165
-353
-260
-602
306
23
-226
342
-773
-552
-632
605
-727
-879
-636
701
445
211
470
70
-557
774
177
40
506
634
470
740
-173
-878
-955
-980
701
313
217
-143
-42
-969
780
118
-596
215
989
48
761
-258
904
121
-739
743
-568
-76
-526
-796
370
-681
-615
-242
363
451
37
770
-845
653
-978
-823
68
-686
550
944
600
-611
671
-594
-529
-216
112
955
-451
123
720
-990
-1
343
-652
342
363
98
-525
-650
-709
500
-150
-235
930
-869
343
821
226
-292
-799
625
-687
-244
668
-308
545
142
76
947
291
-196
-462
947
602
-447
705
922
-938
54
-852
986
731
35
761
-923
391
384
827
27
-109
868
470
965
-171
-805
949
941
946
314
-237
94
422
-819
689
-115
-893
677
723
197
-170
-844
-134
285
-714
502
791
174
935
-667
-177
622
756
-729
-34
-999
642
-634
-565
-794
183
301
-266
77
276
-986
828
395
-796
-923
-742
652
-271
-546
-919
-986
-995
-950
-421
337
-592
-25
268
519
-579
162
-921
46
-331
984
754
338
-533
175
-608
46
-395
713
-697
59
254
324
-980
152
279
270
802
-716
-349
734
148
-344
419
624
-80
-696
751
-675
-416
-575
426
335
638
755
-564
-578
548
-41
567
423
-943
849
-657
-16
-869
596
16
-913
790
228
621
758
-741
18
-131
-948
-431
-195
-613
665
-200
-21
-926
96
701
652
-94
-605
-28
755
-93
526
-23
-924
-757
487
643
-874
100
-830
87
-996
633
862
232
649
-358
93
732
873
678
539
-478
-127
677
-751
-107
793
-675
-389
-95
-318
-672
214
-72
307
-738
-169
301
-840
207
879
-595
-160
809
-479
-548
-345
849
-401
-567
-525
413
128
-815
138
-110
-870
-311
191
494
701
200
-423
-305
-305
-423
174
862
-2
50
-225
323
-506
-838
501
863
734
-650
346
-257
-908
597
-884
644
347
-456
760
-242
-118
847
930
391
-543
-222
204
770
579
-901
361
-704
-988
805
893
389
-808
-493
357
471
841
181
213
244
307
54
-430
551
774
504
62
42
-755
319
301
956
294
145
-478
-994
350
-640
-384
909
-403
596
614
970
400
218
-116
405
-949
-843
-410
-9
894
-819
704
-639
-207
689
388
774
465
660
-772
-3
352
-436
-310
-13
354
-579
374
-237
790
335
796
869
871
783
-26
194
663
-274
-374
114
-452
274
79
118
100
139
-8
899
-834
680
636
-99
-740
-493
-777
921
303
-818
-262
-268
-938
-701
-130
-218
356
-727
-866
-912
-18
-479
-58
329
312
-816
868
161
962
431
-334
573
243
577
128
722
530
-16
994
656
745
-538
287
-983
-722
650
154
775
327
502
260
891
-41
685
52
624
743
-615
176
-882
-602
-739
452
-984
387
-106
-285
392
709
-404
839
-219
-385
-119
599
808
496
-865
828
-644
-694
291
198
-341
-282
-20
17
62
585
637
175
288
-751
664
-781
-654
626
-263
-372
-680
180
250
216
439
79
629
907
348
-625
604
520
-957
-94
613
-453
-519
-734
-56
-921
-727
99
-52
940
-928
-432
-86
-451
506
68
19
-585
779
-722
-744
143
-649
-219
927
-187
-950
443
-975
-211
644
801
-532
-86
231
761
41
660
-153
-458
-843
-116
142
710
522
-208
194
-814
746
212
-337
38
82
-362
-1000
-152
917
371
-529
-710
449
312
11
-688
-994
734
-357
-619
859
-239
75
-348
-306
-422
772
-930
-542
14
884
119
-985
-133
611
156
-823
541
691
625
-188
-352
848
-709
230
425
-917
-625
804
-665
-221
-975
-793
738
51
384
-505
-742
-879
-917
474
787
618
-628
488
805
713
-72
542
-943
648
35
-748
-107
-238
816
92
-417
289
91
52
344
-385
-219
242
-516
443
224
917
-608
-436
517
96
613
219
664
560
280
-866
711
-953
147
437
-182
919
73
-199
396
-429
512
667
-93
268
768
-205
-641
-833
-25
844
624
-784
-67
-576
370
155
337
407
-53
919
705
892
598
-287
831
227
-298
-652
-554
-573
-257
844
723
698
936
641
-681
384
536
-260
-104
254
353
34
985
543
522
-562
-43
-682
-552
-661
386
864
-829
-476
-750
339
563
-541
859
659
251
382
609
-714
-669
607
-140
-97
88
139
-703
-210
533
350
-665
5
420
-113
-474
812
-81
434
537
-931
-751
311
425
99
-910
-501
-832
-58
691
222
-879
133
-613
164
-472
-185
-258
-609
998
-915
921
-470
778
161
-932
-98
694
-574
749
964
-177
863
-76
-280
847
90
-347
-642
-373
-611
172
722
28
243
770
508
317
-154
635
958
-212
-402
864
-354
717
479
-834
-920
-783
93
101
548
957
153
-292
146
-197
-517
110
99
274
0
-149
-629
651
946
-287
-674
-218
-371
655
664
286
40
-258
528
348
-446
-536
-594
-122
-585
-882
945
-78
-237
87
-37
-468
-570
-948
-710
-159
780
-757
-9
61
155
-196
616
-124
545
635
-18
22
-396
-819
327
20
530
779
-576
-275
-315
-515
274
-497
175
66
510
755
431
-344
-673
791
-366
598
-244
875
-409
-850
480
678
307
552
353
962
-681
91
-284
-959
235
-624
-242
-285
476
625
-399
526
-845
-203
-625
823
641
736
-657
74
-273
-106
-728
501
-313
-620
-517
916
-913
-339
-939
-194
306
-970
-882
20
-963
218
269
-899
87
903
-881
-149
-659
739
-142
-64
-500
-910
-335
-306
42
-101
30
-459
562
-993
303
-164
168
-449
-719
74
-947
-607
-180
-580
-898
906
-990
-407
-124
-182
697
-345
713
909
977
608
-808
368
-158
-336
-822
-380
261
-343
-431
644
-745
-575
-994
-886
778
-154
-168
155
-328
-911
-855
-270
387
680
29
-257
694
-334
781
448
-135
544
511
-988
-87
982
39
256
-506
-544
920
131
920
-705
177
-649
533
837
-127
758
-459
448
471
616
-467
281
-469
425
-645
-204
-86
272
-397
-770
140
-396
-776
-563
-474
445
615
978
-345
841
-266
-284
-615
-825
-814
-409
156
-216
-513
996
172
182
-976
807
912
-282
-623
414
-974
152
998
578
998
187
-843
351
226
-214
-472
-33
-988
-991
477
639
-647
-946
-184
-5
514
-891
-776
806
511
158
-198
736
-352
187
366
-113
626
-350
-218
-487
660
-128
530
348
-6
316
107
295
613
258
386
635
-96
799
517
357
340
952
-119
660
-547
776
877
290
314
-972
482
-10
-881
-844
-656
175
182
196
226
-383
-454
937
504
401
236
241
-81
286
-986
245
-197
32
279
-500
-635
413
-381
-25
578
-262
308
783
202
-295
485
455
-471
-832
995
775
-384
101
-292
231
-359
553
-456
247
743
-297
-601
-773
-656
-728
-258
-102
807
311
-965
-182
803
-438
978
239
-974
-249
522
-180
74
210
-460
255
657
-718
901
906
418
-114
-158
-151
789
-389
-368
458
-265
-470
757
914
-940
989
308
482
-297
147
990
-544
548
-18
913
-235
793
-182
653
-885
-904
127
-824
-929
-708
-391
-6
-401
-581
-557
-540
-343
66
-817
-616
-157
-174
444
-380
-770
257
457
211
-336
-213
597
-787
-460
-942
850
221
-236
-176
612
-184
-871
374
-893
602
323
784
568
-583
-272
963
-500
-500
229
176
103
124
-128
172
432
-843
-297
442
455
-259
726
256
856
-520
62
-13
750
374
403
-565
-921
-89
17
-496
-366
655
-261
-356
-178
365
33
584
-128
713
-805
-334
832
-796
696
-700
988
-41
-642
-242
-395
-54
-329
-431
760
612
704
218
698
-46
-193
334
819
-720
607
-440
738
755
-292
-313
297
-129
309
-748
361
336
794
791
86
-900
-864
313
-989
-708
950
872
60
-339
307
4
-424
-226
160
799
-251
244
696
-602
41
16
312
340
-310
-657
-558
-594
448
105
-710
-870
928
54
-380
515
647
756
240
-785
-593
-147
202
-768
-232
-233
593
-623
-322
635
-975
204
249
125
-937
-711
-965
-243
949
3
-905
-969
790
-489
337
382
839
228
1000
606
-318
111
-141
-15
515
-47
-554
877
772
215
-684
-155
-287
-128
211
432
273
-547
-352
977
-207
-807
-73
993
968
207
-801
152
675
892
97
-416
-570
312
-4
-714
-785
777
848
-847
-913
721
695
-630
232
-226
741
88
-506
-817
-512
-725
-428
287
-567
-412
-490
836
838
-867
-30
772
759
-484
182
-442
-917
347
-99
-470
786
460
183
124
693
369
942
-825
559
495
