207
-602
-713
669
161
839
316
350
-74
-503
633
-285
-10
-385
-402
-807
507
-492
980
7
838
358
766
981
-35
-858
835
-998
963
28
556
905
970
491
671
319
566
-2
-875
9
409
-785
424
763
593
-798
207
541
618
686
637
-37
-49
585
-540
-115
263
686
106
-37
-510
-182
-586
492
198
272
212
73
274
177
358
271
-145
-493
-878
479
-196
975
-403
-170
19
412
-192
-246
-444
618
-788
-515
-556
-649
-757
-781
234
-114
-503
-445
627
210
-52
-651
-902
546
238
469
-687
-219
-523
567
-257
-65
-863
806
-933
-336
995
-101
-917
-444
-335
-626
-483
489
-925
-128
630
-670
-139
-567
390
479
-742
-458
-670
-252
-97
829
-107
339
139
544
488
-93
-377
-73
-529
850
-697
-2
175
557
-439
-80
-685
149
-40
262
-579
-65
992
833
-870
-280
894
-891
-385
-960
797
617
-920
-394
285
39
90
-262
40
-133
-474
-144
530
-876
-805
919
-131
-579
437
-613
413
689
239
755
133
-320
218
-189
-788
-527
-927
-13
-175
983
146
550
-793
-791
917
477
-448
557
-399
632
-158
83
831
-206
-482
-301
408
567
832
835
-979
739
220
233
-400
-894
-412
499
885
-516
-449
-969
47
651
-173
-614
-447
736
-547
-992
-429
595
-866
548
-922
-156
348
872
301
-600
683
258
916
-289
-148
-428
-790
-210
-395
-309
358
-220
843
-63
-926
-30
-822
-164
140
-298
-540
902
715
357
-784
-843
10
707
-237
972
-852
796
-102
735
131
-407
-22
481
-100
-531
305
966
-444
-831
979
272
-344
974
-293
80
370
779
-892
-174
-467
50
908
-387
370
-455
-294
984
584
638
620
-796
-716
-448
-159
808
679
440
322
-208
855
-97
-220
930
918
-875
-474
-325
267
-682
562
305
523
-941
-617
-491
-507
972
-861
284
481
46
-612
-327
-539
286
96
-331
628
542
-795
-739
394
322
298
-486
844
-982
-926
-902
726
90
981
464
-940
620
-325
934
837
-649
146
-730
621
-649
326
-490
223
-11
954
-99
-453
771
43
525
237
-906
-15
-829
-270
-509
694
311
617
181
-124
704
-532
-661
-823
492
156
-151
-656
-493
30
-116
-327
28
-345
-78
-290
-423
379
-844
632
808
869
-978
190
694
-507
-826
-710
892
545
-370
456
469
98
42
213
853
-673
-384
20
-46
984
-523
416
127
810
991
435
-877
-286
-359
-272
27
-704
278
587
-937
-647
-977
-727
-178
42
-735
837
126
228
-2
-165
181
788
-276
228
-401
-859
-452
-178
-2
-914
136
-532
-520
950
523
254
330
596
-136
-523
584
-840
-721
-140
194
111
956
-71
-846
908
-668
989
859
-388
-982
89
602
-755
357
647
329
433
862
-243
526
214
-744
738
-456
-68
82
-525
256
-2
83
-635
-663
741
607
-597
794
704
-266
-394
-799
899
-174
-976
759
-842
61
-565
-642
-164
-208
-547
124
37
-84
-530
900
-830
-352
848
383
-259
-374
-589
-351
205
26
-339
-113
-621
-439
-951
484
-104
921
194
683
140
-503
-595
544
181
251
-687
758
-204
-972
658
-674
-287
-387
665
-348
791
409
-800
857
473
417
338
-606
-815
565
-618
268
766
336
436
-366
-765
-351
-463
505
501
538
-713
549
-989
735
-231
682
822
-526
-144
126
93
357
-919
732
-948
739
-530
114
46
357
869
-60
90
334
-817
532
783
-932
900
-624
175
-772
-536
-348
-127
75
178
902
-43
-802
942
16
680
714
821
815
-619
366
91
-708
-530
948
526
119
-544
658
432
-856
281
870
-588
-792
48
508
-718
-505
-279
78
-531
-149
357
-108
777
-282
-970
-533
-162
149
-550
172
-741
216
-946
-772
246
-644
-543
830
-311
-189
696
-109
964
1000
-262
520
-650
-400
-356
-146
368
-22
-466
161
-440
-812
-249
875
154
11
969
132
748
-863
-986
-460
402
63
-346
-813
204
680
-894
789
-389
-9
-371
-687
-915
-763
-961
-412
-20
574
-81
885
375
-98
-383
976
-39
-900
-820
13
377
524
866
625
-518
399
-923
-383
391
-94
-400
708
-738
943
-48
24
-610
911
-834
328
124
-507
164
-324
786
598
-624
751
360
-495
373
802
133
966
157
889
-585
-194
677
-965
976
-403
-179
460
-667
326
-342
756
724
-233
455
-211
-31
36
-55
5
-805
953
270
159
262
-873
901
-981
-414
956
215
934
-392
-365
297
-100
-877
500
-890
-606
758
-838
-513
-510
415
-926
358
49
207
-486
-787
-906
139
809
512
268
-201
-897
792
418
761
244
-716
622
-897
762
533
575
-823
422
-817
540
-677
789
175
803
705
502
-607
-282
-41
-357
255
702
-323
-680
273
-846
121
-536
-224
-326
93
-963
-641
530
566
710
853
-157
-302
-142
-490
-551
20
378
-947
-627
-389
-876
-929
-459
-307
-710
440
687
158
-93
627
783
150
24
-134
-960
-616
100
-727
364
-939
1
825
-734
-863
1
792
-689
267
43
-624
646
937
-961
913
-179
623
-286
-673
349
883
-904
-780
981
149
-83
-59
979
-592
302
609
445
880
692
970
590
456
-259
-201
-454
375
368
9
733
442
-983
-231
385
-89
819
460
95
-787
735
344
623
933
-488
655
862
945
-92
760
371
483
782
-419
321
-949
-728
987
657
-439
-463
-135
791
276
756
-634
359
-532
573
-35
-439
283
545
-480
141
-554
528
-438
-784
927
-450
-96
-138
-721
-69
70
-872
-805
-647
123
799
532
-690
-196
196
250
754
-301
715
767
-996
496
-834
-414
-181
-415
-332
-477
-172
-92
926
229
69
35
116
526
-952
722
199
215
-593
-407
612
49
385
-937
-902
-211
-562
430
-33
-518
908
892
119
153
-983
-927
969
-738
119
-810
-921
-545
-646
786
-882
-403
77
-141
-29
65
-971
-733
416
72
842
38
196
68
-552
132
858
-755
231
721
527
-265
274
989
-113
-665
303
-391
686
-516
281
-690
144
629
533
-342
709
-895
363
381
573
-880
-493
-640
338
-267
-341
-685
400
-301
82
-580
176
127
482
985
-91
374
-362
724
773
234
756
-364
-913
947
32
243
-320
-736
-588
979
-687
-33
637
-204
-853
-106
106
-21
934
-597
-39
-769
751
268
623
-949
920
171
-3
456
-715
-28
-692
55
547
-114
-434
-237
172
-602
-200
-970
-922
675
399
-476
777
936
-906
-637
307
-266
831
-617
-384
-66
-562
364
-261
-710
-976
-368
801
-76
561
882
-820
-829
-801
-568
447
492
-315
12
-576
-711
15
477
-861
-512
573
475
-937
-142
-579
-817
-76
313
-641
110
956
510
980
-34
-992
-87
29
486
259
352
-140
982
-804
-66
-913
-965
891
555
45
-385
-830
330
-787
132
-796
686
-89
-753
276
509
-111
-302
-465
861
-438
488
-380
-55
801
-325
-52
-867
884
-255
278
-349
426
343
762
949
629
-86
-5
444
-453
904
-483
-982
-240
972
271
714
-329
-185
-249
-688
-453
293
883
151
430
-981
95
-800
-126
-500
169
-487
-345
-217
13
612
249
525
-528
-885
374
-999
-858
-219
-658
-73
-598
-717
703
209
-348
-75
846
411
998
-203
-961
760
-130
284
88
-629
468
846
395
438
-720
-600
-252
-688
-480
-695
756
-825
811
12
839
-742
262
-377
103
-562
954
-468
269
-234
-868
204
987
314
149
592
-301
489
-197
-580
-670
564
652
-629
663
-780
-509
-494
-471
-190
-778
940
722
-96
-902
293
477
-216
254
-646
-522
-855
435
-590
609
156
-382
388
-748
65
-335
-345
-508
-875
721
-384
596
-748
-770
-471
-715
328
413
-421
389
602
246
479
56
352
-541
461
212
158
897
51
879
609
-384
593
103
-572
752
546
592
761
-763
425
-226
604
820
-326
-582
-534
-394
426
591
264
791
247
-780
441
-924
715
-302
-480
-36
-101
-90
581
59
-576
-60
-749
134
-109
-117
-347
-83
-662
431
745
-851
-614
760
543
57
-881
-641
367
672
595
122
671
-387
695
881
563
128
-827
595
771
525
498
182
-368
-848
696
-111
-690
-502
991
-840
211
-400
840
385
250
809
-922
-263
-968
-782
972
-656
-516
-610
-915
-33
513
468
-408
768
-976
-23
-349
16
-621
147
-122
848
-553
521
-505
316
11
-784
26
-874
-676
567
793
-357
916
265
-975
-972
-159
247
150
989
767
529
-437
-630
624
551
759
-589
798
787
932
-416
-999
587
-259
811
-925
-100
310
137
972
929
510
-654
998
574
705
119
631
-114
38
151
272
362
-453
58
-838
181
-826
782
-979
-978
-893
-433
716
-11
566
-466
-349
408
827
-727
-609
169
474
-263
852
-513
-510
82
500
542
243
67
793
450
-894
121
122
201
175
-370
629
-809
-784
-856
492
-615
374
-284
-139
-738
-646
-563
-832
164
347
635
-295
-739
866
-575
619
-813
809
-443
-934
472
-78
-262
-502
888
-774
-400
350
-363
623
974
998
739
-221
-302
-916
-414
-871
703
754
-576
-937
-526
-21
-965
-760
2
962
61
-201
-873
-279
-56
477
-337
-217
-483
166
976
845
593
420
-809
933
-597
661
855
509
-932
584
871
601
-511
979
667
61
-948
791
127
-451
69
276
891
-246
-953
-835
-978
107
170
-370
244
-547
-654
895
-233
-798
-80
477
155
-390
-594
807
922
-835
97
-668
472
223
-811
-132
-523
296
503
-215
-283
896
-903
-931
647
-702
258
970
-901
-422
-541
-376
-954
770
-143
561
331
259
-459
-519
875
227
-503
-199
-347
664
-52
-255
138
53
968
-887
617
181
-581
707
-591
877
788
-257
-806
-74
-729
314
-744
278
17
755
218
-814
-725
-340
-323
-147
645
-203
-147
253
653
-823
546
-191
-374
-446
-649
-916
-572
7
327
527
705
-654
97
-955
-3
-857
-18
-404
247
-832
489
521
444
119
383
17
753
521
658
-377
-117
-33
17
634
-124
343
-735
-471
235
488
-796
-288
957
915
770
-269
-886
747
375
909
-828
-624
-877
479
-856
999
908
529
749
772
367
512
448
-341
-55
239
-883
588
687
233
102
-694
172
4
-918
673
716
500
249
-740
223
-281
201
-833
709
-555
629
-85
975
723
738
617
794
565
-516
-975
-842
-614
402
-182
559
-951
777
871
-688
-228
-698
668
-697
26
-775
-98
-691
517
120
-133
365
-462
-309
-419
-477
575
923
-77
-3
400
-682
-864
-71
-651
172
-62
-266
962
-561
-798
739
-189
-645
752
-365
905
-65
255
530
-94
618
-570
841
-202
-35
340
-370
-202
319
-577
362
337
778
983
-740
-323
659
211
280
-136
651
-823
983
218
-710
-744
-53
-981
405
-333
-46
189
852
-794
-895
-260
896
423
581
-69
927
427
-701
516
-49
910
164
344
812
102
464
-231
-89
100
-831
420
316
472
437
-661
-677
802
-248
-712
57
-853
802
760
773
464
543
165
582
-956
-57
5
716
398
-471
194
-1000
280
619
-197
-345
-966
-725
-422
735
-713
734
902
99
-955
532
-435
981
-642
-712
-549
-793
628
-42
617
151
-255
688
-926
939
292
-885
-437
695
796
474
-36
426
15
-262
-316
-286
-279
782
-678
731
111
301
103
-223
759
108
-770
92
433
649
-420
77
-576
-805
-870
446
-825
-420
-819
-535
974
925
-16
-636
802
250
-512
790
-267
384
710
77
362
395
-125
975
968
-847
754
694
-145
80
-260
154
567
-346
-634
-661
416
-837
-526
975
-183
-73
762
105
849
-764
446
-992
373
-730
-666
625
-669
-629
824
-652
415
-415
865
-779
464
-220
624
435
46
-597
-690
733
-214
-355
382
726
580
-716
875
652
-743
91
386
6
-566
703
924
78
-577
88
-399
-702
784
689
115
981
496
41
-220
-638
-759
-284
-827
515
438
536
905
124
721
-672
553
-888
165
71
-576
951
-782
54
598
-985
-206
-138
-329
-202
580
-320
816
-348
-905
90
-483
-958
7
-64
-768
429
665
934
489
761
46
-616
976
949
-96
-699
-632
993
345
-845
440
-180
523
696
-815
636
794
-750
107
723
-203
-333
-505
-492
-715
-684
561
-741
796
-121
-742
783
669
798
-777
-557
26
-461
713
-447
157
-179
-82
328
-800
-523
-357
672
-520
942
435
-615
297
-369
429
344
-850
901
-330
-861
-674
-962
315
138
257
191
121
328
-1000
-501
-2
-525
23
940
613
-354
246
24
-976
932
427
-420
-707
340
591
-40
981
-895
142
206
-371
-259
-488
969
207
-525
897
393
412
-582
211
154
329
670
-87
-603
468
-648
-31
211
-534
395
61
231
131
-130
-836
567
-695
-937
482
-944
417
912
-575
-255
135
580
-100
483
925
638
-922
-730
929
626
767
-103
-549
-463
-78
947
-816
385
-423
419
76
918
655
167
24
-897
134
5
-914
-146
238
-848
-669
468
892
398
-49
-309
-846
136
53
-588
345
-487
298
450
432
667
-381
-106
637
869
-47
877
-419
200
509
-833
747
-543
280
331
651
569
290
-319
181
-235
-255
-959
-16
-255
-163
-892
446
909
-232
305
-670
-82
-954
161
-855
-260
-657
614
430
-772
162
-176
-886
-844
103
610
-224
-249
-64
688
518
859
677
523
-486
962
968
-51
37
736
782
-837
847
-787
-816
850
-254
-166
-985
-463
251
403
757
-128
-159
-512
799
-776
-759
881
-905
923
-79
5
-405
-516
-836
345
150
-906
856
252
-729
504
-304
-343
-188
607
-946
379
-680
121
938
733
696
486
861
-410
-776
-965
902
-285
132
-292
-125
-16
93
-105
765
635
-811
150
-164
906
135
437
24
-482
-30
-127
-635
921
-44
-658
689
-131
538
51
612
-500
-763
-911
867
-668
-894
944
386
-884
-357
-335
-292
905
198
-703
214
-991
375
-716
850
-232
258
963
681
-418
563
63
944
696
-16
473
728
-219
-112
351
-663
342
540
772
-254
462
-930
-206
-904
238
414
831
562
960
-918
-114
-303
-627
819
-700
526
944
927
175
-632
536
-286
-534
384
513
855
118
-752
766
-419
-326
930
356
16
631
312
204
279
-906
294
860
627
528
-790
-688
-881
576
97
-129
-210
356
323
-266
-890
106
-735
870
788
-359
8
180
-966
669
-427
-928
63
870
359
861
-913
-169
-908
28
695
569
-977
-96
504
611
422
541
830
296
45
397
-54
-503
646
-591
14
-696
-159
-252
422
156
827
-971
754
741
-362
-463
-522
-757
-747
-856
185
-408
403
429
313
-165
-721
705
-553
822
-893
745
179
1
423
-621
-65
367
-318
293
-95
422
904
-867
371
617
-173
936
171
44
-487
-184
-261
-522
-56
-840
361
662
590
-606
-369
-155
-876
-176
173
47
23
77
557
-865
-786
483
285
114
-966
226
-618
-411
-266
-209
627
-123
438
790
-980
-892
16
-533
-594
-726
-317
-342
-141
658
741
-149
552
-719
169
561
-633
150
459
-66
260
-280
-974
-680
675
583
382
838
644
-389
434
702
-264
-11
-401
777
864
760
-987
706
831
39
-792
26
-838
170
515
-828
-526
244
623
-663
879
568
-325
512
867
756
725
685
990
-880
871
361
-823
954
322
270
-593
844
-667
-3
473
945
-981
-923
349
-489
807
-112
-16
-385
290
-516
619
-721
100
-442
870
-4
162
99
727
717
-194
6
857
-656
891
337
587
-983
851
511
-561
-115
796
-280
647
182
800
-869
-164
-889
-713
210
62
397
374
464
-477
-167
339
-478
-415
299
-940
763
751
-736
710
303
-429
-438
-367
-267
117
447
338
747
-310
783
816
736
801
957
804
902
-997
708
-896
-706
931
-243
184
-764
-72
-95
-326
423
-681
986
791
148
-448
-238
214
49
-556
-498
-60
-972
202
407
157
-614
123
155
512
-843
694
617
-829
454
-27
184
265
-802
192
-661
-395
-811
698
-141
960
56
-489
13
-552
861
795
677
85
-187
537
-462
-940
-903
800
-672
607
106
-810
-345
869
-61
626
-501
336
-35
375
-575
-886
-264
736
-503
-87
166
753
887
-547
754
568
-166
-601
926
-154
514
-810
389
607
663
-700
547
-151
-724
754
857
263
-481
686
844
327
-799
-13
-745
263
249
-657
168
798
-559
695
-580
64
-415
106
604
479
-114
737
-181
959
-27
325
871
-649
3
356
804
-610
145
-233
-195
-576
-790
-21
-866
943
-742
697
649
721
-858
598
949
-600
68
-46
-300
122
810
539
469
787
-350
139
-428
-890
77
591
-495
-831
877
299
838
381
49
-472
-927
-312
-166
-666
277
504
362
-360
-37
-847
730
-792
-74
-858
-689
-85
-798
-906
-947
685
210
200
240
909
545
-299
632
106
-486
662
-542
-946
-955
-316
614
-683
529
942
719
-141
724
935
-524
112
940
-964
-301
-54
-900
-332
-871
-383
-157
789
926
827
-884
315
203
-596
888
701
466
-163
-68
-45
482
718
692
28
-9
-723
-730
-983
-694
517
-759
743
986
-847
-869
228
-658
-338
822
-35
435
648
773
846
-313
629
-412
-942
267
-71
-890
-222
415
877
-264
-579
-240
-803
-583
30
58
-11
-985
262
414
838
979
-698
-474
-793
-419
759
-219
986
-32
465
-784
-634
937
-282
-265
767
-408
-387
601
-253
-416
972
-371
71
-189
-550
-793
754
-542
165
-190
379
-211
-236
44
-869
369
-465
-173
-509
485
847
-223
930
243
-136
-786
-970
352
19
296
303
-540
-683
-726
-859
152
-935
21
-883
495
841
-311
-39
278
-599
-496
-452
-918
585
-12
178
990
430
-6
-401
-651
-407
946
317
864
-474
-835
-980
-564
-584
-466
-905
261
360
-396
-293
-349
-812
182
-726
-113
-482
-732
-555
-861
879
350
-323
908
569
-778
408
252
543
218
-612
161
-199
900
768
138
-489
-685
-190
96
-269
-991
440
-258
833
-493
960
-934
543
-953
900
-301
454
893
-294
-1000
132
166
-645
-56
-430
936
912
-553
-420
347
-241
-107
120
-464
906
834
-786
784
-598
-38
0
141
270
387
792
-701
421
-330
-590
-96
-454
257
-25
-197
389
375
2
122
327
-775
-780
242
-410
709
910
675
952
-221
-988
794
-208
-223
-638
321
-545
-103
676
941
-690
977
-805
-40
-612
800
962
945
153
939
-275
-265
-138
-37
886
98
-657
-777
-641
906
564
577
659
392
-328
885
208
-761
822
-486
62
62
-186
-162
-813
872
840
912
-774
-345
-495
522
-924
322
-427
-474
-623
499
-353
-608
-881
-164
626
-314
878
-56
663
-462
369
-872
-154
562
-10
-464
-152
-714
-5
-940
-629
-379
729
208
130
986
212
-710
-686
572
-303
-670
-738
-510
-95
-487
391
159
-380
-159
-772
269
-875
589
68
355
-274
-158
-34
-68
-611
-64
610
-374
-939
773
-79
-700
-579
-81
-275
712
-737
946
-829
830
644
-105
-186
128
-522
-699
-431
-919
-567
-74
940
787
421
-328
-225
-476
293
242
349
-444
343
423
-760
465
-435
-550
373
877
402
174
982
577
182
-616
-670
154
592
-457
-665
-839
-212
-940
-115
877
-997
414
833
758
-598
-605
622
-750
891
-221
-946
842
-319
-772
20
421
163
385
379
73
779
-827
306
-719
951
86
-179
-610
533
1000
-685
653
418
-458
100
-801
293
583
-507
-88
445
-608
170
951
-607
591
-615
-884
875
153
-443
579
715
848
37
-721
-931
-351
-340
-186
460
-116
765
977
134
987
750
583
518
186
697
398
837
664
-95
460
254
150
-413
-339
-233
-238
938
742
584
476
541
-388
949
-281
338
584
-363
-287
-489
65
100
-707
-14
893
289
959
-118
-940
866
730
-364
-267
789
-66
-487
-487
693
-122
956
-509
-623
-694
-990
346
-823
-605
513
300
-800
-145
-789
821
65
108
453
-420
-866
643
-202
597
-491
-121
-1
-633
-204
23
-8
-531
-202
268
928
444
450
713
-836
247
335
22
-257
-614
-418
-976
599
-699
-76
-667
-256
908
-715
117
553
245
-419
53
975
-388
915
-838
-657
231
-275
912
-902
829
844
849
30
599
-349
-711
-545
-480
-510
927
835
462
77
-56
-489
-9
566
537
-79
968
368
81
-161
1
-115
-127
-289
167
-435
57
643
383
730
-198
308
852
-730
-841
635
335
-674
376
-176
357
-276
145
460
514
-434
454
-849
-226
-386
-647
-443
645
-252
-249
347
169
436
663
196
-800
-708
445
-281
681
-644
-321
999
825
682
192
296
279
480
-820
28
23
-989
152
-714
596
-845
449
167
626
514
608
-549
-746
-299
236
-337
-441
-132
-908
-744
-564
-764
181
-443
925
942
-778
625
482
-506
50
-10
-414
-377
-485
977
934
-1000
-927
812
-391
-121
242
-386
378
-514
-518
-547
-407
-267
120
-687
-694
-391
-511
-456
-431
628
490
971
-178
-97
979
-614
-769
-65
-226
353
-688
176
-582
-131
331
643
711
738
-334
945
-744
-125
-406
-412
811
284
566
790
-51
-167
-638
-136
914
384
998
317
241
704
-29
-929
788
636
-164
-869
-968
-248
-809
-400
-758
79
-158
-514
556
622
617
602
383
353
986
-874
-650
743
626
-648
262
1000
-297
-785
-249
291
740
806
-10
0
-476
259
-208
458
624
-406
-130
236
206
647
-766
880
-956
682
146
-895
624
364
17
-795
-617
3
-332
-560
709
811
-905
-419
119
-533
-693
755
-326
606
613
674
-444
-75
-969
699
-772
-857
-891
605
789
984
273
324
-732
474
-666
777
725
-880
720
-274
983
710
350
971
-586
-646
623
-790
208
-841
686
-805
101
-965
-543
893
-69
-994
677
-208
558
-354
-960
-961
-992
-86
785
773
779
-792
126
70
-731
166
660
-151
554
-230
-774
415
-417
-320
-646
120
771
891
-657
-94
339
-202
204
-445
103
432
461
18
801
5
860
265
953
-217
930
304
286
121
954
-243
189
-885
472
700
624
746
523
-83
-284
939
716
146
248
-544
684
-131
-918
141
605
684
-270
946
704
-807
106
41
426
57
490
44
-263
88
191
174
645
-920
764
-427
142
28
-187
-193
-925
-320
-695
-324
-638
-857
-891
504
527
-709
-209
-471
316
555
-339
956
854
-864
-239
-962
-307
516
-762
0
581
-626
-896
-55
-5
258
435
-329
233
-378
-596
-95
680
-909
455
613
573
-258
509
-854
333
-495
882
254
-563
-7
706
-498
-186
-487
-762
558
-489
259
-319
581
799
357
-20
341
-919
-456
823
547
930
-105
799
492
-951
980
618
821
-918
-267
630
-530
116
-735
-377
379
-566
-207
-255
842
987
961
-689
56
494
-516
397
947
467
-764
-193
791
-376
-663
-264
108
-174
-75
-196
-574
-135
-781
-44
-335
604
977
641
-342
706
321
-153
654
-764
650
531
-955
276
-327
-859
200
430
307
107
-589
381
224
23
401
103
318
-488
-169
600
137
-595
-999
704
361
-228
-218
510
118
-585
83
747
-535
464
16
-603
-400
466
266
-680
778
-39
-907
507
-25
346
-898
-33
666
28
-677
625
587
39
-137
177
-656
-121
743
-734
-920
-643
-51
-419
-749
765
-199
-759
128
-750
549
185
850
-81
-507
775
98
387
-783
-527
-139
852
638
938
-409
265
517
-154
-230
470
537
-603
-514
353
426
374
-530
833
-836
-41
-933
-57
-477
567
342
-544
730
-995
-190
64
-354
-274
800
-867
-516
-835
-752
412
-590
-827
-625
-936
-466
-418
295
820
-271
841
-934
556
-75
-952
-526
260
708
-863
-39
193
712
60
199
-15
15
-299
788
718
-441
-25
-76
-12
463
-952
-253
505
202
666
-769
-654
751
-476
816
74
400
-856
40
893
-438
199
-860
-318
-438
762
-995
58
321
-689
832
-70
76
-911
-281
-878
-781
-944
-751
-619
964
461
573
589
431
-721
-132
215
409
-673
157
-698
999
789
133
934
331
990
358
-22
-780
408
380
-36
-570
-356
-806
480
879
-253
-735
640
79
879
270
527
-21
-465
554
159
-950
-815
-270
192
3
78
260
923
351
823
262
-340
-856
-623
952
235
713
593
-740
683
-582
468
740
-257
331
403
973
-825
-859
-352
28
-452
-876
-47
777
54
-218
742
841
-478
886
-142
-962
-681
-396
784
551
118
937
-335
-566
443
-978
899
-416
-107
-47
-233
419
-234
-446
-541
647
-171
583
-255
-238
-478
-760
-57
-846
-594
758
-313
842
-492
-463
-513
748
-142
-806
392
372
615
-270
-764
-263
-60
358
982
832
59
-292
-596
277
268
-725
-589
402
-425
-693
486
223
170
267
535
-99
110
-345
-859
318
-336
778
337
-120
-783
-397
-805
623
433
-552
-653
-788
-550
83
-628
910
-809
710
-401
766
-692
-58
-828
276
-150
191
-701
-138
-907
-437
514
-894
-258
209
720
-790
361
451
-329
494
-722
395
-73
895
211
-526
888
-808
-319
28
219
-73
903
-925
434
925
-3
-906
-29
726
-452
469
-492
448
727
234
-724
-735
348
-371
321
-710
634
660
102
-463
-805
810
512
155
720
-583
-659
719
379
931
-859
-540
831
592
992
-234
916
-673
781
-627
400
193
475
867
-285
-392
-422
-407
509
-186
-949
-521
119
829
764
859
-557
857
721
702
-222
694
-176
-120
-291
-188
-320
518
731
-103
-485
-629
575
-787
-120
-168
-27
-367
157
-902
-145
-159
-909
-333
81
-296
45
-308
420
-147
-155
332
452
133
-928
13
-988
-176
254
166
791
788
-986
700
943
-531
763
-557
-810
39
318
-365
-994
664
129
-739
438
-611
537
-871
22
-159
-477
16
-880
-429
990
941
14
-290
-636
341
-843
-16
441
160
-921
256
395
841
-833
-918
605
371
-827
-736
244
141
142
607
426
-754
-622
918
-241
-69
361
-538
-594
-144
-495
-530
-104
-793
-757
-301
819
-913
-369
560
-56
-774
996
3
154
-232
160
-617
-863
667
555
-786
-118
-608
883
340
954
948
-566
-338
-199
-125
400
145
721
519
309
-986
975
-550
-553
31
487
923
2
159
453
-255
-175
568
590
557
-185
-353
705
581
-297
-859
57
-807
206
-136
427
847
-687
328
44
-926
-749
-241
180
626
-549
869
-48
-900
625
-956
-4
-523
211
248
252
554
-423
-16
600
288
-920
-158
-847
-44
499
828
-173
220
-549
-112
729
916
927
-276
718
738
-663
-993
-22
367
447
388
-247
721
47
-163
-235
-99
-452
728
-655
623
-701
505
-334
-543
126
-117
412
923
-179
313
520
-748
-474
893
-610
430
-775
-667
-327
36
172
916
-491
788
633
-590
434
-738
-88
558
280
-423
-894
-347
552
-939
-782
134
-435
174
-39
906
22
257
489
-100
-611
757
-958
404
-24
-424
979
751
137
-291
294
-709
131
123
693
259
753
-353
142
-683
-770
242
573
147
-77
-689
999
-368
-386
136
-515
386
887
867
859
-998
-409
748
-634
-206
-811
-502
-673
-437
-259
-595
-106
922
147
-920
30
732
-167
-891
87
442
-623
551
-437
482
513
508
-77
-406
-904
222
277
-44
-277
-748
711
-902
-920
34
-694
696
398
566
-555
-115
-250
959
718
-969
-487
571
968
-407
60
-335
457
571
808
-490
636
-262
169
-50
554
9
401
-715
-344
205
-514
-950
-236
772
-407
368
-949
82
-934
0
796
384
-582
-604
-843
918
-737
459
-913
-226
80
984
533
-606
-337
83
903
-134
-613
-602
-338
597
-338
-801
333
717
297
555
68
882
893
-808
630
345
169
-201
-140
300
-8
-160
648
-561
-793
63
-330
-769
421
-102
-492
47
875
797
920
222
-576
-573
953
-764
75
-121
-48
788
-737
176
584
209
213
-77
-496
-40
-301
-414
624
-164
-350
-721
604
856
114
-274
283
255
130
955
-109
-983
-396
-117
187
883
976
-740
505
-361
-281
-570
267
575
-418
-487
-521
-413
416
249
33
252
-518
-927
168
-215
-688
965
-764
562
794
-98
-343
-931
-609
-204
-850
240
315
-937
691
-235
224
204
-666
459
-367
39
411
721
628
-15
885
46
-668
-516
648
432
116
-891
-769
319
353
-419
-120
422
-409
-224
-418
-57
-434
181
595
-462
399
-829
183
-802
643
-425
890
-367
91
-481
-275
344
641
38
704
754
-38
333
-512
-885
943
791
-637
-235
325
422
-284
133
802
-103
844
-784
-583
799
-232
993
-189
-325
726
123
630
698
-179
254
493
124
-749
254
242
406
797
-771
-131
-603
-675
326
-248
-654
-578
171
-305
-663
698
298
-905
8
-241
679
-860
569
-454
579
86
970
-564
381
-365
-858
210
771
-824
952
577
-976
144
-515
618
168
818
70
-184
-169
75
-515
-598
44
754
114
-195
-937
167
-556
601
-822
-858
-570
-355
871
-893
36
195
383
-255
36
-332
64
487
433
532
168
316
0
572
711
-741
984
-662
-480
393
148
-851
-331
988
-700
999
695
413
-73
681
85
21
559
861
108
-584
984
290
52
258
-178
-883
840
-11
-404
833
254
494
-811
398
362
523
135
-640
-714
-497
-457
-378
-782
176
-942
688
242
408
416
-695
-294
-841
-918
847
-733
-155
-628
638
151
864
-471
254
-898
-718
-95
174
-948
-127
427
-168
386
275
-423
-771
705
163
546
374
581
-994
-546
222
-367
259
303
-555
-723
-457
720
545
649
-863
-538
80
154
382
-544
495
381
-483
-128
-239
-907
-634
-48
677
98
426
309
953
-716
-335
152
-312
-363
624
-341
-838
-190
-342
669
19
-645
212
378
383
-361
23
-539
-686
-485
441
934
-233
-65
-951
-855
692
-378
-627
113
-500
454
-213
969
235
-57
-643
-166
-198
-102
-897
938
269
522
-842
-572
-241
550
-772
-281
511
585
423
-582
-453
358
-647
-983
399
989
441
154
-792
307
284
-473
684
-671
590
-120
-389
524
-993
-158
-49
-405
-441
-579
74
551
821
674
-293
559
124
36
510
908
-511
-86
309
749
-734
-239
-80
648
-415
2
371
-457
464
-52
609
-470
-301
454
-783
938
-561
-480
-104
-666
839
231
-887
510
716
-963
-451
745
578
-469
-182
915
167
378
885
-899
699
-780
336
618
-621
562
758
-846
919
-846
241
535
-199
789
752
917
-340
-967
-514
175
-613
-4
701
144
-883
564
-590
275
-441
-889
926
865
-346
745
502
90
-384
-768
-29
-862
-371
-445
572
-652
480
-613
-810
712
-25
-588
-204
581
166
-447
-527
557
-678
93
-633
988
14
90
-964
-356
571
573
671
-664
-667
968
297
259
-29
-984
773
-577
357
860
-122
-31
235
-297
-655
172
-501
328
850
-339
424
660
-165
288
-513
-468
-496
347
322
-536
-268
-641
-735
110
-58
-117
995
-115
860
-452
467
716
-829
-311
-373
12
236
-325
282
-7
640
637
395
-32
-587
-726
-825
609
579
514
37
-202
-175
812
473
295
-987
-301
-554
213
809
992
-752
324
-269
-119
291
222
-791
-853
-47
198
44
427
-251
483
204
147
-118
-208
-115
829
-897
-525
254
-971
-763
-711
232
383
125
308
545
-997
3
-645
717
75
200
573
-627
-708
604
-805
-653
-221
-678
340
-173
-845
-759
-340
259
-67
-1
-74
568
626
324
-477
-429
871
-731
-573
207
190
493
386
-978
-589
355
35
184
-138
-392
-1000
394
-607
124
-307
573
-626
-348
-574
134
101
963
-175
-148
212
531
815
306
-982
857
966
-549
986
-330
295
541
-250
-663
-301
-445
-336
32
-870
-51
-826
-833
-725
-939
-162
647
-78
994
-356
376
-652
746
-663
-980
792
-763
419
150
23
598
198
71
714
13
810
182
-479
-676
317
897
652
-362
261
47
608
156
-621
-260
-388
42
411
-792
148
764
238
397
186
-593
841
-938
-536
-534
233
-443
355
932
545
-94
75
175
266
-776
162
-567
-510
-289
-686
949
-715
158
-13
398
-856
735
84
138
906
347
-412
-548
-310
976
-771
61
-734
528
-461
-438
-445
-389
321
-526
345
-490
716
-73
197
-240
534
-131
667
159
196
-619
573
89
-97
-156
74
16
414
998
668
706
821
511
541
27
-750
799
514
132
850
137
260
-839
930
-273
-558
159
101
-777
-266
331
-956
569
804
648
-671
-527
-253
735
445
234
-105
-59
-73
-708
-269
-703
-728
815
57
675
238
601
817
283
-84
-588
702
-298
-621
-507
903
-380
-867
574
481
-204
8
-461
-560
358
-199
-656
331
40
-228
476
969
-637
-30
-248
155
-747
-237
63
-890
-578
-499
825
303
223
749
873
270
-457
-740
505
-674
656
508
-400
-60
-920
-522
-816
557
70
-725
-720
-146
-827
-620
-763
-949
771
-542
840
-566
766
719
-187
-679
668
-352
551
-659
-430
511
607
896
953
-29
827
-995
-697
110
-606
-140
-448
374
192
-677
-907
-944
-317
-769
-219
-354
860
40
-32
-190
766
138
-855
809
-334
30
-649
144
-670
-375
295
37
842
385
-144
850
437
-993
891
-499
-625
-603
-143
548
644
745
-428
-649
-494
-383
765
61
578
637
-735
-280
-641
339
-965
94
487
507
163
-367
311
514
61
234
813
-915
-171
432
798
-196
410
-26
-583
437
813
-685
-849
80
431
915
-237
-676
-871
-372
-620
-447
-703
146
162
635
507
-399
59
-97
373
-363
-212
-830
947
635
-274
458
112
-321
-647
-786
747
-109
-631
-711
-407
925
-572
522
181
407
907
334
110
-303
-283
-401
-485
628
368
182
-707
698
406
41
717
760
-944
603
-613
-921
185
-341
-272
-919
182
-145
444
435
285
-877
689
-120
786
977
-298
15
998
625
-899
-531
-104
507
-677
-19
873
283
-170
77
-89
707
68
610
747
-115
-586
-80
646
97
169
-808
641
-755
420
-332
908
584
466
383
955
-538
231
239
-304
955
-592
-788
494
-669
-914
392
166
333
394
412
-741
650
70
200
464
-911
-294
597
-697
-479
-705
148
-126
836
-733
-362
-195
462
176
442
-273
-52
-937
-841
837
896
-105
340
602
342
-725
-784
668
485
434
898
288
95
813
210
-293
-151
346
-52
903
31
944
-391
615
169
-607
-364
466
-210
142
413
-769
883
99
620
-818
-494
-122
219
-670
-819
461
40
-975
946
884
667
-630
802
854
-555
494
365
-258
600
416
798
-320
168
791
649
925
66
-708
-296
184
269
969
-117
460
-424
311
-701
-36
-62
530
396
-327
865
606
-648
-859
-105
-25
-735
405
106
-811
-140
378
-591
301
-876
739
840
-474
636
631
314
387
409
-789
103
-641
-408
-971
983
604
301
-238
-452
-354
-716
-889
134
-625
640
82
-412
-61
-99
735
754
-973
358
928
971
773
1000
264
-427
-433
786
118
-815
385
458
534
568
59
423
216
713
805
-314
-923
693
-38
618
-346
20
-926
-29
794
-100
-226
504
-358
-540
-303
-813
-892
293
-735
476
-516
975
-829
843
-662
-741
-335
196
-619
101
636
-547
-748
571
870
95
-99
173
332
-378
415
-360
771
976
342
-354
250
-168
-201
-290
738
454
-57
-318
-759
299
-850
528
-210
-896
-708
-510
864
-769
-257
560
-267
-227
-928
-106
-335
-914
-73
184
-840
375
341
107
-829
-70
-961
983
-903
-843
-659
78
-905
-166
922
397
-941
906
977
-808
226
-207
92
-329
525
0
187
996
-311
214
944
-461
-85
877
-283
359
800
900
958
299
280
-132
-14
-55
-414
-778
489
-237
-742
470
519
-976
-683
-801
-675
975
952
-231
-916
-178
850
484
-995
-360
-851
723
-167
-576
804
467
-161
893
384
-816
339
412
-669
-201
869
-708
-741
480
210
574
-351
156
-900
122
-282
533
632
535
-731
867
833
-570
-942
739
-230
993
562
-838
316
-763
180
-856
-930
-409
268
-512
-445
782
731
61
31
-923
-43
-717
489
836
18
-174
134
974
-450
-118
88
-979
-498
522
-71
317
-199
-468
483
-950
-901
218
-665
519
809
852
-186
-20
-444
825
-221
-976
-166
363
938
-47
8
-742
-425
-136
231
-482
-937
-958
-564
-255
434
819
531
-489
-630
-776
-939
-59
734
641
449
290
537
-140
141
861
-934
-853
-68
-301
-665
794
-50
-994
-959
648
216
437
223
-963
-804
-628
263
5
-515
-594
-673
-180
-885
218
-490
244
224
470
749
482
-359
800
871
913
607
-979
-522
-605
107
869
335
639
-135
612
-778
-922
-263
865
733
-932
729
-515
112
870
-84
-646
-908
456
-65
562
-198
184
-15
708
724
-246
468
288
-821
864
654
-170
-474
131
368
806
446
-686
82
-702
-73
-190
-112
-611
767
110
127
545
-684
410
789
-278
-450
-414
27
396
-552
672
707
23
461
-305
781
-904
-515
-716
-430
-530
-640
-624
-735
-172
-950
-976
996
834
541
662
-4
-13
216
-710
800
156
-470
271
-59
777
-673
-757
-19
665
935
651
-198
-621
906
-818
-805
-172
717
-918
-628
-409
155
-14
-827
-113
51
743
-927
-565
-618
-428
489
-132
-305
-196
186
633
916
794
-461
-328
502
75
-961
-312
-922
-887
-370
601
-436
-340
189
79
462
-614
-505
342
-94
-465
-452
-934
-110
9
706
-566
-514
567
958
664
-261
738
454
-576
559
843
-108
795
949
238
-785
-419
-94
-194
-383
59
730
55
-544
-234
-839
443
-715
322
-646
265
941
245
-879
-635
-264
-613
518
648
-28
-17
306
657
51
-684
-755
-945
-27
182
-293
-614
-294
82
660
-874
66
845
772
-844
-185
-260
880
191
-905
106
-566
-256
221
978
-278
-66
214
-25
7
206
-999
-174
-431
-997
-572
392
-468
203
427
645
561
647
561
-553
863
-232
908
-793
-193
740
-904
753
605
845
36
295
-998
363
-915
135
466
-460
-566
884
95
558
840
-629
242
393
-479
-291
954
-139
-500
-282
588
-63
991
-807
358
-704
-935
709
346
-141
919
-804
479
402
879
-825
-105
-795
-483
228
689
549
-471
677
-821
-118
-557
-769
-242
385
614
-74
675
535
377
-470
965
-452
-672
302
287
-953
-745
-419
474
866
-471
-790
775
940
395
102
867
653
303
903
736
612
-99
-542
-357
601
343
878
770
334
-333
496
-281
-897
-789
-879
-626
325
-33
-290
452
593
10
834
-998
-1
120
-702
703
-440
-161
-828
-776
-872
-718
-178
755
58
145
417
-513
85
517
548
57
738
565
79
-731
-27
84
-490
-730
-126
376
875
-309
-63
-759
457
-954
72
-707
724
-123
-268
-533
927
-428
886
279
954
-741
737
-652
-727
-545
759
74
-746
-595
719
-326
-654
867
586
-51
-648
158
594
391
-832
-658
997
-586
441
-503
-899
-43
6
-164
-595
-331
-952
984
378
562
752
155
307
-388
-789
270
-750
-423
230
371
-170
153
893
-12
-162
410
357
534
869
-336
708
-323
-533
-615
-958
-838
-783
597
-827
823
-10
-887
789
-690
-226
306
-97
-538
-898
914
402
984
316
370
889
751
88
30
679
475
-431
-590
993
997
-711
808
-749
154
720
567
388
571
146
-517
585
-141
-708
-719
-969
-911
-567
530
-678
837
-451
467
-83
-332
-76
-350
-913
632
-457
210
-705
-630
-226
-746
-13
90
965
-86
90
-491
962
-866
488
-301
-585
351
-893
151
-396
223
731
848
661
103
226
276
259
-215
985
411
272
638
453
445
927
382
32
688
-477
784
472
933
323
-96
-478
24
124
936
-698
936
-336
773
202
-790
494
-404
458
-512
-190
712
293
776
323
855
80
838
1000
77
-257
871
-433
974
695
168
-620
340
-578
-910
20
490
-666
845
-43
430
446
-670
-671
-421
38
517
466
563
-653
819
-901
386
913
993
-991
-417
-872
714
70
39
226
392
-807
-34
-875
-439
929
-165
-296
-879
-256
207
-217
-709
979
-666
-675
-2
192
862
-839
523
-933
-341
-532
-712
-2
43
-970
-919
-325
34
349
129
862
263
15
429
-610
413
617
-96
79
525
340
764
-386
999
323
-135
-192
923
-500
-866
566
735
-902
673
-631
-789
649
428
-319
-142
-514
-534
602
-410
17
-177
433
-867
-61
-727
573
-901
-123
-125
-562
696
713
-381
-232
-526
-441
-274
657
-206
-856
111
-718
936
-255
-482
-872
-670
917
-59
521
-72
-630
-489
-436
931
730
-472
845
-715
462
-686
-712
-685
222
-393
575
949
-228
485
93
-946
485
-564
-752
-101
975
194
-758
226
984
463
106
677
-306
-372
609
449
-436
134
-112
-323
749
-925
309
647
94
-216
538
87
229
-252
791
-6
506
353
345
-633
884
73
-693
-527
137
-171
545
-407
715
861
-242
-565
-662
759
-784
826
223
-264
346
-817
673
373
511
-801
-205
204
534
-8
-852
387
496
423
-976
-55
772
852
916
575
180
140
299
211
580
-266
424
-999
-962
318
621
-488
955
-522
77
24
-502
-899
478
180
157
76
-84
-546
-836
-929
209
448
-97
-217
746
-342
-295
-704
362
-238
132
397
512
-900
891
95
191
289
241
516
118
-591
-730
913
-597
-579
-7
517
427
-191
237
859
419
97
243
807
592
481
262
-893
982
793
-412
-471
815
-21
-55
-96
-875
975
-118
759
411
-113
281
-476
-853
626
-112
-259
574
385
960
464
-817
594
-624
-740
414
839
376
-847
-952
693
407
-859
741
-365
-658
-788
961
276
-482
190
829
253
-975
173
-994
-302
-409
235
667
293
630
796
-155
840
601
122
-424
445
59
516
223
759
-533
495
694
-488
-905
-973
26
811
896
-963
-497
578
-158
-233
-32
-475
512
187
-565
500
-868
618
734
-468
717
138
530
165
-75
467
-550
-525
-705
253
464
-789
-768
412
857
182
-401
165
-842
340
350
230
-294
-178
937
782
-10
662
-567
-76
899
-841
921
1
765
362
-62
-254
317
448
-289
887
629
-128
-718
233
-777
944
528
141
-120
541
-892
-733
422
932
-37
365
87
-768
-960
483
-591
345
701
-159
480
734
513
570
83
260
556
121
427
547
-215
-844
-879
213
-361
-25
-453
-104
50
-888
-432
129
2
24
147
-362
754
806
-558
468
-698
292
-583
-486
-324
-776
-872
-338
732
-921
667
-91
820
-231
40
-517
533
-136
483
328
-5
-590
-566
-987
206
-624
892
164
153
740
819
-2
-260
-447
-582
119
601
-609
-630
896
103
-769
193
80
-349
959
-483
324
-683
-165
-674
328
-828
55
-157
954
-176
886
76
-328
-55
-865
-883
847
-294
-415
578
-151
731
284
-644
-759
-739
-836
-826
655
65
618
-670
945
978
-725
-216
-602
-62
-66
790
51
-203
158
406
830
-517
-187
340
675
817
951
-886
-840
634
-268
-799
253
-505
-949
396
201
389
-493
289
-471
688
-304
-733
-104
938
773
13
-497
50
777
970
-401
-417
-499
-299
-110
516
-82
-463
738
441
755
409
-325
-729
700
-624
-268
522
-96
435
-899
-481
841
-917
432
-526
-492
-409
150
-56
887
-574
907
-136
-837
-2
-970
114
-239
273
267
-446
839
-661
-744
-618
871
-408
977
992
-623
756
-838
420
-208
-599
-237
-698
15
358
203
-40
980
162
-975
-187
-236
-155
-266
364
-797
-181
571
-41
946
436
129
159
621
303
-483
-317
-623
-821
867
-286
-145
864
-424
878
691
466
-415
306
-557
740
-987
-61
80
-40
-581
-616
394
598
-131
-84
339
-681
987
442
-311
-501
-611
149
265
73
-597
-247
-416
-773
-668
342
-841
658
-95
571
-698
761
657
873
-398
-687
-876
586
-405
-20
975
-538
-211
94
-836
211
-214
-115
-333
-181
716
938
807
633
229
628
202
80
-43
-759
620
-840
489
601
-322
322
186
-475
601
-854
-614
-316
-730
970
602
71
-394
-179
58
418
-386
-665
247
589
-687
-35
-684
-131
-693
916
-232
-461
-985
-216
-662
533
348
-895
-349
501
-112
944
-412
354
295
-481
41
-412
-575
915
-557
901
714
477
-792
81
921
386
-206
251
154
526
995
156
846
633
-860
167
469
-975
-313
-615
-717
488
-968
286
551
-565
-996
-961
-992
-265
972
-94
146
955
-537
-182
148
215
-719
834
-193
-52
413
-42
-985
804
-753
750
208
932
615
-993
439
183
-614
-462
365
-476
-796
-575
929
972
316
410
-624
-177
-811
-856
-971
296
-668
826
496
-356
-717
-138
-435
989
157
-30
-926
630
-11
513
513
824
-837
883
197
698
614
-84
529
31
-189
-798
189
-240
-724
-73
610
674
-291
500
186
-130
331
211
-724
-151
676
973
315
-356
-592
-62
585
980
-446
-759
-565
740
-935
240
740
-617
527
468
45
-289
495
390
235
99
428
350
217
379
833
82
-765
647
-262
335
-116
48
44
-132
-230
484
222
-711
-448
-528
-753
768
-80
-659
-206
684
675
666
-620
263
265
267
599
777
-724
894
140
-249
-644
242
531
5
385
370
-961
-311
490
-725
-840
-8
-59
-949
726
767
368
-422
-97
-765
874
893
442
-468
531
-453
603
682
199
659
645
-936
-921
343
375
-678
56
-430
421
721
-98
789
-401
-459
346
660
259
-124
294
-252
-408
-948
542
288
-26
47
-191
-765
-510
-748
656
-101
726
-134
-81
224
-862
564
-634
313
199
-968
23
673
-344
990
-236
349
-416
-445
684
-56
-650
-863
-635
-904
-695
-592
-306
172
179
441
22
-83
693
-329
-255
594
529
-759
-890
-805
432
41
457
88
813
954
-82
-531
155
-919
313
945
218
-857
523
189
979
805
592
773
297
-486
768
167
-826
944
472
47
-551
-986
556
57
587
-986
501
-794
909
-974
332
-826
922
618
746
731
-521
-594
-306
-975
-724
-628
349
108
-484
747
502
239
927
733
-79
-16
39
39
-898
11
-133
696
54
-488
851
458
-32
-738
-731
405
-975
-990
532
-782
-901
-357
538
498
-791
151
742
525
969
-532
432
138
632
791
-691
-960
-24
-759
-51
-76
816
80
-817
458
-217
-678
-334
-92
-732
-419
-574
139
623
977
280
411
-360
-25
-227
904
375
107
-199
796
883
-390
586
-737
-564
-43
-212
506
-175
-891
130
-906
335
452
600
-711
-505
-650
-201
652
398
774
792
512
701
676
-256
832
-462
-972
24
-579
411
456
-777
-737
925
-15
-268
416
-485
323
-37
-874
494
597
-137
645
-871
324
-178
-599
-844
-826
832
647
398
-867
-423
910
-832
538
-147
927
113
-285
766
890
933
-453
590
-769
345
-285
-56
243
-137
-199
151
-678
-476
687
-471
458
-192
985
-616
569
-310
711
977
720
512
621
262
253
695
-671
740
364
-858
-1
9
143
-517
-366
261
-450
-96
-254
106
122
-617
-46
387
937
575
287
398
562
705
-759
791
-750
9
722
-344
572
-938
240
-231
-152
-812
-35
-866
400
299
-579
-353
13
-823
-573
333
28
968
783
-303
418
441
425
461
36
374
407
797
-352
-211
-144
-476
-262
-340
-252
102
139
132
786
808
-111
-983
940
-453
285
405
-446
-882
-192
996
863
-993
502
-698
-577
