-640
932
-289
-212
-842
554
941
-6
-147
13
-587
-771
98
13
-732
-507
-643
-818
-675
179
-432
-772
-721
465
-173
974
-633
-550
-759
784
-740
-701
-235
762
-852
455
457
56
207
270
192
193
-877
160
-891
625
935
143
346
-717
888
-382
176
-434
621
836
610
-224
-49
947
-415
-669
-182
608
-64
-613
-847
-267
96
-502
566
-714
168
-677
705
973
479
-84
-466
-991
554
-348
-802
843
-961
-225
972
93
289
196
-804
-235
710
-452
-49
-467
-186
503
395
-877
921
939
275
-807
871
907
-521
-309
-478
-874
-294
524
723
49
-212
821
24
176
559
-428
529
345
-579
-914
-919
-823
-757
748
-410
-820
-435
249
287
-957
552
-767
464
562
-646
87
-814
353
-706
-745
-326
515
-534
-116
6
-864
-191
695
556
-756
104
249
-255
759
798
-341
-122
-463
-753
62
191
-992
-257
-517
-520
-465
840
346
527
294
-247
767
436
-912
139
-501
-953
-166
171
-8
31
946
249
871
434
-794
-439
767
563
504
221
736
886
783
229
-623
238
63
517
840
-799
297
-650
-802
-536
-619
-59
26
465
811
-168
433
-692
-891
-311
-652
337
-823
949
-644
457
42
-973
-983
-523
398
-749
-212
-859
-624
36
214
127
356
-690
383
371
748
-687
750
5
-406
662
17
-592
-927
985
737
939
-548
-774
456
313
-91
-894
-616
459
718
-626
351
-479
-654
-995
138
-712
-150
518
-920
-809
732
151
-95
-839
-991
252
898
486
379
-849
122
-249
-888
429
-378
-694
-667
264
-684
-352
-33
-665
103
-846
-357
-816
162
-771
896
264
152
-721
-754
-303
-583
48
-793
-121
-245
-194
549
-912
-852
-319
44
344
740
203
-352
-706
-275
-363
339
-173
-399
764
-1000
131
-769
-502
890
36
75
-950
-987
624
511
160
393
-450
-182
-915
901
839
51
-276
-291
-946
84
219
82
260
601
-922
596
-970
-537
-150
652
-738
-701
998
-550
-22
-465
933
636
946
502
-391
163
961
381
-652
704
-334
-510
173
-212
-792
-580
-756
735
807
-198
-963
106
-268
-951
202
81
-859
-838
603
754
-263
327
716
587
805
-671
912
-910
-673
-72
-631
-620
-492
128
-384
854
175
-203
-928
681
-70
868
-801
-260
-473
689
-403
-587
525
-720
158
956
-677
-868
321
943
-688
-720
782
-641
910
110
-811
-496
-964
901
899
-169
594
-946
-214
404
-18
-943
-435
431
612
-192
-366
327
169
809
-514
325
-97
51
750
-175
-647
-219
281
774
-596
-220
-561
-405
-693
-549
-44
573
-300
899
928
-891
365
-10
678
603
654
628
-677
273
867
-355
692
468
-941
875
687
682
921
716
968
-862
-199
308
399
-264
-644
-44
295
356
395
-971
702
-279
-767
943
7
-967
-288
625
569
1000
-665
652
-639
-838
194
-748
-732
951
-727
-74
505
457
227
-818
-902
-796
-843
422
803
-517
619
851
-472
750
-886
970
-918
-750
-904
353
83
158
122
912
-80
-173
852
-525
285
443
309
573
714
175
362
-662
-307
-870
745
947
73
-982
-856
-895
-591
-616
748
-752
-993
-633
527
42
758
-339
473
496
154
-959
-591
43
340
463
94
-438
208
459
-371
-556
-555
-367
723
780
736
91
801
426
965
148
-257
-205
277
340
-342
-257
-543
-442
-347
477
742
45
449
-377
-472
-260
-632
-394
578
962
-721
-762
429
-461
683
-108
-367
-461
546
928
511
-565
-320
616
-793
-565
-307
507
703
232
-314
-651
399
517
-590
-202
325
648
9
373
261
-807
-645
264
-944
-994
580
471
-441
244
-144
-831
-67
48
455
804
-906
-760
472
-452
131
326
-794
-640
498
-140
132
-12
523
35
-665
124
-256
-309
-433
785
-449
-368
914
479
625
-868
-909
-971
-753
952
421
741
225
318
-595
-244
-380
324
-823
-753
-501
-758
999
481
-54
110
-276
-415
456
-524
-289
-361
-311
-535
-810
-651
953
-579
-954
-274
-259
-295
208
-10
167
749
595
989
624
-127
-506
-667
-897
677
891
311
993
-516
-831
730
551
-807
-237
-162
-628
-940
742
861
792
987
-615
887
-415
547
-990
-111
464
-21
424
-741
-831
745
355
-305
-927
-461
-502
-980
-383
-386
704
-431
144
-352
-30
-913
-304
-235
503
377
839
743
-415
521
687
927
106
920
495
-4
233
-735
-249
653
278
-884
-421
-548
-339
-491
-520
-152
993
105
-554
35
-269
-372
-262
376
35
-959
876
922
88
481
13
-512
-47
559
198
365
-294
594
869
54
-215
932
437
599
969
299
521
-812
241
-855
-309
-904
-638
113
55
-400
-730
-782
-514
-626
-10
-926
-63
489
964
365
613
-948
-676
-78
361
235
397
-835
958
864
493
220
720
-653
361
85
293
7
864
106
139
875
633
-887
118
-685
19
-199
-941
-564
83
196
-54
-15
-21
457
-516
-940
850
705
499
169
-102
308
-398
-833
-410
864
-553
-953
475
869
-770
539
533
879
-17
-239
950
-73
251
735
143
-551
-298
-501
986
925
-317
448
-488
421
-406
-359
788
569
-613
794
26
454
-574
239
-447
550
433
162
356
90
619
-359
-461
736
539
-560
-515
981
-570
1
367
-411
114
-504
915
987
-188
-695
-22
-80
751
-580
-622
643
-243
429
806
967
865
665
-62
-371
3
584
780
275
190
334
119
59
-903
-631
-11
-202
952
25
-193
-785
-260
-275
-749
150
-860
-102
-117
780
862
-101
171
-521
-926
124
747
919
504
-160
777
-425
967
15
-742
-678
-593
706
-376
-324
-760
-259
443
-259
-317
170
349
818
364
54
291
-181
263
318
716
457
-577
522
227
-670
403
765
-45
450
945
536
977
-124
855
709
-573
-188
-358
293
62
-92
513
942
-658
-737
492
839
-717
662
566
417
-244
46
-286
-733
-151
-130
-289
758
670
571
-649
32
95
636
517
834
-227
-942
-506
-185
43
-467
-339
900
-639
928
404
311
-746
20
248
-301
-246
318
666
-789
-341
-996
-246
325
-426
113
887
262
-906
232
237
-913
861
-99
-340
594
-312
-767
-962
933
902
977
836
10
205
574
-228
524
665
937
210
-319
-819
-116
-43
948
187
331
719
895
-290
-156
988
-960
-557
-53
-975
779
138
-601
548
399
509
-865
81
719
904
873
52
-422
951
-457
-382
650
-275
-954
-500
51
-678
842
289
39
-244
588
-484
-292
-688
-819
344
-571
-641
831
414
-944
153
708
431
-63
-984
871
-853
137
-623
-790
-208
-725
-937
-595
405
560
-507
-518
25
656
-241
268
-386
426
-388
925
160
953
355
913
881
874
964
-509
-978
982
100
762
-696
847
811
-708
-843
231
133
930
-289
-430
507
442
420
-587
-736
-394
-95
-751
-246
981
540
-242
705
-971
-377
207
-558
-480
550
-430
637
-126
-442
848
355
-12
-497
632
-298
728
-927
-634
-285
295
-215
91
712
14
452
-308
631
277
-7
307
-481
-728
947
-816
270
265
388
-862
-936
-229
-439
520
817
-124
535
755
614
171
-95
245
-548
-800
-68
773
-325
417
-539
316
-463
805
178
-853
-265
-727
-158
-518
-649
-648
456
89
-923
755
-559
360
-145
-166
-297
236
-249
721
-499
982
-666
232
-573
916
-232
-143
-314
887
281
-959
-616
133
-841
802
483
-507
565
703
-283
886
-438
-564
-911
-528
-673
-318
750
746
-630
600
27
694
-17
749
528
431
578
462
477
714
-562
914
222
735
-256
-872
15
-977
-123
-676
771
196
-946
-493
-750
-245
-766
340
407
-778
-954
834
-395
-556
285
-764
153
638
280
-916
-6
-4
692
-219
770
650
-834
-279
580
-837
-179
411
384
-694
-966
460
951
131
-819
-402
-604
723
767
-332
-397
237
-836
-912
327
-104
-512
-688
371
24
204
631
-309
159
623
591
-948
334
444
416
-983
39
-246
-268
49
-179
206
286
889
-619
-268
-61
-204
-234
-431
952
401
-216
461
153
631
-517
739
192
821
-97
-151
-250
-948
410
397
897
88
293
896
-752
-317
322
816
55
373
-145
-121
-77
-944
755
-793
-645
-121
-936
-471
-34
-585
-133
-71
-751
-276
413
-341
-788
-483
-547
-819
-795
-690
-719
991
42
60
429
30
442
129
16
-673
-879
-511
857
135
-547
-748
-925
239
-920
804
528
620
-677
151
-296
-725
-568
-882
316
176
-712
-892
-940
-781
-710
-295
-709
-233
5
179
-112
539
217
-589
-208
224
63
-136
-409
813
323
-707
-68
706
-220
-182
-905
959
512
-519
-604
390
447
901
679
-691
966
43
79
-447
-158
985
283
408
-271
-438
617
594
-306
681
547
753
-884
-809
132
-523
-481
522
-478
-355
-818
664
369
-113
-19
-657
349
36
697
115
-553
-319
-816
-943
798
857
-490
-59
760
-643
198
-350
-674
681
825
944
787
-543
647
458
507
-540
-782
-775
-575
597
-646
651
-619
482
234
176
731
502
476
301
-61
449
943
-137
988
669
110
-483
-278
421
123
-346
810
311
965
447
989
83
955
-763
138
-531
464
-220
-79
798
-538
764
936
579
95
-370
-47
65
415
-900
814
-806
-648
894
-668
-355
-409
555
687
-866
203
-94
1000
-858
239
-357
946
-99
-141
-316
-37
826
-870
-460
-546
-581
-548
-371
681
-604
-51
-663
-635
789
-580
-867
177
99
-309
647
895
817
-256
730
-108
233
277
-997
927
-940
645
-565
893
230
11
-841
152
425
-732
-953
319
-296
0
505
-840
-767
-625
429
-676
-712
398
-34
952
-118
762
-622
67
-843
-437
831
-452
598
774
640
488
-631
562
454
926
179
-868
791
-335
-377
949
-579
211
-575
-448
635
-837
840
-689
-82
-82
-30
-831
177
-88
269
-186
510
-431
-968
-328
928
896
-312
-764
434
-453
-262
19
176
-947
-105
-780
-915
837
404
396
-695
-299
-561
800
-110
-467
577
-327
847
-849
129
6
159
357
406
380
-905
-130
-938
626
502
525
696
741
700
-585
-840
-787
950
-537
144
778
217
-609
242
916
49
131
313
831
801
499
832
625
-39
-717
-36
-638
198
512
670
482
-89
471
-738
927
-153
948
216
726
287
230
429
-753
239
417
611
237
-694
520
540
124
990
617
854
-431
530
-717
977
50
723
-602
376
-99
769
-614
-444
-954
-63
778
-667
207
-787
-405
372
531
-875
533
-332
57
-970
428
-475
255
-136
47
-859
498
-3
-178
-530
-409
-700
-341
69
819
964
870
241
721
-500
-427
954
-718
-551
82
-875
-833
-125
677
409
707
-89
-864
83
333
-457
671
-399
172
-553
487
348
-405
-744
428
-251
686
-470
-612
-503
543
-995
-399
758
-907
534
-750
-542
-466
-652
468
-394
-768
139
-671
-274
301
-349
-543
830
-890
412
209
-827
269
693
-525
-206
-214
-306
11
-904
410
215
383
770
145
-219
675
-135
-122
-771
374
750
86
-157
926
-342
-871
-850
441
-414
-979
272
-244
681
120
424
-221
-263
175
147
978
606
-656
797
924
-693
852
329
402
-11
-813
136
440
756
284
-44
-547
34
-408
277
294
-284
235
816
547
522
393
115
369
-317
-760
452
-815
252
-163
-991
643
284
-410
960
-164
-781
-598
960
-107
153
703
-205
-926
-594
-971
-629
791
386
780
515
726
-292
-288
-853
444
-216
-635
-2
-614
566
136
746
-232
239
341
672
-555
-927
682
-422
-696
-273
-170
-82
825
-682
16
-650
458
-470
352
359
433
322
593
790
-437
134
-245
195
99
480
-517
-461
422
-599
-608
-994
11
-362
-638
-87
93
-485
762
-33
600
649
817
870
847
-480
-63
-790
-738
-92
386
-647
205
275
570
-651
-554
-27
-696
-389
534
920
527
-187
19
-222
279
129
-88
-416
439
882
807
-460
-945
232
915
687
309
55
652
900
730
-707
605
681
575
-791
-91
-158
-432
-593
-256
-320
-524
540
829
314
243
-153
-648
69
138
295
-665
-247
517
203
689
-469
650
648
-859
-368
-992
402
442
299
-462
-479
815
690
662
-18
-80
-930
-454
737
-686
731
97
729
-96
-797
629
563
843
-65
-166
247
-976
782
919
175
-82
-936
550
746
-105
732
143
-629
-50
-528
-470
-148
-982
-9
720
95
-609
-242
-969
-587
-573
-503
-304
169
-209
191
-145
112
219
-982
-111
965
309
-55
-305
565
-236
257
644
-345
234
-730
462
268
-466
494
599
-762
-988
571
607
-210
-672
363
-751
2
277
924
-214
-721
489
-512
-599
903
-202
604
-156
-962
976
483
-70
98
-19
185
-546
-166
309
-564
-505
724
-602
770
800
329
-956
878
978
557
254
-818
-208
-905
856
-621
940
-675
885
295
824
227
-190
630
-665
-359
-915
-564
127
211
-190
90
15
-967
824
-348
421
-585
205
-556
717
-451
-562
-487
-739
-791
-761
494
206
62
-659
260
-785
-334
-813
-899
-258
257
373
376
-117
-378
545
-659
-76
748
-234
-209
905
813
558
253
-835
53
-818
-586
-907
32
-604
-495
891
-486
-672
808
-215
-972
-558
-197
986
-993
-905
934
44
767
66
-292
595
-942
-931
160
236
-835
31
-917
-500
-777
450
-687
523
168
-53
55
900
-558
-776
-344
-773
526
-170
-33
995
902
-651
-818
698
542
-892
-813
968
913
-797
209
913
959
88
-88
239
230
-668
913
641
973
-399
-689
-649
-769
-340
-815
990
965
868
949
-758
-930
-447
792
399
-58
756
814
-893
-857
-760
-951
-166
-939
126
-696
795
-314
879
-165
684
-575
-433
387
211
190
491
-832
-482
-474
-398
974
363
413
611
-623
589
-664
288
477
-983
-297
268
266
675
295
-831
946
-178
-866
-413
-22
-777
109
612
-130
51
-883
845
-906
277
-140
-716
185
980
-745
469
72
-696
352
-361
13
-471
80
697
-628
821
568
-970
-718
-642
-385
649
610
-963
-246
-35
-560
241
-982
-88
-42
-834
817
-466
-126
260
-887
250
876
50
-857
-147
-997
207
606
273
694
816
-949
-98
424
437
-158
521
950
629
-454
-905
382
348
840
-319
525
-507
-984
6
230
543
-183
-106
345
-252
50
-305
-608
-453
736
-248
-895
161
-70
955
597
-170
-104
-196
-732
784
-908
236
-934
858
-287
856
-38
575
79
329
-632
835
75
932
841
-818
188
-830
-950
-450
-688
-528
-813
32
-844
263
294
33
-804
-544
810
-230
-273
655
-236
246
-447
964
-162
777
357
-8
-212
365
-393
309
551
725
-20
-147
589
118
692
65
-744
-516
153
-711
-899
-747
-229
869
-889
-874
-752
335
-655
896
354
963
253
627
-246
511
-336
-996
-150
27
-476
-980
-249
350
2
940
-461
-387
-750
-759
279
-414
657
-880
-420
-744
609
324
-12
-802
393
704
987
-851
-211
584
-924
419
-13
-242
888
270
-191
287
467
347
-753
95
798
496
144
-370
461
946
-157
-504
-413
-173
177
-447
-563
396
206
-8
685
-647
475
673
-895
761
788
-557
721
-317
492
121
-127
-653
645
-288
-994
240
787
108
720
-12
-556
-135
649
-297
-482
-806
-475
912
685
983
-200
-472
-85
313
450
315
531
-786
778
468
174
-537
337
222
92
776
794
-841
-394
265
384
-245
821
766
-724
-730
709
942
896
21
526
-309
-87
867
-17
691
668
-927
-519
-264
-237
628
346
-680
96
335
998
-574
261
917
168
-477
676
-260
-409
-900
-563
-260
-76
-393
75
-494
967
-722
557
-907
889
434
-292
-527
-418
187
-43
-292
879
-588
-471
140
-516
-687
-225
511
723
-116
204
480
459
-731
-560
-78
-114
832
-818
-277
745
41
-261
-852
-169
715
205
-133
289
-526
315
-102
-274
447
-721
-190
960
328
539
749
-623
-202
-90
-87
-295
866
427
524
473
-999
-356
-801
600
-927
-39
-605
-985
-334
-379
-24
707
166
-446
-924
95
-324
-581
-892
618
269
-978
-58
812
652
-390
-799
372
-724
-947
-323
511
867
898
94
978
368
702
782
-414
884
-733
-303
567
-925
496
541
929
742
5
-483
233
668
40
57
-478
-968
-437
-142
19
-681
-450
-681
837
18
-244
-819
405
-333
-48
-926
-633
-100
40
100
-929
574
182
-187
-480
-542
-886
-169
185
-660
-969
-336
-969
-822
929
-104
-169
-227
-678
-534
307
-927
336
-193
399
220
-665
-850
82
-127
-70
694
787
768
-780
563
122
-993
-161
-669
661
183
562
-665
534
978
-283
187
733
267
-310
452
872
286
-38
-851
-977
-40
494
-739
-61
-308
-185
-265
289
401
44
-633
454
851
-119
-221
117
600
895
-379
-728
-303
90
490
418
-473
-942
397
482
-818
84
228
-761
-207
-52
240
-315
-280
-766
-497
552
-478
385
734
638
-294
78
521
-648
846
-559
814
799
-491
220
143
-824
-479
-982
-247
381
847
-372
-335
-787
-683
333
-877
-648
-29
-443
-49
505
209
542
-844
946
26
-451
-683
822
-789
988
156
532
-166
655
-465
390
529
-245
-41
249
797
-217
-694
-149
764
116
390
-172
811
-190
177
-545
-515
329
108
-481
-786
-225
64
912
-205
89
643
734
-505
-552
-864
-391
543
-722
-598
383
-607
346
25
-120
810
793
39
3
537
340
-801
-879
761
-416
509
-672
565
615
223
355
-552
707
-743
805
121
-664
396
-348
-844
-260
828
-489
-947
615
520
803
170
793
202
50
-965
-885
97
314
-100
-312
145
472
478
-728
260
690
424
912
348
760
-176
-745
5
-181
19
-872
-624
-570
-92
-613
726
-391
-936
639
-976
-132
-798
-323
-115
562
698
871
-126
131
88
-144
138
664
-253
-977
1
-422
-116
-990
240
-644
628
261
-596
373
12
-929
-7
942
-651
589
-927
752
-441
815
764
-523
-120
747
350
315
-177
783
700
-227
298
187
-883
93
-282
-598
657
368
-606
-815
394
991
242
1
-333
-98
959
653
-531
-662
-255
-551
887
433
-717
-688
-240
610
-736
999
-351
428
385
122
586
-617
412
367
-1000
760
930
-488
285
607
-693
437
-456
290
-963
870
-564
345
308
-530
-170
170
893
283
-380
30
163
-414
881
-754
142
-443
-402
-272
314
-276
-333
-920
792
-62
-521
-122
-579
534
-158
831
692
164
-653
457
708
217
26
-378
-930
-462
276
-554
-129
-9
-37
77
-682
-381
311
-713
520
-532
-388
-181
-614
-941
692
-501
-782
-893
143
-701
-907
-71
-597
-984
736
-628
-664
-654
297
374
209
-6
-965
-611
-370
397
-351
774
730
-220
-247
9
255
-492
-470
-431
-304
-257
885
-281
-797
-62
-90
-487
941
531
134
-78
-407
-87
763
-356
405
502
813
459
93
-145
637
-590
-931
335
-178
617
616
-279
47
-683
-951
751
754
-251
-713
766
-516
-905
12
868
760
439
-591
718
-726
-650
299
-194
-749
-143
480
648
-540
855
548
-988
215
491
435
-683
-730
-31
-196
59
-990
-963
249
883
23
250
59
-293
261
755
-191
-927
438
253
-782
733
-821
422
424
274
734
471
995
936
-33
926
518
473
-101
525
198
-439
618
170
133
-585
1000
780
-697
-872
-580
-608
-954
-289
709
929
-807
302
-954
751
774
-348
191
-814
-873
-135
-4
961
-679
-260
-461
898
115
386
483
999
-899
909
873
-297
987
-197
-757
-925
14
133
513
835
363
-833
152
513
-431
81
644
462
280
408
469
-50
-382
217
-68
108
305
521
516
-302
-356
-748
139
480
-536
-480
138
-460
-504
-71
334
-51
-230
156
837
11
-854
-665
982
328
604
529
880
-861
740
973
93
996
925
-966
689
715
325
266
-403
-260
690
-897
-927
-479
-418
-290
204
189
-834
-399
-718
819
269
598
-553
198
935
-406
708
608
-642
-855
579
215
620
-83
-891
-284
274
831
603
491
567
902
-509
287
473
679
-610
-380
676
447
-73
229
294
320
186
-114
-873
963
-1000
122
-598
176
999
290
253
543
-131
525
107
228
315
565
778
-24
981
-318
-557
497
-301
-659
-318
-534
-379
322
-94
234
-843
-183
945
295
-115
-870
719
-402
883
968
-596
848
-765
609
-205
917
278
-644
719
987
588
808
-794
-680
-343
-629
674
710
495
181
792
-362
-204
-994
-796
653
-344
-681
-471
-350
442
-259
624
-658
521
122
80
181
647
-207
482
440
-328
996
-10
-964
-378
-544
566
-41
-550
-154
-363
945
676
242
360
-457
-645
322
1000
981
714
329
-654
-583
-494
-715
855
-786
-254
-752
-90
194
613
993
778
-438
898
-696
276
-834
620
-593
641
606
-627
-762
-673
738
937
664
247
-156
-196
544
-435
688
983
849
174
646
623
-71
57
-112
-486
-16
-616
770
-897
624
-869
-80
847
949
790
858
-318
-762
889
-844
-650
-602
-105
-706
282
-89
-849
635
-805
-206
-411
-968
259
-921
-843
375
-572
806
600
-69
442
613
-464
-890
-57
300
752
-922
-539
-872
-244
309
-895
998
311
298
31
224
-826
-32
732
-968
98
-411
-458
667
-559
555
890
582
22
-538
-438
-772
-219
-817
858
-142
-339
391
-624
-338
112
-991
-570
-198
-285
-931
680
-826
-259
42
-258
967
-702
-780
135
663
469
-564
-775
-897
-463
-716
-818
813
-205
807
-965
121
383
-999
-818
100
482
-451
-770
-262
-367
-118
379
935
-822
-7
745
-38
970
-446
97
-646
-473
-430
262
386
-396
-69
454
-61
159
565
177
-181
30
774
-201
-379
739
252
-16
47
-438
999
-282
-870
620
-270
-37
907
-622
-604
406
-959
96
-490
360
213
-165
-163
-277
271
478
-906
-180
995
-382
-782
-670
-851
901
142
663
-192
93
734
216
339
-65
852
-422
888
23
746
-213
749
278
975
-691
857
-718
696
-836
-570
594
657
218
-196
68
715
693
-946
929
690
350
-151
-767
-914
-736
-471
-262
525
546
531
222
-665
-12
106
-716
368
212
-8
789
121
-195
436
271
-379
-942
471
-634
-868
-827
-52
329
299
457
523
-584
164
-555
-212
-612
-700
949
-9
-315
-384
-394
701
335
558
884
-307
-720
808
862
918
-524
-75
117
-144
-155
-516
-622
680
322
-546
862
215
-724
-258
514
-653
-693
333
498
-49
272
-596
781
-531
67
348
469
725
-996
-771
-974
691
263
-771
444
-822
394
743
109
-568
-877
163
959
-257
-796
-172
419
-10
401
-359
359
-56
-723
-616
-439
685
567
648
918
251
706
-275
-603
878
-752
727
-756
-752
794
138
391
-211
-853
46
-21
118
-547
-527
551
537
447
-449
863
-549
138
-375
-403
416
581
-325
-560
405
856
-554
-742
712
-319
293
-253
846
-572
-711
-311
123
-691
288
-668
216
-417
608
-423
395
265
531
134
990
-901
958
585
-403
686
845
498
473
-272
36
152
587
117
-257
-784
160
450
-855
-306
-695
-301
-218
-892
695
-210
315
178
-498
201
-479
-958
-684
-19
895
949
895
526
-731
-342
-923
402
-287
-303
978
240
-115
-524
-388
983
85
503
829
-196
-185
596
945
-650
-306
-971
-561
811
877
-58
-717
-437
897
830
-267
903
917
991
-475
-726
107
-731
508
608
-111
514
-52
241
-710
190
586
-681
-609
289
930
-175
-368
804
964
93
-617
-28
703
-929
-964
192
-649
-968
619
316
908
-933
-300
737
-321
-886
-882
344
832
670
600
-143
-704
-836
624
817
966
958
17
-586
250
-636
-579
-744
-368
-825
-434
-754
689
438
-363
-882
177
219
-195
400
-726
44
-933
389
484
784
-145
290
-305
-669
-535
902
-718
-900
996
-721
436
140
-241
326
904
855
798
422
60
459
44
85
181
-544
-171
-663
238
278
197
701
-400
-641
511
554
138
924
726
694
843
-344
-122
-398
334
970
514
-224
-270
675
532
887
-994
-49
695
-472
-668
735
823
-404
634
-568
-685
-417
320
226
-820
856
95
-531
-48
-93
-499
-153
768
-880
-14
-491
382
248
558
159
-201
-716
-52
813
672
997
367
246
124
-978
-120
703
-356
805
-99
-55
121
-202
932
-674
-367
-8
546
369
946
-125
-819
-552
936
668
562
223
-287
-532
202
-64
-138
871
61
-408
-838
-725
-580
741
991
577
358
-786
-370
-121
592
-868
-190
678
-761
46
-476
-778
-79
-901
768
-547
-81
599
-694
872
938
323
806
-625
914
-769
-319
22
-507
-856
-750
-105
-320
275
521
517
22
-768
-785
-560
173
943
877
637
946
632
218
-239
-582
332
-872
-93
721
-59
782
-639
474
-362
915
113
-712
759
702
-917
-986
465
45
-684
802
-735
-933
666
644
-669
-578
318
-224
76
860
-58
-499
578
-825
207
875
866
-859
272
185
762
957
38
-815
5
-149
-81
-120
-640
-989
-47
-807
-41
-841
-492
-282
471
-790
-738
382
639
463
-658
-476
53
-530
-1000
979
-719
477
-573
-135
965
-255
-206
-755
495
57
853
-665
-620
-748
-343
-131
-937
-73
-537
-15
-73
-934
-871
-327
-988
31
672
685
776
741
-319
-465
425
342
-824
-74
-647
687
-378
39
229
606
495
301
-689
486
-699
245
-484
-946
637
115
-674
767
-206
303
105
778
358
-619
8
-23
276
542
159
-303
-187
-532
-828
557
-98
368
-393
798
-722
-174
188
-466
-243
-394
842
-629
590
-108
-880
-567
930
741
540
51
-507
-865
-835
-798
552
-994
-712
-745
783
319
350
-607
603
11
-502
-882
74
294
763
734
-918
424
120
-921
791
-644
-200
-358
-300
-583
580
-791
-133
-608
255
450
-979
-287
264
982
783
946
-226
425
-338
459
-111
-769
84
346
222
-874
412
434
-476
381
-574
891
-355
-487
936
152
819
-675
-744
-689
394
-710
-71
467
-701
391
816
-563
520
-911
689
-657
581
821
-972
517
-632
389
458
916
-798
-914
917
527
934
952
-337
-342
191
-489
-197
-668
88
-106
-314
164
-669
-890
-984
-92
550
805
506
200
266
-974
-728
-730
840
19
-822
-43
290
872
231
631
920
567
302
96
740
408
311
870
-655
-903
833
451
156
-432
-434
-470
615
2
443
-758
518
-805
-199
178
900
-323
922
-963
-742
-832
-73
-637
-296
-845
-652
145
379
71
-571
629
908
-897
-763
857
-139
616
-426
-144
958
-76
-745
-739
-716
-247
-305
384
-405
-760
292
582
-49
361
-251
-471
881
-116
-824
477
848
797
-610
-48
417
-140
-496
-695
547
-717
-382
809
-581
-733
-663
-369
-696
-40
-109
-434
57
17
400
-267
-146
194
510
636
848
352
-471
-938
-550
124
876
598
357
-148
688
-778
-442
346
-195
-407
823
437
579
-771
-449
-429
-216
604
-299
990
933
-912
-403
132
103
-547
669
35
-966
-221
-241
-551
-7
-727
517
562
30
-438
569
-857
-953
65
184
454
-938
-744
748
493
-335
752
-86
10
-54
994
477
-174
-10
911
614
942
-489
398
-575
138
151
191
-702
472
-563
-131
171
-20
-587
-74
975
-977
507
-176
-560
990
671
-581
319
471
136
-533
-579
217
519
-534
-540
-368
296
991
311
-83
-174
381
20
937
-686
-613
757
-437
806
569
569
131
-539
12
594
352
-548
218
177
-192
-51
-103
-234
-620
-195
-498
-636
251
932
-282
-76
-771
340
-332
59
54
24
91
-633
26
706
-122
-174
-952
-1000
-951
-137
781
-302
-599
-747
-80
-603
825
586
800
558
-484
-958
913
-576
-753
-358
-152
-29
-348
-573
410
-190
-257
-735
752
261
-540
-359
615
-930
-622
-510
383
-528
787
727
989
932
-961
-857
-716
-186
456
-124
-18
-486
340
-440
781
-148
-662
-475
583
-970
237
-90
676
322
-64
-786
-383
15
-700
-121
-600
317
415
-885
-343
-759
-998
152
-699
-948
65
-136
-724
877
298
124
-651
875
664
-239
-790
-943
608
346
-370
-639
431
585
-456
54
-47
-988
883
-71
-976
-890
376
772
682
-526
282
995
-842
-393
-175
761
-775
399
-470
827
461
825
353
-725
10
980
-751
-186
-75
-664
780
-254
-146
7
-89
-953
910
-315
225
-44
-740
403
-546
-769
-773
609
-347
-113
-392
-3
-506
962
-819
-656
-799
-150
27
-345
-620
-606
-551
-858
506
848
685
57
835
601
838
-27
245
-838
-46
826
110
-578
-8
681
-87
-412
-292
781
617
828
-131
763
878
606
-842
347
45
-281
-961
693
-195
360
409
173
395
-74
-650
-242
-883
-640
3
319
277
-894
-829
-965
587
291
-843
632
-540
-819
90
-372
658
-780
-448
-65
918
-743
432
225
-829
-346
-379
319
849
-507
998
-20
-192
-178
232
-768
-79
854
396
-422
990
140
-65
346
350
262
328
947
426
-689
-998
30
-324
685
51
-655
290
-773
-531
244
-791
-868
735
-178
123
109
-206
-538
136
921
485
-569
-390
-584
-24
-502
-637
-47
-180
-130
-125
276
306
217
985
783
425
-657
-854
87
-530
137
714
-124
-62
935
202
200
-214
-327
-484
-745
-711
-764
-133
-916
386
-591
248
-50
370
-456
600
-303
123
-315
582
317
558
328
-590
-561
-221
757
625
882
799
470
-935
-203
755
-220
740
321
-203
-441
549
474
-932
874
-487
49
-157
408
-830
846
-593
61
863
887
-394
-893
-670
554
23
-155
-863
-508
-586
804
-365
-1
595
736
328
-271
576
-251
-297
424
-920
-356
-525
876
-353
-350
418
-838
445
-724
263
649
-695
-338
-394
-841
-76
-216
-470
-721
195
-374
-964
-308
-978
-623
855
-310
-635
-214
-107
223
-174
-190
914
-357
-793
331
823
-794
590
646
-771
-987
-981
115
316
681
-177
188
961
-531
65
715
709
773
-227
-977
-124
484
578
354
9
-646
-570
915
556
-340
892
-643
559
111
-737
-773
-661
-681
440
-561
-63
14
763
-900
66
318
-727
627
16
-149
259
0
637
543
147
-528
664
-83
402
-154
-704
-906
-749
-23
743
629
535
11
-126
722
-646
209
-365
800
694
662
-344
-568
-159
-343
-324
-93
62
388
183
759
307
456
-513
297
-427
-385
132
407
488
695
-881
-199
-350
-348
677
-407
-507
-932
-574
-770
-638
-387
-457
507
571
-432
-216
636
-227
15
-544
-140
-736
432
-669
632
12
-245
-718
-789
920
936
76
-581
21
-863
-661
-975
570
377
-386
-401
420
-180
-214
534
-519
264
-117
93
909
-444
800
14
-983
179
-294
194
-129
-154
-542
960
-572
-198
858
-747
-513
410
-216
762
-927
-877
-569
587
-894
746
-355
-561
-957
815
531
-743
-968
673
-105
595
-361
-345
466
328
-805
16
-800
587
698
0
992
-409
-60
-469
-817
-133
345
569
59
174
-621
843
723
208
368
59
903
-578
192
-533
439
-695
-750
-502
-836
658
364
-140
-279
202
658
648
-504
785
211
-681
-627
280
82
-848
-696
-242
-715
-461
903
741
-663
-426
-120
-141
786
-795
133
785
-874
-675
-898
622
234
805
-420
-687
261
-954
611
567
110
307
-488
-663
-194
-749
438
665
887
-500
-583
218
111
-658
-357
305
298
127
549
139
720
-434
-936
938
-949
451
416
-256
-518
-18
643
-543
-56
319
765
53
-41
-806
1
-825
651
-304
-450
971
-758
-468
734
-718
-538
-359
53
165
-190
988
385
624
-42
125
519
-907
-364
434
-872
846
957
323
26
160
-575
902
463
-22
-721
290
36
-701
-144
-545
280
-103
-939
-610
402
-937
-531
-704
386
614
566
413
-773
-441
141
-842
649
50
143
-631
-775
-209
448
579
-828
574
-875
577
783
-420
-700
184
-945
143
-42
15
179
286
584
-775
-847
-846
281
-538
-814
626
511
-777
-806
-174
216
258
327
-755
-26
-775
-63
-570
-520
-165
-504
869
205
993
117
23
408
365
329
-690
-794
574
886
460
-555
-73
73
-880
-572
987
961
192
161
-840
365
-586
406
-883
-442
-693
-987
574
623
361
802
-967
-829
-836
-67
-933
-774
123
-994
-938
149
-857
679
-859
854
-630
174
-875
137
-419
52
422
-45
722
754
-355
-999
-983
520
243
316
-664
-483
615
-140
-513
59
-795
-413
-283
-991
724
-401
583
-627
-93
419
36
703
-116
-669
104
457
-444
43
735
115
904
-475
346
-730
-892
167
628
-267
150
329
353
700
908
-618
-801
650
-35
-515
172
-282
755
505
-50
