166
349
-980
-871
-954
640
-13
610
-906
-449
-451
-58
-887
375
-937
-766
-413
502
-494
716
193
947
712
-75
854
359
474
604
753
285
-590
-223
-527
-186
-346
-605
-111
103
-698
127
859
554
350
-441
410
-345
487
281
91
-984
-933
-253
-670
-838
816
-831
-267
-421
-994
317
351
-137
835
900
584
-896
-272
457
605
-89
692
380
788
968
-169
162
126
-170
-749
507
-498
385
-137
442
511
59
238
909
738
877
655
479
-773
-698
695
-918
-173
870
-240
-127
-666
783
80
-393
-187
-14
358
416
427
-490
735
617
50
850
960
448
217
57
196
-196
137
669
-754
461
-551
-608
-249
761
-45
-439
394
420
785
-419
704
114
-124
-885
-966
-857
968
-469
381
629
-343
4
385
-309
-355
460
752
159
-524
617
-787
-236
959
753
-7
-456
-897
-537
-931
-264
444
840
983
-184
486
-170
666
927
175
303
-628
-872
276
-954
246
-905
416
568
-376
-374
64
553
992
317
-906
33
133
552
-852
570
-420
-18
-456
654
-178
-684
2
952
-431
739
-774
478
-54
322
690
171
692
-710
-809
436
381
-708
-758
856
1000
177
115
-403
-428
-148
-188
478
-489
-770
-44
-498
-578
841
858
-341
126
-984
182
187
855
819
-319
-761
-322
526
849
928
-345
660
319
-489
-369
-152
-305
384
689
224
859
-752
989
-240
75
-146
441
27
-272
-195
411
-467
-281
276
234
696
-558
262
250
-111
-319
323
-714
771
-398
-468
711
-450
526
-398
699
-637
701
43
883
-818
413
-832
-682
682
-135
-155
-321
593
-995
321
-17
-405
240
717
-152
-262
495
432
-933
231
-657
-58
-133
3
-2
-181
-602
-243
-685
752
998
-189
830
-108
-289
173
-514
-821
-194
-300
960
647
-479
895
663
-433
-651
-335
157
-968
-292
727
877
432
582
830
-101
659
714
990
680
497
-85
-28
-60
-36
344
901
-789
120
816
683
993
458
-703
676
-887
-333
364
-553
-57
944
-674
-799
-111
732
44
-422
612
783
-333
824
-480
892
-499
-883
-296
551
959
-262
-879
934
143
243
453
-691
113
120
888
415
-637
644
-772
740
821
189
124
516
-423
-745
-443
-622
58
-608
-870
-692
406
-7
-922
-851
-888
-679
-241
727
643
-555
894
245
-469
22
-613
361
80
941
639
555
-366
-951
-585
683
-913
701
-67
-86
884
607
850
677
-891
597
632
619
-918
433
500
78
-774
620
158
44
-562
-615
257
295
949
286
93
852
653
458
-933
538
-358
-309
555
-583
132
440
-71
-286
-260
-586
-665
-214
519
453
-990
-260
-426
756
174
-407
903
-939
758
933
825
409
768
-591
149
-659
656
-798
68
679
685
-211
906
-662
394
-955
322
-639
543
-688
80
-452
-830
408
366
96
562
917
869
-125
-380
-466
856
-746
-734
-524
-929
-14
-481
-832
-989
-758
398
-253
-905
158
977
854
27
-142
-758
918
819
524
-816
-97
-843
763
846
-568
792
-636
-963
-652
-39
136
-712
-74
281
-428
567
-151
-529
55
826
-513
-593
12
-425
862
-930
65
67
755
997
-500
-923
750
-470
377
-413
-221
-197
360
-209
-456
-424
11
-70
-730
248
768
307
-948
-993
-407
385
411
-612
311
794
967
-832
-850
-985
135
202
-197
567
279
1000
-299
792
-488
688
140
963
-259
228
58
148
964
-429
980
-331
-867
204
119
-17
894
470
-186
-200
413
650
385
827
-262
239
-864
564
-640
443
-47
338
384
-62
-103
773
-746
-180
-654
771
145
-251
-226
806
-739
-980
-43
-219
-422
-123
-97
364
747
108
-201
55
748
-915
629
-962
967
-626
-104
587
-66
-907
118
-642
-401
-252
166
865
803
536
60
11
169
310
-52
-853
485
-860
-946
533
853
-390
477
-197
-345
-376
-832
300
730
-370
-929
-333
-671
-755
-422
-442
-955
499
-904
-779
780
-435
109
421
-99
-134
855
-951
749
-974
211
-372
-901
-654
-382
833
911
-96
941
868
-910
23
-760
716
408
599
730
-384
439
645
407
-478
550
-558
915
379
35
-801
496
761
-928
599
39
-930
-412
-642
-538
973
-312
812
249
511
-118
-823
-34
699
-821
-994
-663
585
-714
869
110
-919
83
-686
791
-652
20
640
955
786
-757
946
394
332
605
-145
315
500
465
-478
-678
-92
519
-669
188
59
-113
-460
764
307
216
-395
-806
-524
780
372
-878
-283
-460
-860
399
-361
593
147
119
-184
284
-75
320
443
639
570
-363
127
611
-782
-732
-263
622
582
921
95
375
170
-470
-134
-47
488
-876
-58
-779
-21
-144
405
412
-215
625
-45
-842
-514
904
222
611
253
648
949
409
-766
474
-1000
160
971
541
-908
-345
-728
-362
-450
-63
-110
189
234
-197
-843
-937
280
186
-849
225
837
133
-102
494
-245
-431
-7
-621
787
-331
-748
366
449
147
995
-973
-206
-832
-770
428
-804
-931
431
-968
-637
-340
360
-301
753
909
-789
714
454
891
-11
-52
-663
-915
143
774
-986
-971
-388
-19
27
711
884
-865
792
117
-855
-720
641
427
545
856
690
-992
626
-301
792
652
-625
915
377
636
319
222
-428
-936
758
-910
-119
233
-590
-761
-891
988
-415
-496
455
916
879
71
-624
-28
701
439
-272
898
348
508
885
-112
485
908
-149
578
-468
-463
142
-270
115
-357
-275
426
-464
-645
49
414
391
-18
-377
481
422
-892
-410
-210
984
786
73
-660
851
76
-806
-40
809
583
847
-791
47
363
-226
-905
-653
-424
-445
866
-116
717
893
-424
-505
-736
119
-434
980
796
-763
752
-835
-69
193
673
571
580
-315
619
-846
842
-238
-445
282
975
156
885
361
91
704
354
440
94
901
-596
-815
438
270
-217
101
-823
110
26
908
-252
-999
55
-788
-563
-760
-609
-563
-616
767
-145
-11
404
-974
846
-802
-276
-362
204
525
204
-994
-969
200
377
-632
-403
748
-74
815
690
241
469
777
79
83
824
-792
686
-979
-667
-683
-862
-968
-34
569
-933
-414
-284
266
378
587
379
-237
-235
260
394
684
-447
-489
-941
766
866
-50
-355
168
84
177
484
826
-177
-590
900
674
-234
-749
-943
975
240
138
905
-134
256
381
261
653
-47
-895
300
977
446
786
-560
-700
-171
-675
163
560
-427
441
-734
-491
-963
719
343
-532
872
-441
428
-924
590
861
468
944
-76
-93
-497
-441
401
-961
156
582
773
747
-640
690
546
-809
-857
79
783
-875
848
-972
631
-630
-721
942
-116
354
-288
-57
-798
-238
642
711
-802
743
-429
939
692
-690
539
845
-463
392
438
286
946
45
769
724
-860
-925
389
103
84
-647
-240
-101
-614
920
897
874
-204
-806
630
506
-839
798
-187
599
724
-2
-374
151
563
-489
506
-996
749
380
-867
52
413
-531
952
646
102
500
-991
228
-828
-942
923
-767
871
535
-648
149
-549
351
58
725
916
416
335
871
-273
817
-645
266
-540
564
-776
859
645
362
-263
458
408
300
-511
346
535
581
-441
-406
563
-64
-147
258
492
-930
-973
-925
975
-553
517
-10
-533
-988
367
-477
-959
-8
818
-595
338
584
54
-896
-216
79
183
542
-934
586
858
-630
-158
-718
-999
-290
365
988
857
870
217
848
79
-888
-892
912
-1000
-454
630
-835
497
-108
98
-234
-180
-876
757
-830
-780
55
-964
-946
-562
-240
428
19
-526
-710
-685
-685
955
170
-873
491
292
-307
-204
-634
46
973
-737
-767
-56
-322
61
-507
212
669
549
-354
-524
-879
-150
662
-319
-588
165
-937
854
702
-479
361
220
858
-882
-997
452
-567
120
-839
-244
-252
-881
-423
113
-147
-542
-515
-495
-324
415
622
183
107
-614
695
420
54
655
-638
989
438
-581
838
-80
-909
-235
-79
66
-314
-966
-187
943
240
516
879
-998
806
-247
-205
430
585
-496
-451
-468
278
333
-824
104
417
-74
-561
912
360
854
-863
-191
928
685
-103
-708
-446
-314
552
-373
156
-350
208
-892
-882
569
912
906
-288
418
429
-513
988
720
-451
115
319
456
-660
-857
-907
971
-867
-409
75
-8
-261
883
585
742
-217
880
915
-114
-396
-205
-977
-148
-553
-807
-838
179
-111
721
-386
789
677
778
-703
-655
-640
-19
408
70
602
-174
-959
747
-463
843
-302
877
-172
-9
906
-440
-207
-870
738
616
-276
-6
44
704
-929
-252
-986
-610
-834
-680
-394
-155
734
-583
-953
-673
175
-914
646
-34
818
-75
487
288
584
-503
449
-230
495
-36
479
808
496
-836
34
-912
290
-925
-28
-607
142
507
417
369
641
-981
881
-5
-418
95
456
741
571
720
89
-389
696
425
-355
-655
-124
-740
-204
-481
-200
60
-432
994
-527
-450
918
168
-117
779
-40
418
974
340
76
-397
864
-97
-166
482
977
251
-680
305
-119
718
-313
-849
-512
-997
-85
-325
61
494
-976
-634
-382
-59
-455
406
24
637
204
-239
516
851
-990
983
-454
-274
-988
-407
-564
-498
819
866
-371
788
176
-885
781
-764
511
828
190
875
-767
-610
-195
65
816
39
-152
-144
797
-579
664
402
-765
-181
110
-94
-780
282
989
-657
683
760
-47
689
-979
370
439
-651
-275
875
-931
296
733
-779
-348
17
-280
923
579
274
-688
-527
791
79
271
-730
-794
325
-53
454
345
708
-108
604
80
-282
-551
-992
863
832
598
783
919
-640
-522
482
-877
739
686
179
-676
-589
-761
425
700
-173
-774
-220
-610
-950
820
-913
-353
59
-570
-587
294
357
928
509
-773
-834
-809
-448
29
65
623
-762
676
903
-51
68
-977
-552
-869
72
944
28
-622
-503
604
-8
621
-641
-578
696
108
-128
394
607
-356
218
-71
738
-859
-459
294
-17
78
490
950
919
-547
538
931
-76
-493
389
681
48
683
794
-504
-756
-875
-97
-776
-483
-822
-225
-488
-236
457
501
265
880
323
897
307
163
614
939
380
-83
-282
81
-908
4
262
-556
951
311
341
-610
56
-926
542
-602
375
-341
322
-274
-321
-476
-712
-490
-502
-610
853
-755
378
434
592
148
569
83
909
-527
-396
-862
467
453
-72
-435
-19
444
982
-702
432
383
638
-516
656
-554
950
-181
-567
175
722
965
-582
723
-210
896
-282
-912
903
-924
-246
275
-375
866
483
773
716
-777
-441
838
345
65
222
-940
-380
-140
-455
-110
734
213
320
143
-345
-921
-835
-424
627
120
-807
865
723
694
900
-445
-158
305
-210
-2
-672
223
758
185
344
21
-340
801
-309
-843
-2
-471
911
-623
-56
819
-866
-299
136
-658
510
-5
640
-517
943
-401
982
-414
21
376
674
-419
-330
-358
-451
694
-3
-97
-481
948
947
-387
93
902
468
-106
-894
938
86
883
155
-292
-973
-716
576
146
798
324
-635
655
453
369
970
-457
-197
57
-178
449
-729
376
686
-22
584
997
-351
412
-500
25
-903
-343
864
630
-841
711
-39
-186
-590
687
251
544
957
-706
-169
347
891
486
-788
641
-511
403
485
-235
389
-888
-119
-141
-414
209
-398
591
734
-28
-496
-898
-34
867
961
-824
-883
-133
-32
-276
-357
294
-767
-992
908
483
-626
-764
121
-749
-416
914
-289
249
-637
-827
325
-939
968
816
847
-580
-969
-922
715
843
-283
922
-356
828
-590
75
-172
-313
92
502
-281
577
-919
-52
604
241
-848
-741
-880
-988
-433
480
-464
-676
314
611
-320
220
-998
985
407
-938
225
394
220
-625
264
617
-952
-485
273
255
-70
309
-920
-299
-121
-154
-68
490
-65
381
216
-490
475
476
-684
277
-926
49
-798
405
-537
187
435
-600
741
116
-7
15
-5
-878
812
-699
-850
-395
-762
-332
381
-715
770
-348
74
-606
342
-787
340
701
-611
-699
444
-436
931
382
-853
425
457
-395
40
-365
-840
984
742
-432
-139
528
-505
912
369
-799
109
111
-485
-190
144
893
-530
-849
-993
871
-342
-302
-21
-307
-14
-703
-878
-67
571
332
251
858
-442
546
384
-541
635
727
-634
371
572
-700
288
-459
561
-491
487
-759
407
-598
-457
988
413
-240
-118
-117
579
-877
760
-624
488
-452
-624
-884
-570
-131
870
996
119
-511
310
-981
458
826
-797
-581
886
-420
370
402
-218
-494
-234
-976
374
-297
377
772
49
126
-748
932
-948
999
-706
83
-67
-27
20
-544
0
-787
834
803
673
-658
-788
-871
85
-179
-794
-666
-928
-88
-174
688
-524
379
-711
291
727
-302
-747
-359
324
-564
182
944
279
549
89
-896
-531
626
-59
-59
739
-400
782
-746
-434
613
-275
617
-857
472
-744
676
-546
318
-686
-271
-53
576
-459
-986
-340
-210
-289
-106
89
-230
623
98
-867
763
989
669
-237
-686
-48
-583
-944
848
-174
640
856
992
-393
-250
-286
91
-268
556
-570
-389
-781
-143
163
841
-218
-227
-237
331
-504
43
-744
-224
-755
-992
12
136
156
-30
957
-124
163
-542
-169
160
-556
-20
-95
971
-406
-119
-536
568
482
19
-414
191
-862
-456
526
-431
284
97
-239
-227
-9
224
-312
-744
998
-352
-672
34
198
-240
-703
-357
-639
450
-665
477
-432
7
18
-714
-850
-638
931
-695
172
-272
-642
952
-418
-53
116
480
772
100
346
-237
749
-935
957
-409
191
-501
424
-995
-179
921
191
901
600
175
1
425
212
-785
-727
928
-829
-336
-610
972
415
-443
-561
36
-254
132
-485
-598
11
-482
-732
526
-324
98
-164
25
329
642
266
24
-549
170
777
994
-641
-74
302
363
781
-835
-610
-397
-162
14
-631
847
-251
-585
859
82
663
-380
-573
499
754
-801
-470
487
762
-23
-42
614
-280
-977
-636
-303
410
454
850
40
-124
231
-594
209
185
-860
710
791
-677
230
412
-419
-940
586
-368
-370
-804
-135
615
491
946
-137
-587
551
405
458
150
182
519
-366
-432
580
102
271
-737
986
938
-685
-499
-755
-520
325
139
-13
103
10
476
182
612
-553
-91
-869
-970
-580
-50
390
-717
84
927
327
-747
-91
299
-405
725
922
987
295
-862
-377
-458
494
753
-661
916
-110
435
70
719
-775
-44
245
-748
-771
-773
711
751
-201
-388
-861
-338
303
-79
-595
-451
-767
-528
612
-118
-886
-897
427
-553
-956
-229
-737
142
-236
-612
451
-191
900
999
477
768
13
802
-337
48
519
757
-926
742
19
-801
-202
-205
-344
794
-386
-715
14
867
-390
599
-564
114
807
-528
-244
-248
807
-536
330
-180
397
870
509
638
-298
684
428
-301
-865
339
246
-322
547
673
-957
-540
835
7
382
-477
-318
737
-691
-659
-642
-846
900
-410
-63
242
8
-216
-389
-243
647
841
-238
-268
588
902
-552
617
-242
718
-658
-467
428
902
-911
-586
-491
-944
-343
-435
731
-777
870
-843
500
-97
946
-179
-600
791
-702
-360
652
-311
553
259
485
861
-673
176
-268
204
707
347
165
-675
-774
780
-314
-57
698
-888
109
129
-683
-858
952
-890
-877
497
792
7
308
490
813
-149
-781
926
268
-575
433
-16
-728
-479
-522
-42
-770
-298
87
50
284
-281
311
753
-960
-60
87
-121
953
-623
911
626
-757
-699
400
263
402
382
40
634
285
-620
-872
231
-261
750
659
-857
372
-485
406
-28
-384
629
-599
-774
-694
476
-612
611
-303
428
482
596
-545
386
-880
-224
-545
218
-63
-118
-389
129
-73
868
-4
-477
829
-531
-799
383
553
769
236
472
-326
422
-100
642
-629
317
-977
754
-142
90
303
-881
33
283
-107
-763
-841
-603
781
-591
-542
653
-441
-334
580
274
268
-330
-227
834
-877
740
-335
825
432
446
-739
939
550
-336
-481
-564
50
-265
176
-984
401
-96
-554
-304
608
892
431
-351
-896
613
74
779
159
-916
-67
644
-694
-246
455
507
-776
-489
422
467
-574
-632
765
-211
-96
654
623
125
-438
-603
-445
374
-119
-187
-794
438
233
-514
-825
786
-860
806
101
16
818
184
-215
-7
915
885
-101
910
-724
-984
-71
-141
250
-863
937
-454
922
-141
-355
-358
480
-845
-622
-529
-91
396
-181
-168
965
162
-371
365
199
228
-587
-186
961
-417
-802
-989
463
-977
989
585
998
-926
-808
191
128
-654
-778
275
-182
-366
86
-875
-732
-920
-600
-858
289
-366
744
90
881
538
221
562
516
-468
-663
724
-710
427
-188
-335
-939
40
994
-293
885
-409
-960
907
-419
466
748
-988
-448
534
401
46
729
265
-148
282
361
549
-584
88
925
-744
688
-455
92
546
-978
726
-51
169
-182
-323
512
-448
161
-265
-865
823
-112
215
-702
196
-751
-361
972
-919
-978
460
-211
800
-706
568
-780
-267
-33
-41
-184
-997
-388
-771
257
-814
-949
-376
-556
-212
-859
922
572
513
-732
547
-22
-527
-351
910
-52
597
-253
404
-308
-240
760
-229
-758
325
710
-834
-512
-393
64
-997
949
-526
-215
661
-89
179
-471
59
396
913
-785
-802
908
368
-857
324
972
-150
429
671
-335
642
-61
-881
889
-448
205
812
-478
-295
-674
641
-23
-716
-155
-939
524
8
-747
326
-9
222
816
-497
607
-217
-306
-119
705
671
139
-997
-247
-598
907
-55
738
-500
353
-537
-782
59
199
291
-749
-879
-512
368
-167
-142
522
-731
269
315
-927
430
298
696
-499
187
-239
-534
-774
-136
913
-399
-723
-365
833
-502
788
-54
123
-21
334
95
277
484
555
-797
-404
76
766
-376
-907
-534
736
-695
762
789
615
-896
-746
5
646
287
482
686
-86
433
-963
-336
-325
344
-421
532
986
-86
-81
-909
-622
-404
743
392
63
295
904
-4
-501
152
-224
196
458
-809
738
-705
554
-683
-120
450
380
-536
-215
844
-331
-157
797
782
-614
-648
-939
48
508
829
-248
102
-833
489
-688
485
119
592
-430
230
-866
962
115
887
766
216
-943
-620
-164
514
-265
-54
-434
-866
221
548
857
-24
945
-62
-706
-23
627
-591
917
18
586
874
-978
135
642
-94
-13
-201
492
383
-870
679
-159
498
-502
-76
257
-977
-472
-341
-115
653
-789
258
-708
392
155
219
355
-891
231
-581
322
379
906
163
261
-553
-954
474
96
-498
438
953
59
646
44
-636
166
861
-425
738
-960
-771
693
-381
555
376
852
729
-10
973
-946
-873
772
729
-579
-951
-661
-863
628
-225
491
558
135
-501
989
839
-506
-853
-49
741
775
-438
550
-256
173
-140
823
851
-20
-564
-341
47
-989
920
490
-18
-839
-118
860
-171
694
-381
949
150
122
356
-430
705
504
-453
689
-163
-114
167
-91
-700
237
567
-3
-984
-208
-625
-139
-565
-802
836
178
-77
853
880
-873
125
-286
942
-869
173
-190
-638
-35
-442
-358
-682
234
-319
65
819
-540
670
93
593
-737
-601
-406
-103
914
-804
-71
175
177
670
-818
172
-77
-119
611
734
-730
707
-747
310
319
453
-547
-664
780
241
-760
-725
-316
136
448
-59
955
-611
467
-953
-881
397
-813
-265
-57
206
-179
400
-765
617
877
757
855
213
-670
-924
-691
421
485
-128
-118
-257
532
248
345
-916
245
178
-515
301
988
-786
878
631
-334
-554
69
242
432
347
-428
7
-887
726
168
281
-17
-113
567
-92
998
-118
656
788
812
504
-393
82
13
137
451
896
75
419
397
674
-134
835
936
325
419
-70
-475
632
-944
-823
993
581
412
-416
-682
181
416
-719
-786
-473
179
-487
-543
-452
-40
-746
374
-723
-502
-468
471
-51
677
-706
808
513
-680
681
-437
354
-170
-311
-945
795
-469
899
475
-515
-882
311
-514
465
912
-278
862
296
-628
-909
-971
400
-283
906
-50
13
-668
986
791
270
631
31
-687
725
111
-315
534
-124
-709
-503
-180
721
-681
-750
181
-551
-661
376
121
-911
282
717
444
377
-818
939
65
854
-21
-18
107
-260
28
186
191
-738
-368
-538
-370
515
475
-606
650
553
55
107
-218
49
78
315
750
-379
683
264
-661
845
66
-622
790
-354
43
-635
904
-559
-303
149
-960
-487
-282
261
-912
-200
-884
333
-288
26
-958
-704
598
349
-375
-141
315
-594
-209
-763
-844
138
787
132
922
-783
-999
-79
-397
-777
173
-558
44
-113
713
-771
-202
-680
-567
880
-926
387
-912
-561
-504
-865
-111
121
588
-583
174
-101
-698
-165
84
356
443
533
-597
551
12
-109
514
-134
755
-168
209
301
438
-301
-863
-71
396
-454
-190
-302
130
267
-946
283
-903
768
158
53
851
580
-560
382
-304
873
-845
512
304
-159
414
947
-308
-788
407
-689
205
-339
-302
143
210
-726
141
-119
755
-222
-937
-796
-228
-1000
-7
-203
369
-295
-740
606
415
928
-796
242
-474
832
-894
768
-111
155
-639
-747
-626
-470
-562
247
313
-940
-976
424
864
720
-228
994
759
-564
75
-302
-922
-974
528
980
-229
473
-211
266
-450
981
-893
-842
-246
323
941
-457
486
-61
-864
143
-414
466
230
-56
-596
-378
-736
-884
673
-309
-875
904
-81
877
-454
795
-607
-814
-121
1
-781
434
935
-194
759
-34
-888
90
928
-811
-644
451
941
-741
914
640
-838
251
-929
-400
-206
-764
-420
-418
187
96
821
416
-804
-620
303
197
356
74
482
-599
36
-463
-417
721
138
-187
485
-270
-763
282
518
594
504
-572
204
327
589
811
457
412
722
-405
-82
-479
-730
536
42
404
-668
-456
240
-505
880
-705
-644
60
875
909
-807
377
-121
-833
-123
399
-518
377
338
-381
-611
-697
331
-58
443
85
-651
-717
146
-916
-656
-836
34
975
512
31
-945
135
-382
-5
-232
-326
476
-920
-37
-715
866
-227
889
553
3
-834
304
-826
-865
-757
792
509
661
857
-660
-219
-12
135
392
492
-646
54
-312
-692
998
270
840
264
993
612
-145
167
-638
278
103
138
-494
914
59
440
-847
-255
-940
623
-685
-438
-152
540
593
930
759
58
-362
-347
-721
-864
-954
-20
293
516
464
640
882
-828
552
-860
546
-96
-486
923
384
755
-690
-294
738
-593
692
719
-670
634
-236
790
961
700
162
-724
-799
845
-148
989
42
895
-97
521
126
-915
428
-602
-282
157
-757
785
25
-146
-474
761
531
-836
403
-818
379
803
-848
60
524
249
990
306
318
-623
118
22
309
-703
-550
679
453
-839
281
-399
617
421
572
-897
506
953
598
-22
614
128
858
516
-299
-592
-100
-584
21
482
853
998
183
-433
-634
-213
504
-371
843
873
-389
-996
70
-176
-262
-259
390
754
-921
-808
805
13
448
-580
810
-349
371
-408
133
-459
489
-989
99
-991
-616
-270
-738
549
949
-858
-301
-769
372
550
116
806
452
380
-902
-234
307
593
489
-798
718
299
33
-814
-767
696
-173
-559
-938
-337
-64
-700
679
-728
855
-600
673
-240
428
-457
-42
-883
-105
711
754
-60
-189
-687
-491
719
35
-696
-502
415
106
-609
915
-408
937
-772
-630
62
335
-947
-511
396
-391
443
922
377
981
-247
272
-561
39
-77
379
-699
574
-221
165
524
34
-582
-340
138
968
-150
-997
-836
-642
862
568
369
-230
871
-361
929
779
199
-576
-169
634
254
777
-791
106
363
290
-568
181
375
-590
565
-487
-229
-832
-758
50
-299
-615
-428
817
-867
-865
787
-145
545
13
135
-302
-59
-517
836
314
958
374
955
449
800
205
699
-981
-960
-736
-45
-970
998
-724
-367
-164
-488
522
-439
798
173
885
-462
474
-241
673
-569
641
-289
-202
-527
386
-736
162
-596
-370
-394
493
-309
160
799
835
-528
-174
191
-149
12
665
649
557
-98
190
-239
163
511
-854
927
-993
-567
-764
574
699
-110
86
365
87
-581
602
-274
-564
-108
377
845
490
-387
714
-436
585
345
-926
934
-189
416
-806
-424
374
932
445
742
891
-796
825
-559
-459
-809
-5
673
475
-805
-904
-704
-900
90
517
960
-564
-516
841
315
-220
-389
-614
-194
990
464
65
843
597
35
526
-364
-784
-139
-545
-505
739
440
-312
-200
-557
-870
-329
490
774
-38
-191
-1
-504
-928
381
-678
-526
27
-500
443
-556
-971
-787
780
-715
429
835
-931
107
-947
-64
-396
953
-582
878
779
315
-914
-476
-879
357
290
629
-67
-383
576
-459
-279
-760
535
369
481
-408
713
138
451
745
12
-198
-388
42
-216
763
437
700
372
857
-503
-421
-695
-704
475
664
-986
306
852
150
-204
-699
-798
777
548
-305
-738
-602
-258
-926
985
462
812
-936
-268
11
-559
528
-395
-217
633
-135
-514
410
397
-587
-104
-128
-976
284
622
62
-990
-664
390
725
91
-708
344
337
588
-767
-158
-575
148
-786
966
345
503
-335
141
-420
443
-359
-514
726
-808
979
937
22
28
990
-927
-732
366
793
78
728
-938
459
92
310
-753
-246
-304
-239
-834
-811
-21
-72
-541
-557
-208
951
-126
-972
119
363
-985
-907
483
-355
-305
286
832
-779
309
237
316
595
901
562
650
709
248
-959
904
-645
-532
983
-968
-372
-815
-143
-796
-582
80
-141
-408
802
-198
733
-785
-441
-450
-173
690
-936
303
467
-94
934
709
976
-573
443
535
-752
-744
-449
451
-249
-429
-119
864
-350
-633
-5
287
-771
44
884
-905
-521
-39
585
-70
-79
-160
508
379
724
864
-658
-3
223
978
-569
-467
26
-893
-819
-368
-971
-274
-378
-661
360
-46
-953
-863
-161
-632
633
-436
-289
896
841
116
-841
861
-891
730
-699
394
941
-994
257
-843
-496
314
778
-8
-541
343
907
-565
-203
946
921
26
917
-27
-620
-81
640
31
543
219
545
-21
-101
247
-552
597
19
60
474
-133
-507
-759
348
-634
598
-37
972
-470
-479
-761
-871
-586
734
-150
-200
-180
880
-449
-462
835
88
-759
-280
376
74
803
-673
-358
-458
-639
-582
-671
-125
97
-952
388
-166
-30
198
473
185
462
-219
-872
-676
209
-270
-127
767
-884
378
698
614
469
507
-967
157
222
328
386
978
-620
665
-550
463
307
-627
-455
16
75
-92
51
712
-486
-944
492
654
143
252
-339
-123
-132
876
-763
218
-532
-940
-367
501
231
-825
-650
-985
-46
-257
80
-935
582
186
-123
719
255
-906
266
-500
-628
-111
833
-863
853
-471
-159
-467
401
-112
-1000
-592
-68
-839
840
17
-322
-998
-714
-882
483
753
402
-273
-772
51
44
-757
823
-551
-119
-410
287
-185
336
-327
708
710
-3
116
-943
647
-183
644
-145
295
-143
-979
-264
767
973
-201
-424
614
-169
-870
124
-348
25
-532
-781
697
735
-759
979
953
618
897
856
825
192
463
348
457
-225
-110
-637
109
589
318
180
-340
991
740
-987
224
-247
-16
-245
-731
-205
389
193
-417
-929
-170
-683
-872
-805
33
-729
-154
835
-209
571
475
947
-856
-339
-421
108
417
-456
-75
-907
-23
-793
-33
-52
875
993
-593
82
-604
-753
634
-451
503
366
-868
176
740
-163
264
547
-1
812
168
-232
-593
510
-351
-924
-523
-757
629
187
516
988
543
-817
441
791
713
323
789
-761
98
-617
-108
340
-674
-42
90
122
177
106
-866
910
538
-299
184
367
-313
-884
-865
-870
-802
-71
206
883
-950
723
669
-905
-958
-872
-81
491
-337
-181
-713
386
848
-865
131
602
-20
394
-743
-101
-651
-777
772
863
981
374
170
-94
135
-854
606
936
-483
-442
967
564
696
868
349
695
267
405
-481
62
-298
961
-995
130
151
-466
369
-773
7
985
-151
-520
275
917
507
972
-302
989
-652
-864
-231
333
-212
-760
-299
58
-472
791
-350
-275
856
396
-106
43
205
-446
190
255
52
427
-8
966
180
-995
-998
318
832
-426
454
461
583
-712
753
95
-53
-137
155
-321
606
-25
-639
-423
846
891
-303
-192
-380
-221
407
445
734
224
299
803
74
982
337
871
104
-618
887
-657
-395
587
209
-249
-983
-337
-948
619
-379
-896
608
300
479
-588
39
853
271
408
-448
813
-662
343
-477
-792
626
-754
-272
739
-217
-66
-891
-712
436
-483
793
-95
97
-336
-726
-522
-471
807
439
186
332
492
928
-155
-287
-37
-481
411
772
73
-818
-741
-80
-71
136
759
180
-729
526
-155
-185
373
764
-840
-116
740
-18
-258
34
202
-988
63
-104
741
457
225
-407
-642
99
-939
-861
-918
788
747
-76
-917
310
-604
629
131
-425
-8
-64
-588
-434
601
-453
911
-191
-28
473
-109
-594
844
-8
634
-184
316
-806
-413
-74
949
-985
769
-289
-41
-326
335
-19
908
249
-696
-318
398
-200
-586
876
-820
42
80
797
-197
-364
430
-822
-648
843
-316
680
-533
14
-428
-528
5
878
536
-962
-790
913
836
560
-127
-398
346
-299
-841
-910
769
-134
613
-20
688
-634
-582
852
193
-412
23
767
-270
609
54
140
236
-875
-838
-498
-505
201
667
-191
-778
62
941
745
336
-754
957
449
291
161
-155
614
672
18
605
883
511
-319
182
-366
735
137
-274
732
41
-22
920
295
-260
475
-516
471
113
-16
733
-46
-689
-811
121
284
-765
-988
-756
-614
-754
519
598
106
-496
908
555
524
693
-324
-24
-561
116
150
-217
792
186
-498
810
747
609
-7
924
-61
5
370
-655
-712
834
-732
-501
-531
316
478
-16
-161
-350
-932
-867
-545
275
-130
921
142
386
-184
-412
117
-44
236
-820
48
-449
-588
-699
82
-895
355
88
841
106
903
-455
985
-835
-806
-404
-403
-165
338
-180
446
-632
206
-231
-390
175
-900
-199
260
130
878
480
136
-330
-344
428
-740
624
-241
-288
-219
781
-887
-564
224
988
-219
129
-933
225
-50
-16
-933
-337
867
825
-379
497
23
-417
873
806
-68
-168
581
281
-313
-617
-406
781
385
341
618
-844
434
-418
-137
-631
-550
767
679
-799
-140
800
463
271
-946
946
-455
144
-930
-44
-331
-365
-189
-172
83
-929
410
-205
554
547
688
-665
-324
-290
-603
-640
301
-63
734
288
-450
880
154
274
86
-404
107
109
-520
-102
-399
-726
-783
-539
-910
927
-423
8
754
932
873
-953
647
-972
670
564
-996
-120
-664
638
204
-361
486
-424
-753
832
200
-644
876
-362
997
-118
2
-965
908
-142
-887
-939
-359
115
35
432
-55
-503
-956
530
-238
-201
-703
-97
714
59
-529
-129
564
443
-190
38
916
-694
554
437
-35
-733
780
-785
-695
675
-97
-345
-86
-309
895
982
-309
680
-720
-754
69
519
-497
-319
-519
393
-332
-14
-776
-324
364
-794
-144
-132
205
-8
331
-683
-829
-747
786
-756
416
-278
369
-812
510
-937
-332
55
470
-653
-354
536
-139
861
666
-904
-896
378
613
27
844
-628
-740
-515
-683
47
-681
805
-853
-735
116
69
-100
-950
-295
631
825
993
-660
-690
-481
-51
903
-977
-546
56
59
541
415
840
303
-542
52
-405
-965
-561
144
834
-439
-338
269
-453
881
582
473
-532
-172
-524
-494
587
32
-463
69
243
850
-858
-70
724
-92
124
862
836
964
-719
-933
398
592
-853
-465
-928
-654
979
-72
536
-390
953
801
968
-788
363
810
-329
469
398
157
-755
-128
-159
135
53
-627
596
-517
-992
167
-971
-789
-238
850
275
992
-137
882
145
-894
-712
666
-900
-335
-534
141
-52
-169
879
246
-180
542
-425
-639
740
-25
-982
557
194
723
502
692
-302
880
-180
-100
214
-464
-978
-859
-558
-685
-266
-510
-57
639
-561
-73
305
879
416
868
787
648
763
-159
-32
-832
584
-33
-142
443
642
-793
-77
466
-570
-915
-742
-954
423
-852
-887
-80
-969
368
-575
-914
-277
259
302
813
-11
506
880
249
-300
-930
-13
795
613
883
-395
-219
416
-339
989
150
-556
938
489
-948
872
-800
-330
429
-781
-84
-554
-612
-13
46
-232
52
43
97
239
-304
607
439
354
402
476
489
642
267
758
609
-118
459
-346
646
13
680
902
295
-901
-377
-787
857
-877
707
-747
861
-152
-365
607
-406
-156
-575
-744
-901
913
-313
169
585
-462
-781
876
796
-607
-89
410
735
-753
-841
-459
-287
-228
753
334
-60
-383
88
202
-562
150
-458
331
-627
-673
675
-614
-723
821
-45
-887
-946
122
-925
470
245
707
-580
-744
592
459
-970
84
373
250
-654
-84
-47
860
-766
-471
516
-345
605
474
413
-22
-741
481
668
224
-743
-103
-645
775
-998
-674
46
824
463
32
-807
546
157
-122
-998
119
-239
-185
-569
-616
-973
-604
-109
617
339
-922
-796
851
-331
401
217
1
-11
167
-334
-990
675
-52
-807
-416
895
747
-851
-347
-479
-690
-362
394
570
998
442
958
-935
-134
896
-882
-509
-135
347
-605
-439
494
553
-535
149
-327
934
-331
-810
-269
347
-44
962
-959
-960
693
732
587
-69
494
-868
118
-815
-576
-138
-273
-687
628
-388
438
56
960
786
-889
-642
-515
-699
-536
135
-936
-264
-228
869
-731
311
648
861
-320
-234
610
-308
-966
-557
-698
468
-327
921
-129
-494
209
456
102
-184
-955
-288
-387
943
-220
-265
900
-670
-585
-604
-781
-984
-513
71
-127
-476
-552
-48
-799
-437
-389
-175
-299
295
-267
584
-931
-357
-717
-483
-366
747
-668
75
991
-350
91
107
596
-64
-340
237
-218
738
871
-504
-26
-523
375
766
-800
137
-923
810
-423
-324
-593
226
504
-759
-736
-828
474
300
-454
14
-138
349
-491
299
299
110
-756
-669
-857
45
895
118
-440
492
-610
-801
794
566
815
400
-737
-752
47
196
-175
931
415
-46
-817
800
434
-595
-452
543
-768
70
-872
-417
-824
-379
82
-647
347
-651
-672
784
-669
706
837
-404
493
189
-216
614
-461
-336
404
981
690
-346
-902
-566
826
961
287
5
396
-173
987
947
252
-67
498
284
17
60
814
194
-552
62
843
-565
-63
199
790
758
-27
-436
-777
925
-637
131
-500
285
-659
934
300
-630
413
-145
542
373
577
483
-430
632
975
-425
385
-850
-826
-641
-911
928
-297
-976
-533
515
-576
-795
-269
832
179
360
-277
51
400
481
902
679
182
-796
-59
128
477
899
-254
271
-70
212
-91
357
-966
-297
489
894
660
682
567
303
-262
871
-871
-741
183
-124
-95
260
446
873
229
-211
-861
-714
102
528
244
-508
-725
760
-720
-304
-12
251
-91
-434
359
799
-188
-558
59
-728
-670
-129
-503
-725
316
242
-422
935
-195
-223
-987
-598
494
668
509
335
617
380
588
-781
-459
-897
546
544
-303
-241
-258
0
934
-407
353
-947
-905
-90
20
712
768
-448
-893
-589
-367
300
91
382
-342
783
917
618
-121
969
771
815
283
676
-31
838
81
-263
163
122
-572
-162
698
-882
-228
-322
847
-603
567
-577
82
413
79
-233
-725
161
423
-679
-670
-524
121
177
-780
-60
996
-149
66
10
-855
711
625
-670
669
862
267
761
862
773
-872
-281
-300
800
998
-959
-931
804
209
309
744
-603
808
-193
350
367
71
-882
-447
-630
901
-882
-109
-997
473
636
340
-259
-248
22
-773
616
-608
832
337
-651
-979
790
763
163
-100
-807
-591
-943
-823
582
109
-454
887
387
-935
-623
541
-52
344
213
492
-356
41
208
743
-767
813
-199
-372
414
393
121
-310
-625
178
967
-439
697
-791
-76
698
60
365
-932
152
-264
775
-842
-184
-239
-407
727
-999
-111
452
-709
748
-503
689
-875
159
753
-715
-875
475
-181
-286
912
-289
12
733
-722
201
527
696
-388
797
473
222
-682
208
571
751
38
393
63
-700
933
-20
6
-664
377
896
811
711
-43
967
-888
-141
-552
567
-484
483
-280
-179
-838
869
-18
74
510
579
939
740
388
-617
-250
-6
603
-207
658
904
324
-507
555
-412
386
-176
897
-442
357
434
-632
248
-746
-402
-622
5
29
470
851
-312
-58
570
919
219
-321
-22
951
725
847
737
-581
-226
-964
-560
334
478
501
-337
605
556
51
253
-194
-381
-706
4
-303
656
-965
-385
222
505
546
-882
-343
-163
226
567
27
-158
-686
230
-591
44
917
-240
-718
371
102
217
-369
223
-490
-891
-573
-180
254
-150
18
-559
273
-525
275
-705
419
-68
-845
-467
-803
-857
874
-734
-764
-508
358
866
-633
959
191
459
521
-850
963
-92
768
401
587
218
782
-534
810
919
652
781
819
-835
805
123
-804
517
288
-877
-248
875
-362
-858
262
-528
711
-324
176
4
-845
-585
-949
-99
-942
498
126
-60
124
-263
829
-90
-320
-749
-758
17
-174
332
-919
-232
-366
400
-790
46
-759
-586
-749
-899
-714
-884
888
208
253
972
109
804
231
-555
465
44
-348
323
-400
-56
451
988
-714
919
-950
902
-777
-645
-761
980
-669
191
-758
-530
-996
781
640
-188
-498
-931
225
-181
-689
750
-832
-485
-892
-734
-559
-824
253
-70
-29
-298
-789
-825
-124
-29
734
-242
498
-684
681
-506
471
-907
195
-220
-476
-269
-533
635
741
-859
-944
573
486
415
-657
424
62
-84
-307
788
270
-761
561
-11
-142
-141
644
193
574
800
-489
-432
989
-59
-303
-734
639
-378
-184
-982
-527
663
587
-271
914
128
15
-69
91
952
-881
-343
615
-974
-570
-103
837
-628
235
-144
428
54
-698
528
929
714
-613
-956
867
790
917
-64
-283
-997
-234
-963
-735
860
-843
194
362
-231
-1000
-174
748
392
-774
-64
133
-502
-332
-495
598
-853
791
413
27
-767
-856
-473
6
-998
552
110
-560
898
-462
189
-340
-278
491
-414
855
-787
-504
687
-121
473
-749
-297
-218
143
-501
382
-945
969
-550
-293
-276
-467
-101
554
-755
-924
-467
-259
-549
764
-95
-598
-107
-583
864
383
87
-181
-886
-364
-409
543
792
222
794
701
51
-946
-510
273
-998
428
164
-353
-685
324
-318
227
-100
861
-581
-428
-766
507
-291
-346
584
73
-632
-766
377
9
509
-729
-300
842
816
-780
551
693
796
-534
-268
-352
-10
-929
-917
980
-989
324
-474
749
-986
507
-469
413
17
-995
-644
-267
894
156
-55
938
-240
608
467
-613
385
738
146
266
293
-167
-510
688
389
41
-947
-389
-384
495
-258
106
-423
-954
604
439
-443
178
-910
-429
471
-435
190
-75
-893
393
798
100
771
198
-445
-478
-60
153
379
297
-305
474
119
-971
-80
385
274
313
459
-618
-46
-416
949
-730
119
396
-120
926
-107
685
509
-186
-329
405
211
-112
-737
539
71
121
584
414
245
-604
-968
-33
-400
-453
744
768
-107
-959
-186
768
-239
-892
-172
720
513
126
610
-329
149
27
-977
-760
-483
-317
-300
-716
777
245
562
-328
233
484
415
823
282
163
-63
-916
968
291
-572
578
729
563
702
450
-463
-943
835
-549
794
-382
24
201
-605
-442
840
-703
-750
-325
-544
601
704
-580
700
169
-590
994
512
-187
-733
187
58
427
321
191
-121
431
-859
-410
59
548
144
-317
961
-402
-866
-831
7
67
-986
-836
116
-312
-433
694
829
-985
959
-878
-966
-853
38
-590
118
99
-864
58
-745
-305
58
-595
-280
-126
867
-912
-702
-898
-759
-773
668
-42
-895
-483
-315
25
958
885
898
736
421
692
-536
-973
803
-482
-965
262
-20
-785
-690
114
-501
-196
956
-332
411
1
433
-41
772
-712
757
-618
-202
289
534
139
-847
-824
-930
-809
404
321
622
-776
178
-790
-540
-394
-912
-617
576
525
724
-647
-322
350
249
488
860
-862
-719
-434
-467
985
976
-474
350
751
-135
-101
916
294
-147
193
-229
849
-313
351
-34
-398
384
-844
-35
948
564
-274
-432
80
38
-155
-414
157
802
-869
873
-831
-322
-466
343
-277
755
302
-533
-238
-348
-182
-26
-193
-894
-798
-981
989
-463
418
-822
487
-320
289
175
-851
980
765
-940
-167
642
-53
653
644
-124
122
819
474
856
-307
563
771
-378
-536
-1
-520
-301
-334
-592
569
836
-271
409
873
794
-31
920
-45
-571
-881
-79
-274
-419
-504
779
752
968
-997
-896
-519
351
34
485
461
583
928
212
909
102
-497
-932
-504
312
585
127
370
-358
-335
221
-648
-294
-976
126
606
205
-100
198
822
496
-790
-283
-307
-84
-555
208
-122
-874
208
599
175
308
996
371
545
-999
652
168
421
-756
-948
296
-504
-407
-25
596
-607
-498
984
114
186
-398
346
-876
595
-249
293
-277
357
-89
-714
-132
431
759
-73
232
-921
20
89
450
-220
-665
-94
196
-279
823
363
-787
-875
-808
937
-924
565
-646
-930
-161
-56
-267
-271
-582
419
-673
-855
11
450
-481
795
259
-971
443
191
-773
931
656
287
506
680
693
-486
-208
509
966
-863
-620
662
44
295
6
165
820
-292
-692
910
-877
-552
-483
473
347
549
-281
-339
-561
438
735
-671
652
802
-598
-913
221
-117
77
44
335
575
-440
13
-650
304
-335
-690
-437
-543
-7
432
-800
122
476
-957
-476
-774
-803
675
548
-124
601
932
242
-294
-954
-617
995
660
242
-916
-132
-902
-20
397
369
355
-631
231
101
-359
569
-795
-543
-386
-767
-203
669
-210
195
-311
-687
-210
-899
992
872
-131
879
5
771
420
-211
-323
-552
-167
956
-628
714
-708
168
91
150
769
940
-55
-72
-736
699
574
991
-918
-356
-870
-932
-849
613
474
659
598
-86
795
880
-143
-415
10
-739
629
-24
270
173
-215
-54
981
35
-724
-23
-438
-42
562
661
-410
199
206
-90
194
-368
918
-420
-487
-78
409
171
-757
-269
-888
-586
-473
-178
465
-98
81
542
-206
-3
-241
-516
-135
-160
792
354
95
-237
-955
614
455
388
419
-958
427
-871
506
245
-442
-894
320
333
734
458
94
271
-899
28
43
212
967
-475
-547
362
-697
-951
-16
-990
-845
803
923
835
907
343
120
-245
-447
198
217
264
859
-397
-441
569
-754
-276
844
-749
-88
-740
-334
-364
962
-504
528
-165
-435
-64
-306
169
-307
-84
-40
607
3
-851
-445
1000
-609
-265
-235
764
245
-344
434
620
-320
520
-727
-356
-475
-749
555
-28
921
619
-260
574
679
-932
780
57
937
430
-483
-85
-318
-233
40
-190
691
121
738
-170
-585
266
-598
29
706
-907
39
-357
858
305
800
-57
398
-208
-260
-158
912
-169
-483
-297
579
150
-69
-954
-275
257
-413
887
-714
513
937
-243
-18
586
-299
342
-827
876
435
-988
304
376
-392
-130
-759
-843
-420
-149
870
867
674
138
861
-909
-9
653
638
-98
271
-637
598
-803
946
679
-508
395
-752
-819
-735
-224
468
-962
-145
162
49
-732
930
-644
215
322
508
-207
917
329
763
-466
-426
-86
-1000
-870
558
-503
-882
110
535
621
960
482
-262
-335
-962
-908
-158
-572
-612
617
-400
-620
177
-825
-218
-358
48
104
-19
-282
662
-588
-837
-864
877
-183
-633
275
-334
104
-99
936
240
-751
-362
-61
705
-763
627
-654
108
-551
808
-59
-213
-573
317
474
-647
685
-72
-735
639
693
-778
-893
592
289
200
948
260
-253
-158
176
505
120
791
-406
975
-481
-477
74
-527
-620
-473
-219
883
67
-629
-954
119
-164
-274
-665
-515
874
-914
-892
468
691
-101
-529
993
-466
-782
670
550
-839
952
650
442
-791
-849
-646
860
-616
-941
-583
157
-643
619
-868
61
155
-65
-142
471
352
-500
372
578
845
-90
437
98
502
-205
-914
623
-949
-753
-578
-946
194
-418
-417
691
354
957
844
730
917
-427
155
-82
-767
917
-13
913
901
-429
185
134
-187
-47
352
884
-412
-747
-56
794
188
-879
958
861
918
679
800
967
413
-916
614
-202
366
-358
-476
23
-326
-177
273
731
46
919
978
898
384
-236
-263
-137
92
35
-909
367
-116
884
-987
807
599
-201
-257
606
438
-93
-80
116
327
-489
4
-324
-857
446
773
592
305
-664
-149
217
806
-769
356
878
-264
346
-306
-602
-618
174
612
-499
31
-144
602
-489
-778
-444
845
490
996
196
414
-582
-47
732
560
-744
-117
-333
429
744
361
-58
-286
621
946
341
-471
159
-138
711
804
-859
-867
-378
-185
790
-45
-847
507
-561
-477
-583
691
-332
-410
265
60
939
-859
-696
-862
-416
-488
677
-872
-66
526
-656
335
-870
-659
60
-893
953
645
-922
594
135
-88
-426
-184
-353
526
-337
521
926
309
308
122
-311
-627
-225
922
766
982
754
-61
-360
-242
-644
-864
-384
-725
