614
129
-541
997
59
153
-170
429
-249
320
953
778
838
-612
-524
602
-623
-622
-558
299
-51
818
-638
994
731
-703
55
557
603
999
629
747
840
-393
-825
829
876
-245
-464
435
950
897
-208
607
780
673
116
675
474
776
558
-814
481
-484
-700
-706
910
-587
981
531
414
-913
-649
-23
975
744
406
947
-523
-210
-383
266
-327
539
43
-834
970
39
-252
-851
105
514
925
456
204
-428
-65
360
263
-448
731
186
-494
-761
680
-117
553
-72
37
397
-2
-12
-864
-555
865
499
793
753
-75
-298
-403
-717
711
871
-575
949
-97
-547
151
-53
-835
-984
578
687
172
802
768
-274
-565
114
-979
995
-88
564
721
-30
-254
371
675
700
-143
-190
884
-373
491
-586
554
-897
764
-215
269
-836
-682
-493
539
-730
75
203
345
-170
-132
-687
-83
-496
-695
160
-755
589
502
-792
-628
779
-236
-572
-769
980
-477
-949
-260
-437
42
866
806
-635
142
-261
857
-676
279
118
-858
-153
202
497
212
91
674
818
-712
808
-548
-505
631
-420
389
-708
208
-170
359
341
-933
881
71
-153
-971
-853
-393
-273
298
969
622
119
564
817
-553
-262
-277
-641
458
-134
-798
-784
-476
727
682
-627
177
669
-928
-680
-135
845
-966
868
959
91
-123
297
-606
-13
-422
700
-842
515
449
-475
367
-908
245
-790
205
-926
-690
-453
80
-360
637
-471
-916
461
-327
-884
653
99
468
367
-941
852
-633
281
515
866
242
-897
941
-113
757
664
765
-506
-728
64
782
-845
48
-505
937
-385
283
825
-368
-482
414
-96
185
265
-172
244
45
-420
-524
-773
-759
765
898
-133
-4
-171
-206
857
-488
-721
847
794
-873
-475
218
373
880
707
-602
-784
-443
71
-602
606
374
-474
889
558
-279
-103
833
816
-65
729
485
-952
-257
-396
232
684
121
279
-400
132
-175
-345
765
859
327
633
714
734
-706
-56
-927
857
-26
-170
908
-367
351
392
445
957
441
598
-889
-111
-505
-451
-307
829
821
-5
367
-540
98
779
422
266
-822
-484
145
707
592
546
44
-677
-775
922
741
-699
-605
-893
574
-715
-987
838
784
-773
732
403
214
-254
-930
-8
982
-265
-146
80
-433
787
159
227
902
-767
408
312
-486
-490
-35
74
775
491
401
-929
-921
-660
-853
-263
-484
88
574
498
-377
587
364
174
212
460
267
573
-966
-536
-684
272
-1
541
-504
-969
-659
59
440
308
-975
-561
-108
-729
-411
-14
-703
486
664
128
591
874
-418
-814
115
596
886
-93
68
-760
929
262
-858
-40
-497
-752
54
746
-858
-329
917
778
830
-426
-719
-626
912
867
-641
966
727
245
-319
18
-481
-243
313
-629
342
54
373
-24
626
83
-922
529
-471
748
724
184
-525
281
-11
523
260
-868
342
85
263
-688
-608
81
-935
-304
-379
779
-982
-792
-991
368
339
106
109
1000
759
-666
-258
792
-249
-846
207
1
746
-256
577
-509
-192
-436
139
-295
207
181
-458
361
293
-817
933
-235
547
-627
569
-139
-184
510
-463
646
-943
890
-132
-247
666
-629
236
0
-723
-773
401
-620
226
115
-687
337
-167
251
430
655
145
-9
726
-846
187
115
-769
984
-888
870
825
500
638
-878
542
617
-194
-614
-611
-406
239
556
-523
202
855
-811
259
721
-799
217
-145
-680
-415
-28
649
-562
-848
979
523
-861
394
-953
243
-191
573
-176
804
311
-520
-633
909
265
-726
483
754
-463
-544
-319
-677
-836
484
-966
-939
189
-300
263
150
347
-15
-494
-29
-127
-708
601
110
-325
905
-55
319
652
-293
530
50
122
559
25
-890
-256
-142
-264
-214
-670
147
-836
-446
-343
634
846
-387
-186
-44
775
573
813
760
946
128
302
406
222
-787
129
435
577
-792
54
-672
510
-733
-799
-231
-500
-475
-100
932
-246
816
138
851
835
816
904
-157
-177
247
526
-82
325
12
925
-122
-361
512
-19
61
-630
339
-272
-274
667
-608
367
629
172
366
855
-230
-849
-558
409
-885
-823
-518
797
348
-944
-219
99
-883
-293
187
-113
-16
765
637
-655
-292
284
-164
-817
236
901
-151
-547
742
-65
322
-569
-47
-875
976
-575
354
-164
-398
379
-355
-557
-543
-145
885
604
3
519
387
263
-593
-179
-672
-224
478
298
421
813
738
19
-659
874
858
244
-564
-894
486
-964
651
513
945
341
-64
-412
-726
-294
-38
-617
-208
949
-130
49
88
-16
-428
-468
-160
-179
-290
-983
-79
-495
-747
79
-953
617
752
323
-831
-941
180
309
356
-1000
460
-763
-602
-947
580
-504
-234
820
-219
-812
55
-696
-55
851
-686
-162
-520
-225
-821
364
721
-688
89
126
378
-895
606
-314
-549
-2
20
-484
-66
-417
-656
566
-85
-476
551
-516
-470
-21
-52
36
-850
14
711
40
79
-763
841
-535
-604
407
-182
640
-954
960
-320
478
608
-280
390
-288
-974
864
686
619
-95
706
343
-872
-105
-91
-771
-825
179
-745
144
-797
-194
-147
553
-365
-298
338
241
-744
190
458
-598
-624
721
-50
981
190
-184
-797
295
-845
-743
949
784
689
-521
887
-882
-299
688
708
-283
0
-53
-733
-158
381
-979
258
-913
195
-238
-738
-733
51
-764
77
492
-510
-734
-553
-666
-225
903
-790
818
-634
-600
-755
-981
798
-88
-957
924
152
877
943
-935
-146
-499
638
-963
-222
-261
166
398
830
759
-817
563
-902
151
533
103
561
770
-312
-515
-836
-610
589
354
15
-27
-881
-571
933
664
831
-758
439
-894
377
-161
-931
126
837
472
-469
-920
201
-15
390
-243
656
-703
937
2
-272
469
-313
-572
270
-115
191
-284
967
-236
861
-144
647
934
-864
-821
-871
-756
896
424
-215
-583
-793
-536
256
763
311
-401
-149
255
135
-394
423
468
-268
-84
960
-23
-797
947
-877
-147
102
-130
-801
39
-872
-57
-834
147
-777
-419
492
-450
227
370
408
844
318
-858
-958
264
-535
542
699
661
-177
261
64
145
252
-138
-23
-752
-154
899
-558
160
-525
474
872
-799
471
529
-900
-614
160
336
671
715
-368
965
507
193
-446
682
100
-671
860
-213
440
-237
-572
-661
-112
-165
-973
981
-438
-324
-8
-924
18
-987
704
983
-647
-108
897
-810
447
-467
-489
-61
346
527
-866
-771
184
-883
-70
618
-135
46
-200
170
664
42
-392
813
908
-831
-192
-967
-656
-466
-751
-730
-223
840
902
-252
235
933
508
299
-935
-961
-513
883
811
587
252
193
250
101
-754
-607
706
412
976
-506
645
-906
-663
-832
-327
-713
161
-31
-323
-604
475
732
960
787
86
55
-68
-436
656
-110
-46
-296
261
679
484
-436
124
-202
-939
439
220
-647
-561
-843
813
925
16
19
-96
-302
-636
-745
-74
394
-734
416
989
848
974
-67
869
1000
-487
543
-945
437
-531
-682
468
-380
252
-778
424
148
-567
819
-217
915
986
-396
-900
-180
80
-890
532
926
866
672
-29
929
-780
-538
826
-851
630
-86
782
-730
-536
-303
-83
-799
-223
-826
-931
568
-297
-64
750
860
529
-484
-403
859
163
125
639
-436
957
-334
181
-185
591
299
119
67
-972
-806
-210
421
-624
-596
947
-161
200
414
658
455
-214
339
403
-527
-590
-588
288
47
467
-166
-569
-630
-409
486
119
274
-433
496
710
-600
-587
-565
-142
-794
162
-499
829
481
116
882
-770
752
684
397
806
-961
-746
516
18
138
239
405
284
928
-325
784
-441
653
-371
-802
-574
957
-124
319
-15
-468
612
-558
-667
-51
-975
-619
-219
851
-741
-788
-289
-942
-574
579
785
476
-636
419
13
-270
-984
-973
987
-119
-982
216
668
380
470
637
-463
150
-546
383
-159
340
655
335
217
112
357
23
-51
-71
-407
-613
-838
-242
-49
133
815
246
566
611
-262
-963
-481
375
-369
-295
931
-64
-885
-96
85
998
-698
627
187
345
-445
-549
737
991
-287
352
20
-139
-657
-714
744
705
-122
-771
-406
619
-127
252
-354
-856
-221
244
761
800
104
953
270
120
-848
-347
825
-867
-662
-34
-590
-97
376
998
-24
-962
-945
-101
635
223
-748
-729
-42
-183
-774
831
-925
-76
612
-546
920
-597
137
-371
-411
554
865
-678
481
-579
-274
-121
907
215
-349
1000
-775
-30
447
971
128
162
-616
270
-705
151
-53
-816
-492
632
87
-967
-134
-840
161
849
75
-280
449
313
-642
-607
-761
-378
916
-77
-411
499
-615
-45
291
-698
791
-260
451
905
-700
824
884
-936
-363
-308
506
-780
-794
-909
744
-748
144
-100
708
-39
111
-577
-800
-102
-438
891
839
905
-279
-313
-179
55
-472
-627
941
476
946
988
135
-603
-106
680
-545
-581
-948
-302
-703
131
-489
-893
218
467
883
304
34
-546
-516
103
-266
973
-978
-819
762
-160
216
-639
-652
-577
118
337
-342
657
-486
-294
-5
-505
282
35
-541
-470
-167
-662
-387
-292
929
-732
267
-866
420
267
83
-59
-83
-282
-317
53
998
571
-658
-681
623
-987
-172
-320
722
-998
-960
272
-360
285
-404
-991
-338
317
-293
-746
-647
181
-384
353
840
789
233
38
-954
-750
-135
-982
978
774
497
646
287
710
268
-918
-765
-87
-374
-867
-912
174
-321
42
-853
-916
-413
790
-709
-677
-125
931
746
314
-720
932
-774
-634
-733
844
-326
335
-616
712
211
880
-912
626
-118
973
268
854
189
-637
-245
-48
-973
848
-774
153
334
-893
-536
17
-700
100
-549
-216
-746
391
-435
-698
89
894
219
929
-4
-963
-726
311
-789
287
-240
-715
-804
994
-798
-724
49
-93
-182
476
-264
713
199
616
-832
940
-377
-321
-516
489
-487
-249
-113
474
-571
-916
354
827
-74
326
764
789
-36
-827
-140
106
45
-682
7
-159
-906
-179
747
663
-40
71
-92
464
-329
-558
810
-211
268
-368
-65
-163
-655
-108
344
627
-900
24
226
-229
20
-945
241
103
827
246
-131
866
368
572
-49
-562
-867
603
763
-197
-245
278
100
293
-80
-754
-568
-288
19
970
898
809
-278
232
-78
-918
-111
282
158
-144
982
-175
-460
238
-582
6
161
237
-375
-865
920
-725
422
-658
-302
-981
-456
200
-58
-86
381
422
304
-911
657
-996
-371
-830
887
-662
-923
-460
-893
469
696
958
24
619
566
235
77
-586
-369
536
-356
372
-626
-829
-428
-527
230
17
661
533
-705
769
-943
955
-839
215
-914
963
-39
-33
-50
716
-73
387
-440
-829
205
-693
-337
276
-196
212
-216
-311
-316
-144
125
-164
6
-970
578
-62
-337
-960
-314
-653
-934
883
-63
351
238
240
-492
-543
61
-827
-344
-279
232
-740
-345
674
102
-4
-269
584
207
-169
331
-599
-406
-929
-997
814
487
208
-971
228
-15
-473
867
-308
49
675
205
135
248
306
493
-392
-477
310
433
-928
-580
-884
-608
413
770
-851
-607
242
-167
-632
-138
740
978
-815
-711
-702
780
556
-447
473
-140
680
-956
-287
-897
-400
171
-145
-36
940
-607
-856
90
-296
-637
982
-30
141
853
-769
342
-182
833
-399
-595
575
741
166
-445
548
-507
107
671
-279
950
284
-269
-138
598
968
-921
-83
-808
-370
-989
977
-158
58
701
982
383
827
472
662
931
497
842
-198
824
241
996
481
592
121
248
781
213
319
474
-635
210
704
-334
106
-899
706
179
112
942
-486
981
-750
562
-120
-49
-517
-637
-108
-343
938
958
-671
-733
560
599
-24
637
-211
-224
349
854
-421
-990
813
331
-201
916
-805
-409
-740
697
176
-908
84
-392
-295
-671
-787
-731
-198
634
-72
-359
-353
-759
934
-671
-422
586
444
-252
942
-276
-595
-5
-489
-743
282
659
506
-904
140
686
-70
-171
99
-890
399
-780
128
249
313
-982
-179
-511
762
-67
-522
212
-572
-547
558
-484
898
-528
-407
-453
255
205
678
-289
65
400
-563
-878
-549
825
336
-949
-908
245
-263
704
574
109
299
556
-45
-392
113
-316
320
273
-651
442
-697
432
961
16
-411
-255
824
407
-945
18
-216
233
973
-472
548
-861
5
208
452
-151
592
661
993
722
-51
-662
-906
-937
931
66
36
362
7
257
359
-749
186
-399
-358
-43
306
-722
-231
-888
-909
-607
-601
-994
199
-33
691
-694
596
486
425
-984
-377
-258
-852
-851
503
419
-404
232
632
-961
-210
775
-154
913
-457
148
-625
375
204
-489
-21
488
-894
-831
-839
113
219
-300
-802
104
-371
452
-150
883
-616
-53
971
-451
722
366
-660
507
151
-884
-765
706
-793
948
445
-313
943
673
615
-918
440
-274
509
106
-426
170
472
-750
294
-646
350
-451
-740
-415
-38
-491
724
-94
-971
-585
-106
247
-618
-610
401
93
-132
52
218
-231
-696
-996
-942
-634
-490
663
-258
-661
481
-340
-1
870
-583
-80
-791
-535
-534
868
387
572
825
-100
551
-379
-551
-629
-376
588
-366
-365
517
940
687
420
656
-745
999
834
-75
309
289
-857
14
-149
-212
-152
-229
-515
704
786
-870
753
796
-861
504
407
-623
-439
-213
-472
470
-925
291
-752
-211
-529
754
-340
-720
102
-693
649
-916
-277
393
-290
506
498
57
-277
229
768
783
524
-45
-23
-602
-878
-968
-329
269
-294
669
-313
7
370
-93
-639
-899
768
-452
-604
506
-680
-441
401
-152
642
-669
-807
-179
-914
452
29
986
-518
-519
849
-535
-761
673
-917
-771
993
964
814
18
-797
-251
-373
-164
499
211
-871
100
-969
-808
205
-406
-195
-149
-851
-251
411
-620
101
324
-734
-757
679
-290
-49
-312
-732
82
-815
269
246
560
-258
-908
179
-884
496
477
142
-917
858
-446
-591
-474
-876
-412
-916
41
-794
807
162
-240
-894
199
184
-986
-404
211
-97
449
-62
791
-437
893
121
343
-7
-793
-238
862
-547
-935
78
-42
-728
-74
-986
535
-488
519
-52
362
501
-432
-805
975
600
760
-874
579
-366
-955
836
435
991
578
680
843
-790
694
506
286
37
-508
494
-193
395
827
418
-376
6
-728
243
-648
-417
800
-481
-771
-89
-508
665
966
109
831
344
-955
512
-321
-576
874
-756
-856
276
-131
946
850
631
-38
-203
-410
320
-387
-642
598
-116
465
365
9
-158
91
746
-16
-982
-436
870
302
-19
-949
-843
-476
-130
-512
741
132
-135
209
-531
207
-686
-331
854
-103
-230
555
302
353
-671
-743
216
-141
-845
-875
-462
-329
928
478
616
391
58
-725
1000
852
-875
-829
-254
-634
-47
914
306
544
-651
-361
624
514
983
592
206
-703
-502
401
756
777
-839
844
-425
612
837
381
26
-704
865
246
-904
308
602
-125
-917
523
854
-171
-565
-273
-993
692
-204
-504
-875
-678
-776
55
347
825
398
235
352
-250
-675
-83
-264
-209
908
-880
-371
31
-291
-588
-138
113
-963
-720
541
535
-557
839
94
301
-633
-318
93
948
-665
48
-354
494
601
435
320
-429
861
368
-153
-13
-174
-887
701
892
889
767
-914
982
362
401
908
637
-440
-74
7
-372
840
-572
-802
-916
-532
-354
974
762
377
957
452
-64
-432
-700
169
-565
-170
65
-915
457
917
95
-666
340
594
-306
80
774
-861
2
-277
-449
910
-916
53
-845
-687
-637
-760
806
-837
-205
644
779
839
95
-805
522
202
405
516
841
667
-282
-568
-736
-421
335
725
-245
-378
-881
-647
-613
-758
460
-509
-235
776
59
-548
-604
-695
37
-950
-916
940
190
-621
-198
-563
788
216
-399
246
-136
2
887
-136
-816
437
864
-691
255
33
648
70
59
-434
767
106
-464
100
775
4
260
526
929
413
-1000
-773
97
9
-504
420
433
-649
318
761
824
-596
139
-570
945
795
-940
-594
796
652
-485
478
-788
359
-108
-4
504
192
-333
989
-396
-114
-518
677
-982
-532
553
801
796
800
335
-142
-441
32
-740
766
-672
120
-815
-785
-189
-889
-650
-96
208
274
-44
-456
-994
12
-359
-628
632
-927
-824
997
869
-427
-14
-101
-488
199
-206
53
861
-202
23
-329
441
-727
-758
-853
555
27
-507
391
-131
843
-868
-561
406
770
13
-509
-939
-699
-245
-904
545
627
-984
325
-479
-83
-728
463
-309
837
378
-852
449
370
686
577
-305
-814
226
453
307
-363
-546
-868
806
595
846
170
-119
-115
298
-97
376
-821
517
967
597
84
25
54
-268
-427
575
-648
949
533
892
-784
232
-375
351
-696
263
-91
-293
295
135
-986
525
-730
-163
703
824
699
941
-610
-44
-126
-551
761
11
706
839
661
-541
609
236
25
922
-110
-91
627
428
-27
653
-307
631
475
517
813
-432
-2
-764
-43
-868
-466
-269
846
488
136
-441
-391
-180
-883
-583
-85
-872
-495
-172
613
488
-445
992
903
-973
-639
-439
786
-672
-905
-462
346
-597
-4
-830
569
560
37
457
961
-360
648
196
-166
181
296
546
-97
898
-246
140
956
-399
-668
833
-621
726
-184
563
-268
-578
-353
-168
19
-462
-854
-162
-14
-982
-799
187
916
826
-330
249
944
-161
551
-107
-837
93
790
-142
-188
323
-558
695
175
866
-588
-377
-654
-60
882
435
-86
579
-50
-842
406
557
3
248
404
-448
-505
-962
21
-322
742
-628
-807
-935
-868
-431
-197
-160
-170
242
743
763
-698
-896
250
199
654
-416
661
-113
174
715
403
383
331
85
-506
690
558
-725
35
-352
798
-510
-235
-347
-287
-689
-120
-772
-307
-595
-24
314
-648
330
-625
-796
-353
-502
592
-53
64
-216
-802
-699
-810
634
-505
864
-4
770
-451
162
506
986
197
562
-251
822
369
-697
682
-757
148
618
-73
-48
506
121
855
-506
-980
936
268
-438
-325
979
558
-225
283
-81
-121
743
-986
-811
-218
-388
741
-475
122
-945
-636
-519
803
618
-523
452
425
-924
215
-38
-602
-249
250
457
566
810
-864
370
957
-470
-704
-716
779
-913
28
710
322
-694
-953
-734
-15
383
-730
642
659
-331
765
79
-706
-693
719
-777
541
522
-526
353
-708
380
-975
88
-443
-442
775
961
-113
710
517
-926
-583
-811
741
233
-910
-826
-422
530
372
-35
413
30
124
-3
-72
-602
-184
-893
-577
-198
-651
-854
185
166
457
159
888
526
-410
-990
860
522
682
491
-277
252
-659
-39
-443
738
-249
-542
-480
991
557
-698
623
-665
-868
-836
452
-512
-420
376
-491
-21
-77
-850
-463
-135
-71
-644
187
814
-596
-917
-941
966
-813
-918
-146
-226
-417
-545
-398
665
379
899
-278
593
-576
-234
28
-606
-599
-267
-305
897
-847
-639
731
-69
178
-86
-178
24
150
-708
912
61
346
-87
243
588
-947
614
-744
863
-662
700
-895
-609
862
145
798
321
338
-957
-278
-17
-6
-689
-364
-562
88
672
15
-992
-145
-923
-738
516
-187
-866
937
-245
289
-598
332
878
-102
-960
330
251
27
-257
693
383
393
-524
864
-473
397
312
849
-845
914
-813
271
-534
299
-400
-282
-379
-694
596
38
-892
823
239
185
437
172
632
-899
-660
-16
376
-369
333
-689
724
335
-364
-269
741
-866
569
771
66
61
-86
71
-49
745
594
464
-252
797
-739
713
-564
-576
284
466
854
989
-296
-897
-731
256
-813
1
679
-878
-901
-839
285
949
-304
7
-841
716
-983
-316
-637
-12
-479
554
802
-558
-883
492
613
840
748
-898
290
667
905
561
-16
-518
-867
-29
-868
-540
418
771
-404
410
835
9
167
336
-708
-483
-517
-419
-18
-42
-435
148
-937
-457
777
-606
-698
299
-630
-61
964
135
-893
-351
-373
-624
194
707
-883
188
-316
-828
791
239
407
-94
816
-879
345
-112
144
-931
-558
-310
-742
623
-995
-598
-106
-220
349
881
-171
-660
-954
-856
-779
-486
-182
640
328
415
947
-353
-736
-839
97
-246
-241
710
-933
-463
-41
-404
-209
353
-183
-46
-211
-135
129
885
963
-44
-835
-893
-291
-487
790
-971
-361
-838
-569
-845
-291
109
-950
-375
-88
979
724
438
-178
352
619
-258
311
-591
99
561
-581
553
453
176
-798
144
-809
549
727
934
-616
-289
-547
-354
-252
-436
-708
-393
834
-553
273
134
527
298
-386
-980
-329
-411
255
176
-772
-176
149
-625
989
-882
-683
-160
82
733
1000
-483
-66
-922
-885
-431
289
46
-283
981
-856
253
928
641
-841
-377
-874
-345
610
327
999
-112
603
-815
-379
22
796
-541
-180
852
-21
199
-92
87
-426
802
-27
803
-992
378
-759
-106
10
409
-647
-976
187
-606
-840
648
570
132
-804
-649
-373
-582
68
-420
784
922
279
738
442
-504
-149
-131
474
124
181
-161
995
878
-335
435
879
844
-91
-574
-364
382
-326
636
944
139
204
744
-774
-208
111
-464
-56
-78
782
245
-374
-106
-13
578
639
897
-921
-759
-739
-562
-534
275
911
788
-415
719
348
770
881
988
-113
822
530
774
136
159
-324
-158
569
-957
624
-926
445
-222
424
-591
769
67
-535
-515
69
-376
-858
178
430
-750
-173
-994
-752
-171
-391
-161
-495
-426
-795
408
-820
-402
-71
-54
120
-240
-988
-575
-186
-312
729
-254
419
875
268
-675
152
845
-502
847
-373
-896
-359
74
978
-35
819
445
-381
720
-914
-255
-764
-686
138
-241
307
132
548
979
-247
-767
-13
-323
659
859
-235
-523
-193
496
-528
108
649
683
-573
763
-8
-521
-490
-502
-26
473
846
-983
958
-580
634
716
590
658
261
-351
455
-221
516
-6
703
777
-551
-313
797
-510
465
569
716
-700
-578
968
139
-299
222
674
577
-98
669
276
390
-684
-178
750
233
-923
336
-664
-777
788
-424
8
375
-116
-692
685
94
-910
-690
709
-261
-570
660
774
478
-935
32
-312
-163
629
883
-992
-517
-712
869
714
-558
-213
389
-550
-844
592
-811
-924
770
-71
195
644
910
-398
653
-233
77
325
-788
901
-319
0
273
137
-305
62
714
873
707
-981
403
36
-277
-19
-143
-348
349
818
-954
150
514
-513
968
-832
414
121
-933
-585
117
92
-396
273
694
-141
-55
-473
-991
273
-690
124
-342
674
-647
-842
-678
-265
186
-515
-471
-750
198
-519
228
-100
29
469
-559
-86
-526
-779
8
552
604
895
-479
916
-793
956
-268
-45
27
294
909
-222
477
-110
105
-504
453
-564
-687
-94
285
813
-948
682
-134
-153
-894
661
-927
455
94
79
450
526
-841
374
996
-778
853
253
276
-551
54
-445
-659
-374
-684
163
-778
-221
555
-235
-231
-733
-880
-159
-223
-641
714
-807
-862
559
-929
366
-684
877
-109
-779
-846
805
939
-776
-221
-320
331
830
896
-493
-365
-89
311
-480
109
31
-742
830
114
-92
-419
-766
-734
441
-340
649
169
51
986
-824
255
460
500
-621
898
-496
160
81
-107
747
157
-10
-535
956
756
-435
-553
-597
939
-682
-19
656
864
-856
265
643
729
-326
821
697
-888
-765
-263
808
702
-577
860
-274
-205
-264
-126
589
44
808
-30
-960
-633
-680
703
543
449
49
-692
849
83
333
-111
766
996
38
-504
768
240
567
359
-870
327
41
-23
239
-612
399
649
-697
-5
994
-346
214
378
-699
456
94
402
986
53
245
773
933
665
-12
879
-992
-217
157
301
325
-39
-976
57
410
548
145
-564
-130
906
-971
172
643
-515
536
566
272
-628
-986
-90
-286
-284
188
-836
-525
-789
466
614
684
295
961
971
201
-481
-793
-851
-765
-491
638
-917
-58
-206
-137
-882
-149
895
-254
583
408
-828
18
203
993
-995
670
-437
919
578
197
840
-684
-825
122
-31
796
-73
-580
408
-608
710
-573
889
156
100
-459
-997
487
-807
548
195
-352
92
-443
-193
-313
910
-464
713
437
-23
37
-204
291
639
527
308
501
372
137
868
-998
-591
147
746
-315
-822
-311
-120
930
776
48
855
-605
791
683
-415
963
-724
390
339
-295
-428
-744
613
-410
118
-447
607
540
-65
426
76
157
-635
-52
-948
-977
449
-587
630
85
611
822
-282
99
95
-665
467
57
586
-254
920
290
-235
602
-557
-882
-569
729
-980
-836
586
-127
-575
279
-305
733
356
-859
-220
144
-629
805
637
804
354
-69
960
-485
-316
-222
334
-227
84
885
-689
-126
-324
-602
-318
-490
451
26
-831
-252
-20
932
99
161
45
1
652
481
-107
148
-213
-308
-457
-412
706
333
597
23
378
-381
213
734
602
813
116
826
628
381
-843
-304
562
-427
453
-968
517
500
-273
972
639
-822
662
599
-655
412
-333
-925
150
-512
-75
-778
-425
547
-863
250
-211
480
783
-412
877
-137
-903
25
719
-393
804
-712
274
-107
316
847
244
-297
-607
780
620
172
-144
-512
-989
-257
-561
726
487
-121
695
714
502
167
-198
833
-778
178
318
-122
871
-182
191
-72
-568
841
264
-695
383
681
889
703
145
829
-837
800
188
-622
-714
-453
-851
-804
-515
490
-698
-65
138
-834
368
-521
-30
-953
-800
-305
-996
323
-599
427
376
-35
-900
824
-911
-835
777
-45
504
178
798
973
661
-862
39
887
-710
103
742
-220
290
834
690
-806
955
-696
74
-361
-530
-534
-459
178
442
235
942
-693
616
-989
-131
-574
847
330
943
-48
129
-106
964
751
552
-383
-305
-28
-256
-986
356
145
711
-589
780
78
545
774
793
574
-430
528
225
-55
85
-554
446
-392
604
-970
347
795
-278
-112
952
-390
635
868
419
-631
-739
-301
-482
-660
-573
843
-405
847
296
-472
-235
-131
327
484
-592
-951
469
865
126
-504
-280
446
-808
109
239
214
728
522
-618
2
882
-207
-80
-233
399
-678
-478
783
-875
-622
-331
-243
46
208
140
-549
-414
632
124
77
153
917
-356
563
-752
920
106
370
174
117
777
418
271
597
785
-556
-778
412
-586
-605
-566
-378
397
-477
-464
-153
507
-225
-812
187
397
-172
-40
226
420
-290
765
71
-778
225
179
436
-552
-869
-244
847
-909
-592
-599
-718
-983
-306
652
-224
311
-338
-89
-229
-988
-141
135
265
594
32
729
735
554
541
92
-71
-977
691
1000
-453
-489
-8
449
-963
-260
915
-135
875
851
-521
938
-830
-315
-850
969
866
504
-158
-461
619
850
206
30
195
681
-236
-929
-137
866
331
584
439
261
-802
159
-466
630
825
-443
-24
889
752
-747
647
-137
565
895
820
-934
-66
858
-530
-981
945
-980
-773
229
-430
-830
716
188
-451
301
933
-922
341
682
533
-918
-590
406
-302
-319
309
-60
759
28
-898
92
-647
924
-425
154
-850
372
-75
-388
142
-360
-545
20
820
543
-847
175
507
70
-920
-102
762
-345
848
4
61
984
-631
-793
345
479
330
-428
-810
594
-282
-428
379
-486
301
859
267
51
-23
-395
102
-584
-818
406
-268
-284
10
382
594
-58
39
-111
138
679
384
987
262
944
831
-631
-3
-691
-311
601
948
684
269
435
-780
-805
461
428
193
795
-790
-19
-517
-857
47
613
545
-235
797
197
985
970
-682
694
385
-383
473
850
767
681
969
-566
372
-837
-293
653
15
760
-709
-265
393
-928
-418
441
541
711
456
471
206
-777
348
796
-322
-685
233
143
-246
-981
-644
815
-854
-706
211
-766
-851
-64
-15
247
-330
-920
410
-711
-122
398
-548
58
-798
-88
-822
-663
-337
159
978
577
-757
-477
452
586
5
342
161
-494
-572
-112
70
49
12
-527
-41
252
-790
-713
-764
998
-912
-446
-7
754
837
481
895
926
457
914
227
-771
818
-640
-214
-893
-730
-710
-627
-267
620
351
374
958
-235
333
-650
536
-157
342
-42
62
-876
-158
-275
-140
-112
-310
-819
-184
-68
-397
-672
-167
-315
-780
-71
519
-644
872
617
122
-851
-921
-448
-566
465
-913
-131
426
741
419
-899
-670
341
287
-534
-506
-188
-30
850
509
-891
918
651
159
-213
187
336
-760
297
764
-280
-724
118
374
-686
932
510
-711
-494
-14
-122
-147
-639
275
-393
503
-147
-973
381
-175
-78
-706
192
103
699
-549
95
938
940
22
618
540
-96
56
501
871
893
-310
-253
902
-103
953
-615
628
-714
505
-116
-449
-867
-636
-436
-922
14
-921
905
27
-748
-292
340
707
-426
-441
308
-537
706
-138
686
-671
313
-678
-631
-828
185
-356
393
346
316
-968
-653
898
-4
995
-564
751
-533
818
-859
-135
942
870
-270
642
473
919
-264
-756
-775
611
636
805
146
-269
-838
-217
-257
871
-952
-604
122
283
824
-190
-17
526
-863
144
459
546
-649
-689
63
740
-90
-319
563
2
-79
283
476
-834
357
614
708
240
885
991
49
-410
262
-735
-26
-154
-990
196
-379
981
498
792
-55
152
-346
-912
963
-971
11
-542
-278
-320
-787
396
922
557
-980
238
-478
407
324
-201
-123
13
-276
943
-482
992
-435
312
798
-755
-606
-170
156
409
477
534
-360
-80
-937
-908
202
198
-15
818
447
-571
-282
-80
683
373
820
-181
-584
6
994
-428
-203
-855
-275
-307
-698
607
660
-207
253
629
-285
589
-399
-139
54
783
-480
-737
844
-411
209
738
196
-820
468
-438
-532
39
801
-175
180
324
-316
-437
608
301
-618
912
720
-389
-911
366
730
-797
479
-360
-664
-975
-790
-500
-32
435
4
-213
-555
268
-691
-636
116
-62
-183
-274
-290
-622
-546
-130
-520
433
-419
223
-437
690
703
-270
200
-299
-655
390
-520
-644
-498
-861
841
-768
-694
386
-833
185
679
828
160
-264
-882
-337
354
153
437
-447
-305
-703
-509
-542
442
-17
-452
425
833
-224
-309
74
-764
909
-183
-797
-189
882
715
576
208
316
766
570
565
-97
613
972
-352
-702
-883
-777
610
127
657
518
-209
357
498
500
-534
-763
-23
-550
57
274
341
801
675
650
-500
45
70
-257
186
-95
-293
428
-191
387
-506
-290
25
-44
713
-475
622
720
-13
-492
-769
278
253
-519
969
-570
629
-153
735
-859
-675
-532
249
-895
309
-501
716
-908
-689
926
447
18
804
-458
-302
810
756
2
245
964
-781
627
-394
2
-534
-275
-480
-104
171
601
-315
780
95
-292
37
-658
-787
951
482
129
-907
65
637
786
218
-447
-549
225
295
523
-61
181
638
255
993
-919
715
-812
270
-975
-255
-680
294
-660
825
-435
-856
-370
370
450
861
212
193
-396
-705
-186
536
923
-979
940
-654
708
272
-690
-484
-748
-540
632
-658
916
668
536
-313
721
714
-840
303
-731
754
-200
299
-765
-620
-467
169
186
297
-726
97
-610
518
765
596
799
-716
664
-325
-612
725
56
111
452
121
525
-760
714
-242
-604
-932
124
-711
574
188
256
103
-478
804
413
260
540
-778
-159
186
443
898
-710
-273
-79
-288
814
-845
-422
-135
-974
-393
-649
-564
-820
-471
-175
-704
248
-693
-184
-856
-192
477
-366
-310
-756
-610
872
716
-745
247
707
-423
104
-778
638
923
56
-344
599
-308
-167
730
232
858
816
570
460
904
48
795
378
-237
-571
-800
813
-55
-117
-493
557
-143
967
75
858
-412
-351
-307
-845
155
-658
-617
453
-619
806
343
-463
-266
-750
-398
625
-604
-939
801
-178
339
-64
121
-723
844
773
-876
341
475
-277
597
534
-556
91
818
911
-108
654
350
545
968
493
631
678
-622
568
-8
284
-915
514
-301
181
-627
-727
38
-791
124
967
167
195
-845
91
-642
576
22
285
-798
704
-932
-659
292
-234
-550
-8
525
-283
187
107
-288
-266
18
-521
453
-180
743
287
-349
644
-144
-277
-266
-275
-229
69
-548
-42
-78
918
244
595
875
924
-233
622
793
-483
362
-768
515
-231
464
-16
716
102
-383
666
-623
749
-38
-846
-207
460
613
-751
813
723
-198
37
135
426
151
-26
-484
528
-255
659
-425
827
764
773
-319
-942
289
-54
-248
-48
9
645
-850
426
-181
753
-164
293
-713
-393
-762
378
-679
-236
-296
-652
665
-970
-686
-447
952
372
374
280
-574
-193
78
-494
-418
534
710
-992
-215
-51
403
169
-402
781
848
-88
-422
213
718
374
611
-685
-168
-777
-512
-694
-375
731
417
387
754
627
-760
382
-604
-50
577
686
378
678
-148
947
557
49
17
482
602
154
448
962
-299
45
-218
29
-609
591
742
743
-769
-938
635
-619
-865
-557
983
922
-26
-139
-653
-592
-86
747
-746
114
-76
-268
-259
665
