-495
-600
-48
408
417
-301
267
-30
464
887
-435
-321
282
-342
-879
484
-49
-38
664
-679
460
771
-235
-260
-731
988
768
248
-503
631
-791
274
-366
428
394
-83
-609
752
-828
575
-823
19
-419
514
-369
-671
436
699
524
-492
-224
-486
-991
-632
-113
629
713
-368
593
994
-311
-51
530
302
-304
640
803
-462
-751
-356
-600
913
-510
-792
-371
600
-25
-441
302
689
413
-916
-300
-478
755
-776
21
-228
-408
-65
968
994
634
726
-129
-593
-261
445
-931
343
927
709
561
-52
-314
-14
-570
-87
-820
646
-83
9
806
858
306
438
2
248
-442
851
-398
-945
196
282
-306
-384
-155
577
-270
172
807
-359
122
42
-233
874
823
175
-572
-52
-620
-267
999
-27
-123
-617
-647
945
299
-147
798
-141
-150
493
453
330
382
924
-414
-604
193
-940
-382
-185
584
-716
-437
162
628
-245
892
454
438
-372
-896
-917
-665
-958
809
-497
-448
298
-286
118
691
484
749
-990
-955
-727
622
-372
24
913
3
944
286
28
736
-847
445
19
263
-79
-53
212
-544
75
-842
-797
-499
714
666
372
-225
868
-353
-331
-799
138
262
-40
-589
-513
500
-383
-810
194
-750
535
104
993
-449
-534
760
-278
759
-757
738
-842
-858
85
466
838
-455
219
917
932
416
-139
-840
-272
581
-931
-420
-186
-455
-675
-396
798
-835
-246
-799
751
-605
990
14
673
-973
207
724
-676
-877
-555
591
-269
827
530
-889
-689
-910
-168
-902
-724
727
-66
383
491
646
509
-632
-657
-23
-116
-291
-873
759
899
-827
-107
-672
-645
-555
-372
638
-929
-806
382
773
868
-245
-70
800
-446
137
195
-491
-412
-475
-113
-188
-12
549
-683
43
652
4
-1
-257
136
936
-108
-796
-450
-698
93
-715
-553
679
-483
-570
349
-773
213
673
134
-460
153
404
661
-894
316
-383
-267
344
-148
843
-77
903
-670
898
-225
-734
383
-117
403
702
-526
966
-893
100
-401
849
-85
-409
-403
328
-484
315
-748
954
-499
132
-591
180
97
429
-828
339
276
-818
-297
720
-639
273
-793
-18
-98
426
872
357
594
844
331
128
-812
335
94
-648
-109
-796
107
-491
-266
-941
-730
997
469
-284
-531
897
773
-581
-12
746
-441
535
-215
945
772
-922
-694
-478
237
524
-440
954
3
-941
-769
320
201
-99
-925
339
-177
-221
-883
397
365
-964
681
-137
911
262
-907
579
967
158
-351
-779
320
-730
718
-823
300
-555
-318
-250
-565
539
822
-111
-320
-452
527
88
83
79
151
275
612
564
-723
-639
-220
-967
383
41
330
825
-29
-8
-540
-19
-428
-798
-157
-52
327
-794
168
44
-787
-761
-604
-204
921
-66
-328
669
-331
227
738
-819
-956
318
82
523
-697
175
-169
794
163
-836
340
781
559
489
-939
984
-329
-26
791
817
726
-312
-965
-194
135
-240
605
669
-797
984
914
-765
-440
-323
-890
-319
-100
-641
453
-639
133
-637
910
890
259
912
-553
480
-416
184
-1000
-613
-129
-365
-757
23
-57
464
-476
558
559
777
969
575
-234
-572
820
-376
99
46
-939
457
-148
-466
-560
993
-246
-916
-113
242
948
923
-380
572
-115
931
-338
-299
647
295
492
477
-336
125
636
-689
-787
818
-464
-714
-800
-265
461
-712
555
-355
-233
-339
559
468
561
208
366
-932
412
99
950
113
746
288
-279
-681
-913
-462
315
-885
-447
-131
450
-760
294
-252
-307
-558
948
114
828
-104
460
753
164
-83
-763
-964
834
522
-860
-628
-870
855
-519
113
622
-531
-250
-613
-57
646
463
-707
-509
-104
-953
-246
641
648
395
-509
-345
797
-384
322
-883
-311
701
-423
-650
-277
896
-604
-954
379
-214
736
953
56
-888
320
634
172
-698
-464
-561
122
398
-97
26
-717
281
-219
-769
647
-837
484
-724
361
-987
693
-842
-26
430
633
-332
657
-959
798
-770
-26
320
773
825
-586
928
-2
635
700
-813
-852
-884
636
-656
-98
752
990
963
-300
32
956
470
-490
915
-386
-812
-426
530
1
183
867
-780
-840
-401
-425
247
-547
396
468
-271
-599
727
-268
468
-471
-357
343
-930
-741
889
-656
-501
-235
-172
-422
-611
-552
719
571
-481
-329
-976
926
-229
-391
464
-636
879
913
-559
580
189
180
-448
11
-509
-594
240
536
-112
-389
948
676
-113
-715
-538
575
215
-877
969
-727
405
-667
715
-67
-883
995
-728
-788
-614
837
501
-368
-513
595
-956
139
999
255
-938
474
696
720
673
-779
-604
268
-669
-760
360
-991
-143
-450
-734
-60
-569
-186
-226
-817
-443
-272
223
669
608
938
-938
663
683
315
-691
-119
387
927
-402
666
-980
459
-148
354
-110
542
677
-994
634
239
-426
-496
70
423
792
-215
125
57
876
282
-57
998
-808
-513
-957
-114
671
-213
733
128
91
-778
217
442
864
243
28
-839
-725
-703
494
266
602
49
-809
250
618
-287
161
910
-420
171
-857
284
-704
0
10
-984
-762
199
-739
-733
175
561
-355
187
-278
902
831
-557
309
266
114
255
37
-548
190
793
-31
-440
-775
138
927
404
824
427
712
-88
481
330
-416
-103
355
-880
994
482
-87
-117
-851
-783
388
561
-874
351
423
-140
616
35
-80
874
203
-8
238
136
-717
-272
76
774
231
-779
413
-7
-553
-787
-843
836
885
499
-367
-683
-983
-467
185
796
-256
-492
-137
235
256
-200
-212
-941
-959
-181
-412
-432
-328
-139
299
-853
995
382
-964
-102
338
936
403
69
92
-1
-75
-770
-529
771
552
-289
-874
-496
657
445
-642
888
-599
-385
-880
337
893
237
664
-489
-889
-705
607
-754
943
384
825
-68
-242
-740
450
-289
974
212
-643
-557
-81
770
-897
922
900
-960
693
441
912
-800
104
-214
-787
68
525
-422
34
755
-742
220
-92
-380
-769
-642
901
407
145
362
-134
-351
707
-436
-221
740
-214
997
105
884
464
908
355
-909
-128
-610
-847
-989
-178
-364
-392
-568
-927
-685
598
-250
136
237
444
609
-295
-38
930
653
330
900
588
-915
-513
-707
573
-639
-931
539
-321
-43
-970
647
66
400
599
257
-852
-754
-90
515
443
147
-393
-364
-518
-991
607
-156
446
-288
119
-103
476
-281
-964
-30
875
531
149
-11
-650
140
-840
194
263
986
-422
638
171
-848
-720
-190
-166
-590
-651
-677
-123
976
875
-886
-566
-581
-231
-813
679
-381
-499
-113
941
-915
-221
663
956
477
849
-972
-110
-890
-719
-623
893
573
945
793
726
278
42
-545
716
82
-11
724
-964
-497
928
859
-684
-641
-823
646
610
470
609
-824
817
882
775
651
-760
-889
-860
118
404
-684
-611
788
443
-512
-871
90
185
917
774
-28
-38
-416
-501
83
-751
-148
199
-651
201
168
155
662
-136
329
152
-893
187
-587
774
584
593
-102
767
-787
-780
994
259
179
-839
122
147
-253
-796
-660
-615
539
944
-347
-220
644
-318
-430
-859
-698
946
382
-684
393
386
-480
372
-1
-725
-972
393
929
65
-524
-391
805
-448
-406
-477
-495
-78
-692
173
-75
948
711
-280
794
-599
-986
-220
-731
-302
-84
135
884
-967
700
555
371
655
-75
250
470
132
311
980
818
811
-299
77
-768
-277
196
901
-476
75
-653
759
162
-356
960
986
215
-425
31
318
9
-373
673
26
-507
313
487
-499
174
-703
731
-675
703
740
-687
-126
-194
92
-297
243
-152
-149
120
-782
-498
869
569
-258
-817
413
614
-210
170
278
883
245
-427
631
51
-334
739
932
-577
387
-497
257
89
-346
-340
-449
-796
985
551
217
31
-411
-247
-807
193
96
838
-874
-905
-148
244
360
891
-765
-411
-353
452
371
553
524
910
766
886
-887
5
28
761
444
-52
-211
-466
-55
285
-821
113
-78
585
-836
560
-232
179
-726
316
-411
673
631
156
-111
-315
868
590
-163
-332
-129
902
242
261
-681
647
-151
-242
-57
774
989
-724
52
264
77
-401
1000
-142
-759
440
-574
239
346
497
-593
131
869
747
-307
-830
-184
597
-134
251
168
537
623
-217
591
-953
57
-889
-921
247
-539
434
-359
46
-83
-453
-509
-335
101
-143
867
-413
198
603
223
-33
976
-383
119
-329
825
452
713
-817
372
-571
608
222
394
-686
58
-722
-202
731
-622
803
-769
-323
710
-262
154
163
553
-531
-388
-703
508
292
-235
911
-131
-829
-558
-834
106
424
124
-518
831
-52
59
-549
-232
-498
-288
76
-433
432
-753
776
-362
493
-48
795
-493
344
-182
-76
-468
77
248
-559
-989
-25
-385
345
266
270
-125
-49
565
-520
42
968
132
-558
295
875
-904
-610
409
87
-861
-467
-468
-652
165
575
-93
362
-986
380
754
208
-658
208
-310
-930
375
801
-758
399
30
-822
440
-34
-746
-891
868
820
-302
712
834
661
646
820
770
-80
719
-575
728
712
546
-261
-128
235
-82
297
928
-786
642
450
-46
351
-269
-458
207
-807
338
689
292
887
546
-677
-548
-553
973
556
-497
139
-22
-197
852
603
785
-735
-642
755
-530
587
-274
-194
789
-422
-456
-101
343
422
640
125
-458
-361
-329
-417
-692
-186
-253
-209
463
-170
-557
532
891
249
890
150
383
975
379
511
-345
719
-931
-677
58
56
142
-734
-594
312
278
396
655
-66
-788
-856
482
389
-238
482
-960
-327
-432
368
-924
-166
940
843
-77
445
-801
-852
-45
-456
-252
-212
-271
-352
-447
-98
-793
-188
-237
-859
-425
-934
-163
-435
823
-489
-172
-101
-608
653
-209
535
235
507
-491
69
722
-846
448
631
-124
-66
-116
-75
41
-212
567
-349
371
72
-109
560
299
61
499
106
-380
272
-552
448
-846
-11
71
867
-326
580
-229
253
-282
465
-631
55
-316
112
-854
326
954
577
-994
-108
168
287
287
45
-186
382
694
-6
-585
-99
1000
351
445
991
261
-387
275
-552
410
-384
365
424
544
277
-458
109
-70
567
-19
-392
-251
-132
123
-508
166
95
492
946
-874
-971
-682
341
-500
598
-22
676
-142
-396
-319
102
269
-441
722
-915
-180
-483
-373
293
768
-97
551
-850
-477
-799
-349
778
-729
143
-809
-184
-666
49
-998
395
960
798
-384
-515
457
320
-69
-448
-226
547
855
869
-622
-154
893
-754
-384
-775
71
250
111
53
-801
-227
225
368
-833
-449
382
866
640
-611
-537
-877
622
302
-982
-905
-795
816
630
179
-760
-793
-429
-435
338
-501
-424
619
-351
969
-579
-317
-318
671
-713
-571
-855
122
-626
-838
612
-692
395
-456
-541
-659
-609
-420
672
-297
62
-898
-192
-619
-784
244
-848
-960
-610
387
194
-888
777
879
282
976
-359
419
974
836
385
-690
-399
-690
836
517
629
-112
-238
872
790
962
-12
-23
416
929
-890
-805
-832
-177
813
575
377
-27
41
-555
-565
-451
-928
269
678
245
991
154
-184
739
-996
751
605
-974
-980
-315
269
529
-796
-809
-21
46
-654
-713
382
907
91
-263
761
-111
-577
693
-702
-598
185
508
530
410
537
-413
-540
-168
406
404
573
-997
-508
325
-412
929
-196
741
-967
-879
-619
855
563
-951
544
425
5
-951
-877
-812
507
-232
348
-534
724
-845
-870
774
562
940
151
-853
531
-215
-730
336
-605
-321
857
838
44
-874
-67
-836
-713
-719
135
803
-971
-321
-814
-939
-19
37
-58
50
-573
663
142
56
508
758
-689
-777
-519
-622
683
187
-746
-727
-137
-176
949
280
-832
-229
712
473
821
766
131
341
796
43
794
-578
-755
-594
876
71
98
-395
-410
859
559
-207
-788
223
-315
-469
-68
-51
-524
350
658
216
711
-154
313
-677
431
636
949
730
-715
-198
-482
701
-617
-506
716
-258
307
-673
-189
-754
-611
518
208
-429
-604
153
240
40
443
851
-215
652
-688
318
-493
-200
-772
127
940
166
-711
921
551
805
-87
-888
-144
636
-568
-63
-512
851
-922
-7
-1
611
-772
836
783
-439
-867
-682
-429
-214
-599
-27
883
103
113
787
-183
-121
-844
-43
122
-959
492
-743
-662
474
-212
205
-889
839
-105
500
-574
-211
386
907
14
689
645
347
-868
-139
-225
-768
874
-477
601
-633
942
-991
-294
-431
-951
-512
-841
835
-74
351
827
674
562
-683
-182
519
-195
673
268
818
752
836
-189
469
29
-436
725
380
-286
178
240
446
-441
-265
739
-603
992
586
497
-65
-153
-106
-562
240
457
-45
-711
895
435
883
-285
525
-310
-501
-211
-551
-639
-184
-713
-350
-949
-289
902
-675
668
111
950
915
-152
7
835
335
790
-237
339
976
-12
206
-533
83
787
904
928
880
-652
586
328
-353
434
628
716
-220
-44
-646
-140
-267
166
28
-828
-100
13
-384
225
684
-606
-170
-499
911
-903
-746
-806
-714
-960
-36
-455
397
807
70
736
208
-963
892
522
-15
-744
-838
-281
443
83
-885
-956
457
-437
-736
588
21
-775
675
99
-39
32
210
-111
-452
-257
-197
-366
362
-674
906
967
-661
-252
347
739
-282
-396
594
261
-155
-914
-10
-807
417
-617
665
162
-457
889
-788
-43
47
-763
475
284
964
-852
-56
844
410
-600
-495
955
-371
-372
-169
-138
528
-142
744
699
306
-492
-562
-31
730
-966
114
580
-645
-677
-795
-496
336
416
142
-915
-594
-321
-42
464
-192
944
561
740
336
-728
-527
-763
-80
92
768
715
-643
112
51
-738
488
-358
-49
916
-73
-791
106
577
-649
366
780
-763
-408
77
-298
965
-591
-886
-548
846
965
143
715
13
-237
261
-445
597
701
-420
-414
411
-538
-457
-904
136
-133
901
355
-69
-235
201
-190
-535
100
-899
514
468
860
-724
-565
564
454
592
300
-352
-861
815
902
-513
-426
427
-778
87
-157
-820
-574
733
-499
-638
-546
-610
-394
903
-64
78
509
270
-478
467
-832
47
-255
27
-119
-500
301
-785
-700
749
373
-173
167
-605
-475
45
375
299
795
562
-550
514
272
490
836
-396
-945
-845
-609
-83
688
472
-596
-970
-621
419
330
592
-566
-633
174
943
590
-74
-160
-385
-890
-30
-960
391
549
61
-328
364
-548
-479
966
862
555
345
-45
948
-625
-761
747
-19
668
434
744
392
437
-917
89
-855
-293
-382
-167
-522
996
180
-985
-335
-979
-92
833
-907
940
-259
-797
-679
747
-971
-766
-948
-975
271
-869
-252
-570
-698
246
-273
-838
-671
-952
716
138
-413
340
149
100
-122
-826
395
430
-825
808
-496
295
-686
944
938
929
773
26
141
11
776
787
227
697
501
447
653
-262
367
-104
-126
-876
10
-374
472
216
811
-789
-131
612
349
-252
-488
997
-7
-102
461
-309
362
152
919
362
-440
-82
-602
326
492
26
-631
112
869
803
-398
868
-245
399
-832
127
246
851
635
-934
420
490
566
-461
-717
-301
174
943
682
23
-211
20
-483
196
513
-456
-522
-66
124
107
-208
-588
516
-133
677
-224
-668
974
935
-533
-999
285
607
411
-778
78
691
16
418
864
-256
654
-200
-820
348
-967
131
276
955
-896
646
-814
72
-329
811
-862
688
511
427
314
-738
-888
-53
-180
-731
412
-21
-805
-986
149
-618
803
208
-262
-328
381
347
567
-603
28
-501
122
799
-809
610
957
-581
-370
-745
-190
138
556
-63
192
954
764
333
915
-954
879
-726
-639
-641
873
843
-45
-453
245
203
-356
-682
-407
485
-818
548
-782
-804
556
-891
99
-756
528
175
79
-889
-133
691
-148
-204
77
-852
-809
233
-202
-191
-951
-413
687
-945
512
274
80
-965
-355
686
657
-869
-759
-248
686
-964
-57
282
-949
378
-386
-870
882
-36
-917
-468
810
-963
477
2
-81
-227
-594
548
613
520
-152
-89
803
980
-978
-91
-924
-668
565
912
-925
124
494
-198
464
-791
-683
-505
248
-57
74
-384
-873
717
-85
919
76
887
744
-282
-48
-602
-178
30
-409
-962
348
-238
385
69
-776
62
304
97
393
295
-497
550
205
800
-108
-883
-952
162
-46
-628
-150
-180
-730
-934
-520
-270
909
-837
-335
-59
942
707
-416
-346
-507
300
659
49
-181
-626
75
881
798
-672
-591
421
493
632
787
-976
57
-107
459
491
503
351
25
226
203
340
-795
535
190
-862
230
161
891
-80
-207
-218
270
-736
348
662
-207
-323
-225
83
845
119
87
788
-245
554
-912
-268
-264
100
986
-64
937
-36
340
418
-690
83
-312
952
-238
413
380
177
962
134
-816
-500
723
-74
620
279
-475
829
635
283
-243
-497
-293
704
-310
-128
-480
-977
528
297
-406
828
-812
480
63
-361
189
-835
-29
-4
-157
-795
842
796
390
-333
-36
794
78
-105
-837
286
567
-249
-316
-993
125
-315
-264
-405
-910
674
326
-284
697
-49
-686
-805
-386
-917
-729
-313
-48
-320
512
589
329
109
-561
-808
498
787
-971
854
782
-365
-634
-848
-602
-267
-89
704
342
-113
-439
637
13
621
889
279
157
322
219
-650
-710
-308
-253
-244
990
-825
42
75
257
921
181
615
-942
-8
750
-233
-577
-316
-9
-280
489
-941
-628
-787
523
273
340
137
904
-5
-869
-632
-417
-287
328
-555
-582
-578
540
85
267
109
97
-303
339
-964
941
959
-799
573
-556
-892
-108
630
-232
-675
-375
719
-5
-465
-113
198
344
-397
-185
670
-17
690
-593
-595
-166
-776
838
-949
-660
-711
-726
-713
963
-466
-444
-180
-818
441
-430
682
-746
425
348
-45
389
913
-268
-869
682
-67
-451
58
356
-954
-867
-164
890
-958
-518
455
100
-58
-102
-913
-16
160
215
840
-387
-839
-390
-160
-215
-998
-131
421
842
-536
112
-572
-212
12
549
134
807
-124
-271
748
-748
462
238
408
656
271
763
-288
245
-76
300
-439
327
-521
413
856
-190
984
-704
-960
829
-545
727
259
-738
820
-687
-152
-426
839
871
-753
-397
928
-925
389
613
634
-830
-27
-815
-271
532
-246
-328
-230
284
-581
-24
697
782
705
-414
-111
238
-496
318
771
590
-911
-757
611
-679
-641
-663
748
835
-247
974
-340
-895
196
703
-916
141
-503
638
-311
-568
-787
-440
342
345
-916
-824
532
-71
392
495
-172
664
231
-256
-77
255
927
394
964
895
400
-830
-930
939
780
510
-704
844
219
865
-895
70
196
446
246
935
2
18
621
-679
-470
650
-489
765
655
-741
-302
210
583
570
-226
-67
-734
-389
914
-963
-289
179
56
-469
885
941
758
-848
450
-814
-374
297
355
762
376
82
512
776
472
8
565
650
858
-952
238
854
-200
531
764
-577
-234
713
427
-494
-491
218
-789
-721
503
336
-271
-747
357
-924
930
-255
-596
-122
477
-762
-931
237
-878
-458
109
193
742
-423
793
-18
-733
-302
-2
-703
625
-7
873
-145
459
-54
848
126
-346
499
347
402
540
-989
-958
-144
908
367
-45
397
327
-252
-822
343
-930
806
-357
728
227
-524
-202
330
-337
-885
-370
37
-526
854
516
-767
739
-762
608
-741
-375
-317
-643
525
-616
359
771
-519
74
991
33
557
674
670
-849
981
-242
-740
-185
541
-1
-75
-70
-312
-127
-660
-35
142
51
-441
-82
677
275
794
-159
-313
-207
-2
-919
-89
-123
633
-690
-520
-424
-969
-781
-794
-912
589
-790
615
560
315
462
-778
474
-106
-846
534
374
-982
286
142
597
361
587
568
168
334
-583
115
-682
-726
979
182
-355
-679
-540
-304
143
18
-312
-591
-510
735
194
-570
634
-62
-948
266
12
668
471
175
855
811
236
217
-134
969
555
-864
-188
562
-698
-436
933
-502
682
-249
-452
733
690
196
-63
254
-834
745
636
417
276
-19
79
-513
-829
-880
-720
-483
-702
534
-957
-270
232
-459
454
-224
44
935
-800
486
236
-701
221
-770
-315
-558
-346
-289
676
-329
-144
-443
-312
155
233
-192
501
-345
-346
156
712
-415
144
526
-777
561
499
-289
-922
499
-602
-15
-880
-978
-646
963
749
-159
533
-546
-148
-836
-26
329
811
16
85
-419
31
-927
555
-604
-259
-686
-773
581
629
442
373
-856
-309
-558
94
-700
-159
242
-871
-945
-676
807
-929
-720
87
603
-463
-273
178
878
-474
-810
442
-47
-56
-951
31
656
-21
514
-167
804
-453
-975
400
174
319
871
253
-239
-860
-23
-261
715
986
729
291
-964
217
-891
-276
243
-393
229
-701
825
-369
-643
539
-299
18
-197
-507
-18
36
-756
-765
-82
468
619
-742
-215
-2
294
-886
-230
757
469
-900
-168
-904
563
472
-111
-560
152
-454
-346
868
-51
860
-270
769
-21
495
370
-109
922
329
42
-830
-361
-615
-290
-257
598
701
150
-451
-177
823
-98
-904
768
233
486
-555
-440
-757
-219
238
-55
-810
-595
284
988
-713
974
-138
368
-382
-617
216
57
-769
-571
786
-378
935
-784
-380
943
-121
-97
-582
909
379
193
607
684
-654
-650
260
-720
-640
350
-579
-62
-580
-910
717
806
-915
874
116
891
-570
932
-342
434
-518
-642
423
887
979
124
145
70
-459
917
-363
-819
-148
62
729
718
959
49
763
138
322
-817
-933
853
786
834
-936
744
-395
774
-286
346
345
-8
-786
-753
685
-669
-713
226
363
534
143
456
863
759
72
-891
941
113
633
301
294
-239
89
110
67
-669
-156
293
-919
-717
676
932
148
-461
-875
-546
269
664
-898
-603
514
-104
158
398
-653
-318
600
-8
149
746
-118
-869
-803
-957
54
-480
-536
565
-288
475
128
-40
652
412
857
-456
-702
747
-266
907
-685
-45
-354
-662
328
666
-488
873
-709
762
611
-306
-3
537
-432
-293
661
590
918
-832
-444
-628
511
64
350
585
-790
579
40
693
-648
-965
-408
862
401
877
911
370
-266
-749
-617
-792
-226
-816
-714
-215
972
-685
-591
-382
201
-324
911
-533
576
732
216
593
-526
705
-632
178
-975
-60
490
-494
-209
131
556
-814
-680
-373
152
155
179
-439
-703
492
-518
72
-695
-762
120
354
919
-421
-124
941
409
-351
34
168
-752
930
947
516
-135
-959
-481
137
-348
-666
87
-66
-61
-82
56
-438
646
-558
-741
-436
-701
276
-77
615
-627
70
-114
562
833
-487
-488
-670
113
-57
-797
27
657
-922
17
693
135
967
833
392
-170
204
-168
-460
174
-404
-515
620
-852
46
-947
-507
-61
291
12
-738
-668
-753
-818
167
178
913
663
-905
-308
-778
972
-879
-802
430
-673
23
342
703
868
-458
864
-419
957
-734
-976
-351
-690
-538
755
850
162
935
390
-276
22
-128
-510
-342
-512
-832
735
640
10
-743
-765
-723
-804
-262
986
-187
115
-574
-259
-863
-413
-425
-238
-988
251
192
-748
329
-283
-464
-16
-27
-398
269
98
558
-867
151
566
235
-342
507
577
-526
514
799
177
704
-99
-587
-568
625
902
-48
-814
939
793
-974
115
405
157
459
733
-282
-603
-224
-590
-568
-674
-348
-689
-693
458
8
239
912
649
-616
19
176
-604
886
-522
23
330
526
862
-204
-864
-874
-776
960
-781
187
-808
876
-708
935
-778
755
518
605
-862
808
-989
-446
568
456
384
-337
-345
436
556
-162
196
-886
-626
-17
-419
-568
482
-754
-336
471
39
161
550
-326
-424
958
-70
431
-906
731
742
212
-690
939
358
-473
-629
-372
384
100
399
-945
75
-623
-636
-55
-273
-712
-515
-151
-546
416
920
-183
-733
-927
-947
-841
-691
14
290
371
200
968
-122
724
72
980
653
-121
454
-786
-896
663
-61
171
-472
-752
146
399
-603
-715
470
941
-339
-175
-19
34
193
-358
258
44
-146
605
81
0
194
-109
-460
961
526
66
-597
633
-222
784
205
-911
-246
864
786
261
-268
763
-12
-556
289
72
143
-482
-62
631
-456
-953
-137
-28
15
268
37
687
879
-581
-327
-403
955
959
915
-556
911
578
-322
941
512
697
-499
-851
-816
-699
997
-172
-178
-646
236
-52
400
-117
-45
-103
-927
-203
790
-336
-128
907
779
-862
-529
62
767
-316
-517
79
4
-608
469
601
-794
585
710
169
60
675
-331
-847
213
717
-972
-477
-623
89
732
202
-352
840
369
-188
718
813
964
-49
619
380
197
-446
-273
-966
-493
327
818
790
-132
446
-822
932
-406
-566
-140
-159
496
848
-436
839
-364
-735
-640
-76
-419
558
-988
297
-355
650
867
476
-645
729
685
-828
-192
-592
988
427
-661
-472
352
633
525
573
-636
956
547
-346
427
624
-158
320
-688
649
389
680
-14
-380
-719
-345
220
500
593
181
229
835
826
599
18
-401
-724
655
830
-661
-482
-715
-732
-957
350
-547
-623
-31
855
137
347
-26
335
-925
284
-790
960
855
597
-297
158
373
-92
-431
-379
-545
-847
272
42
456
-594
491
-702
-599
-599
387
731
385
80
-749
699
293
-812
-401
733
698
-123
175
-121
-765
-406
-410
510
-816
-401
-767
641
686
-570
526
-324
-479
545
598
-641
815
-473
-445
0
-549
598
557
-540
810
-325
351
-420
-11
647
717
794
-717
194
-699
-761
285
966
893
549
-172
182
-844
-238
-994
-607
-355
-491
292
-583
144
-66
-7
-734
811
78
382
-163
-451
-535
-375
896
151
-428
50
-396
-833
-144
-882
-719
928
497
571
-919
787
700
-620
218
-338
525
13
218
-777
237
-398
-473
289
-398
-221
13
-975
-50
681
786
-753
80
813
-204
-564
-318
-945
-766
705
-313
71
-136
872
712
750
584
-838
796
-33
774
-668
-610
380
467
636
-962
-839
-105
-547
-601
-575
584
-499
-142
-158
38
513
-166
-170
638
567
138
596
19
318
477
-216
-138
668
554
-586
371
-514
-37
-149
779
247
776
790
-24
-892
-731
-883
-839
769
890
644
33
387
751
-530
-518
-842
-595
-854
-286
-638
380
218
-743
968
272
209
441
865
763
-663
209
727
375
-570
799
715
-807
413
-464
463
46
-451
-946
650
-182
749
-235
631
740
296
-190
-74
60
-508
-731
680
458
68
892
-721
806
549
-698
43
-294
-292
-955
726
-597
769
-233
-881
639
758
-778
-273
-369
444
-666
70
-358
-756
-900
-115
-308
-348
-439
-324
493
-304
76
328
301
957
423
-138
-421
-618
123
471
395
926
455
-19
-360
961
-979
-633
156
17
505
-752
-597
291
200
741
-226
389
939
-423
872
-785
941
-675
-68
287
-59
690
-508
-660
-893
837
-952
-978
262
-398
679
-803
-608
770
-918
-886
248
823
384
647
-232
68
5
773
-708
558
33
425
145
366
48
-221
-498
-127
195
850
-14
-508
865
929
38
938
-193
734
65
-12
-846
676
43
-478
49
-777
-619
-407
-250
248
-372
-331
382
-515
473
-61
118
794
670
730
-174
-26
-960
-573
459
864
512
-794
393
-932
-414
-374
-263
674
-474
-672
-583
-809
-812
944
-165
-139
761
-311
-879
-785
-902
-326
-990
-19
869
536
652
587
54
696
-738
-659
-956
-422
-791
-945
240
718
218
-550
463
-106
-410
-689
209
130
607
770
64
825
-633
-422
493
93
204
210
-628
-120
-194
-801
-85
-762
-525
298
170
-346
556
-942
-440
-12
766
-765
298
702
-861
-87
972
-520
-38
532
-873
270
106
23
278
-72
473
-587
818
-705
-258
-712
258
932
-749
-464
739
-32
233
887
-808
860
-177
162
-199
-190
-410
972
-752
85
769
-886
810
192
-917
-221
169
-888
402
980
982
-939
486
-115
-968
275
794
-76
-903
623
-9
760
759
76
-620
-222
86
340
634
-260
-558
818
-629
-861
-843
-678
311
224
-568
-443
824
690
-362
710
-206
-347
370
720
768
-779
839
622
506
53
663
-612
-776
-702
594
-19
-784
246
-677
58
-519
-167
326
991
-379
-345
750
954
416
577
-89
-740
914
-546
346
319
-566
-653
-939
670
825
-37
-114
-467
65
-210
677
-185
-75
791
-725
-423
699
-995
337
-113
-719
-967
-277
-104
-116
-465
-429
-609
907
181
614
145
767
267
742
426
787
-271
42
381
-349
-248
-68
-526
572
-23
459
5
447
-157
-160
129
-892
786
777
245
-696
619
-691
-338
790
-921
-508
-885
366
-908
-174
-312
-980
552
2
709
416
429
354
511
628
-370
-273
221
-162
-732
-496
-597
192
-761
694
176
285
445
-187
-655
-193
897
-655
39
-51
-628
-645
701
145
633
979
818
-550
57
-765
987
-467
-419
978
129
-362
471
-53
428
888
-760
790
-441
158
374
939
412
620
620
333
-141
-155
908
-603
607
-243
785
649
325
245
-373
990
960
-368
-653
-273
236
-281
-782
-799
-873
543
-268
-619
-869
-545
258
-302
582
192
375
-229
-11
287
1
228
350
191
63
-953
347
954
468
-256
-837
-141
-335
109
-511
-962
-345
-399
361
159
-30
-457
6
-602
859
765
412
256
156
536
-702
264
-891
-882
620
-605
408
-51
-240
-8
904
168
-298
300
476
661
-280
466
-973
-26
-60
-776
-658
67
539
452
-527
39
781
802
26
407
-148
-824
933
140
698
-756
-686
-640
747
-935
739
-475
410
-526
346
975
997
-109
757
159
-57
-68
955
373
850
908
916
716
-32
273
-292
-214
-241
-174
-99
-644
-557
-809
-277
171
-723
-725
-86
-497
-595
-608
-151
-650
-199
-705
-7
-288
339
-888
-953
611
44
283
604
417
-873
-340
-562
-81
983
-465
-791
-981
300
688
833
-100
-641
463
103
402
223
462
-687
-905
-980
-996
-455
-630
-983
16
827
624
200
550
981
833
-857
-258
427
369
920
617
-66
715
435
722
146
162
-915
507
-620
-247
-849
812
-373
504
-576
114
-853
284
-94
-871
-307
529
-290
617
718
860
533
25
120
787
-141
292
788
423
-91
800
189
796
-214
72
-174
180
672
581
-389
811
-612
-337
679
-466
600
403
667
150
-365
-34
-746
698
741
816
-21
815
-269
-712
-709
-615
301
-306
267
-969
-110
-659
418
-302
-873
-920
-397
918
-329
-253
-842
775
520
282
533
-559
-166
667
-321
-769
29
-137
-384
270
316
358
708
229
488
97
-670
-897
-586
382
-35
587
272
694
683
-769
215
717
-982
484
826
600
-32
395
783
982
489
-755
989
393
-132
-61
-822
558
387
240
91
-519
-139
-431
73
411
462
483
362
91
-991
486
-892
-123
-49
-219
606
502
-276
-953
721
-431
803
-520
-20
-91
474
848
-723
-546
530
-772
297
-260
896
-33
-880
-419
-414
486
-855
-493
260
-999
681
709
2
-359
-929
-442
-336
-779
497
-488
-411
-357
-925
828
686
817
766
4
-507
304
362
831
53
-611
585
767
485
-517
174
688
-181
502
428
263
-395
988
9
125
-347
344
-939
488
-128
-418
-66
-542
-420
-496
-674
-236
831
-965
-313
-584
921
627
-199
-791
71
600
-779
3
-467
126
-34
628
842
216
687
901
-699
-994
-671
756
963
-795
401
798
-899
934
-612
-307
-230
181
-169
-718
-333
896
442
164
-969
100
-190
873
-7
-986
-754
797
978
10
-974
-482
210
151
699
652
-991
775
-950
339
346
967
985
847
982
-752
67
973
582
-980
403
-260
-982
173
-715
62
-851
-31
367
-508
344
39
774
-586
632
-211
816
-575
676
387
-456
582
-758
-178
-962
-701
224
964
-7
323
-503
-576
-705
180
440
404
-218
378
-430
349
-479
-721
265
748
-833
657
211
-217
674
474
479
291
-611
-978
385
422
737
89
853
-769
813
-693
796
-98
-987
-770
-345
913
628
-986
928
-157
-549
-353
-1
-563
-742
-75
3
597
723
608
-980
815
-150
148
10
-893
9
61
626
-1
766
248
990
-230
-73
-504
546
-735
-160
88
461
789
-423
695
177
-760
299
-903
574
126
996
135
-667
925
-425
930
30
-23
530
167
-397
732
-98
546
975
-216
-328
123
-273
-22
-466
369
-20
692
-488
-872
356
-725
331
357
-164
39
-213
-781
568
-282
735
92
110
-636
712
234
-974
-315
997
-347
640
-6
-407
-879
-107
-681
-253
302
-460
658
-819
-907
624
124
-933
994
-148
-685
-535
368
-890
768
-925
882
-997
-729
344
-396
-724
884
934
157
830
712
-218
900
365
-846
-61
474
-136
-662
56
853
887
280
300
504
-638
848
-47
315
-51
298
-393
953
382
939
-786
-391
-760
902
447
406
-793
-387
-475
235
5
-784
699
911
-559
783
352
100
206
-966
164
733
-710
800
885
-841
801
-679
649
-934
159
-848
-624
127
-536
925
-346
-530
-755
-458
-961
997
870
-935
462
-864
-518
935
19
-239
252
-353
480
75
-25
-83
-553
-905
696
487
615
-404
-381
31
507
-35
16
-525
-262
123
237
189
600
637
254
-628
210
-451
652
682
993
-877
-532
-366
628
69
-852
31
217
-696
222
14
-831
-615
942
188
-628
-445
-84
655
-251
-994
868
-834
742
561
563
-665
-156
180
-762
-883
-506
-558
-836
685
482
918
-801
76
-646
-13
9
548
447
642
-126
-378
-80
-527
-39
-503
-664
-57
718
292
-596
-420
-640
-796
540
350
858
-198
-643
639
-832
119
777
89
745
-475
353
784
-908
878
196
854
781
-455
818
386
-22
-64
-75
-226
-476
-318
595
-741
-529
701
553
-508
-626
-997
285
-831
543
-240
323
59
-519
-883
801
-563
-278
377
98
-381
-710
-320
287
145
-721
-984
721
-450
-511
870
-436
117
-76
-110
797
854
702
-392
919
964
-591
795
-703
905
-658
-119
-846
-251
961
-170
465
66
887
-592
606
554
-248
-305
-846
-620
-854
-64
360
-513
728
390
972
-517
-861
-97
839
651
-617
-167
950
935
-173
127
-143
-232
507
558
104
65
-30
402
-754
-755
586
-541
-734
-60
464
997
-523
261
-631
-289
-983
-237
369
-192
-624
-582
-860
-178
945
-720
749
292
-881
363
-47
-81
-553
-404
-239
856
-781
373
-127
198
973
-565
-26
149
545
-507
-183
-986
460
-92
-331
642
-642
709
-764
623
-884
534
-181
187
-493
-366
281
-889
-478
-544
-876
-123
959
-929
-593
-783
170
-553
-424
226
-905
-554
-522
478
-36
201
548
332
317
993
-826
668
-32
883
533
-556
306
995
-977
703
-261
-763
436
-735
297
729
114
-488
-727
444
251
-211
-276
-842
200
729
558
661
-66
618
864
597
853
924
243
-145
-646
-750
-224
660
-800
-242
182
-690
396
-337
866
694
-879
-596
575
625
567
20
-684
-419
-108
325
-706
450
907
572
102
732
-422
-482
-741
910
291
-290
-115
608
-286
-609
506
964
315
-126
146
570
157
330
-828
209
539
-132
6
340
881
666
-89
-409
-927
-102
-716
573
787
-238
-590
-386
-774
965
912
459
614
-96
-233
-997
-212
109
-499
295
232
432
-401
833
-170
-457
-241
-387
-247
907
-747
-456
511
-995
-589
-592
-535
-707
-785
-880
-804
368
299
-468
507
-544
-15
940
75
-711
-586
781
-574
-358
-647
-279
864
-854
13
-801
-738
-331
-625
303
449
-59
-254
-906
590
165
317
573
87
-572
-821
476
-57
-551
848
202
-913
-840
480
-755
-367
-335
-987
-123
292
306
-164
920
-915
748
291
582
-484
117
-184
-659
57
722
-994
-984
-951
351
-870
840
479
308
151
-514
-593
37
-169
662
-699
580
154
789
-868
305
248
442
830
-171
-719
-361
81
-200
-547
403
407
204
-493
921
-651
-538
-61
905
-248
-670
65
-754
-752
-659
646
998
235
-111
504
-826
-734
529
-35
648
-539
993
193
632
-534
-530
-137
180
-79
23
877
-356
373
-862
-397
558
877
923
663
-573
-423
202
-234
-971
172
634
912
-188
-50
-379
-265
-467
549
-675
-476
-415
603
965
77
44
-594
-680
107
-167
-169
590
-668
647
-812
675
177
-96
-73
449
834
-65
543
400
442
160
-216
547
93
-782
-530
214
262
823
-893
719
872
-930
-531
-798
858
-882
27
502
127
-394
-683
67
-584
-953
389
522
-249
-972
-679
271
380
634
39
-771
610
-509
-2
973
952
-684
-415
-553
300
341
-748
589
-955
-157
-572
81
797
-333
487
995
-653
-796
520
437
-317
-953
-928
918
383
-444
-342
-32
-993
-1
838
-631
323
379
-982
-79
240
-800
90
512
-818
-357
300
180
891
-100
819
-628
-951
-114
639
-754
-968
-874
-805
826
192
-900
-836
691
-467
-789
-890
491
450
-131
484
-371
-340
919
-685
-628
-435
-600
-359
162
410
175
749
788
-706
80
267
-13
68
-441
-632
349
-943
571
-403
71
530
254
902
723
-969
-747
196
-674
694
-361
535
-920
218
-628
-703
-494
-474
618
775
-329
717
480
-817
-870
982
915
-373
561
939
459
777
-182
-490
-948
-594
-822
-6
981
859
12
757
-377
710
819
-542
920
704
-838
-241
425
778
73
709
-471
289
392
-971
-179
-799
-740
754
-618
-59
-491
511
-856
-509
-414
541
-842
359
680
587
668
607
595
997
-24
-515
-808
-399
632
-792
-268
259
260
-708
839
661
-670
-672
225
-256
-635
-732
-763
-806
-311
287
733
968
-138
95
56
316
-626
-617
-43
-550
-118
-892
614
941
454
972
-462
390
48
-211
-644
524
-276
586
-155
537
224
657
-278
-668
-760
-468
685
917
-351
-690
-209
148
380
-563
713
-81
401
631
-923
-959
-434
-816
-838
316
-372
-853
62
552
-982
-673
-336
677
-382
284
-9
366
58
-496
474
-248
813
180
-162
-714
974
45
-488
-1
115
617
-143
-688
659
48
751
773
-776
-230
-573
812
-748
190
967
-375
-14
631
-142
-307
857
-859
0
27
-728
-432
-712
342
358
-722
-710
734
769
-877
21
-138
780
737
579
-510
410
-800
-317
12
662
359
-503
219
-396
-359
655
908
756
-228
-163
839
334
870
-132
233
962
-410
577
-209
-333
-552
569
619
980
-288
521
72
-717
-652
-529
-19
-771
-523
14
280
74
446
75
999
329
784
-299
-153
-695
292
408
-110
164
-322
-313
-429
-431
135
-249
-421
-147
62
842
574
47
129
-94
459
335
-700
-603
-662
597
-235
613
-500
-583
-866
-291
78
410
-759
-11
-666
311
-864
757
201
-693
86
-971
-164
33
824
113
-302
800
-655
-570
-116
213
111
-174
-931
902
-219
-768
594
698
-297
540
247
794
-202
740
465
-214
-624
891
-963
573
391
213
168
373
213
-875
266
-283
68
310
-629
-45
443
528
843
750
922
-718
-393
472
-534
361
-768
-499
-583
-36
543
172
-213
715
-90
-587
789
339
649
628
182
-501
-829
794
-164
-753
-213
673
874
-890
979
747
84
-128
-634
-574
-587
-446
729
414
930
-973
938
-425
375
-190
23
354
-234
-29
-407
736
-28
-186
-487
-709
-654
-142
698
-141
269
172
240
618
-890
387
-395
-721
947
-222
21
392
6
-859
-82
-869
328
891
131
787
608
-326
-268
120
-755
15
98
548
296
-717
-261
8
-147
-525
572
577
-155
238
212
-817
466
808
-567
-615
-536
-540
-653
809
-950
854
804
198
182
-328
856
-618
200
675
452
-644
-393
-482
751
18
393
-161
313
158
-368
184
-227
225
672
-501
312
-485
602
283
-324
609
442
-296
-885
551
-82
-954
1000
37
806
-383
-578
-170
-748
26
-999
-724
-540
-490
-910
-529
65
469
631
-311
-624
310
562
-325
-855
-520
-742
174
782
-114
730
405
633
-787
326
-60
-288
538
-37
-829
444
-955
-611
525
-448
-675
749
801
413
-600
-350
-584
-311
-952
-591
-877
-662
4
637
675
957
-506
-494
188
-463
-194
-660
551
-181
-361
392
-300
552
-42
196
-129
-811
-731
398
-908
965
-144
-475
-66
-269
417
818
-315
-15
188
60
446
-379
-91
544
-802
420
656
446
-113
-255
-411
506
123
837
-71
-644
235
-673
271
388
111
813
-870
13
662
-281
-123
-313
-821
-275
478
604
462
277
-494
-394
656
475
-728
-808
428
-257
-48
-735
837
-663
251
-377
821
-376
694
-479
-536
674
255
-747
-90
-327
-21
928
-768
-600
-637
109
874
589
33
-245
-414
73
-485
172
-848
-949
930
234
28
355
-148
-422
929
-198
-114
963
874
-732
-669
-758
501
-819
139
200
529
529
660
-411
743
88
-952
-938
318
-607
15
-491
65
-958
708
825
-415
434
746
639
899
-26
850
268
876
946
335
71
728
2
-251
655
464
-31
-906
-638
165
780
818
-54
373
-428
214
456
-892
-193
974
-731
-637
488
857
-951
283
-827
-487
-990
-142
-675
601
966
72
-179
78
-671
891
-837
-776
307
907
-552
-740
-179
-498
-425
383
883
658
742
948
86
-511
-238
-559
-598
256
865
32
314
206
172
443
94
-213
-232
-42
-459
940
670
21
624
-332
-668
462
-188
-862
283
-959
354
841
-519
-201
152
564
-952
-756
475
367
-255
904
174
-550
512
566
-802
-186
-724
-203
722
-296
-972
551
171
-359
602
-71
-544
-569
50
-998
180
-881
-513
-198
-513
-540
175
794
377
873
206
673
-620
-815
-784
957
-151
-334
940
-822
469
671
-369
-915
-597
245
-907
-181
-757
694
166
-939
-931
691
425
-569
221
-522
-138
975
-630
-602
979
-223
555
-783
255
-450
769
-564
266
540
-624
457
998
447
-763
-635
517
714
691
888
450
974
438
-403
324
-141
-421
973
-354
426
-257
-593
-351
-901
-446
-520
91
604
996
-585
100
-877
-820
-920
-275
100
-504
894
246
25
-622
-53
-607
-158
614
-245
729
295
-932
109
-956
772
257
-773
-625
-672
-211
-816
417
-37
-992
71
-954
120
363
524
-464
-194
-357
343
369
508
176
157
250
-416
-158
-845
979
-628
340
-330
-338
-7
-113
872
-328
-98
-667
-268
-984
-638
-768
-676
781
-829
-708
-64
-362
268
-821
398
93
68
560
697
766
-196
-45
641
811
-383
592
853
-91
532
999
989
-135
780
736
-478
658
293
-813
137
42
541
808
714
86
-907
113
-552
298
-557
-785
-874
-486
-480
396
-372
974
-38
-22
909
858
-676
500
702
-65
-435
514
94
760
-888
-876
998
610
-942
362
-915
678
649
-217
726
342
-800
-608
377
774
519
-874
-29
393
-6
-337
-881
931
992
870
30
25
-330
892
-68
-687
396
-583
-186
-696
-463
929
122
176
347
-946
-34
780
-296
673
-440
-203
-430
-550
979
-652
-621
790
-755
-486
-142
497
-793
-645
958
-986
935
-412
-679
442
244
190
-46
-760
-946
857
135
-223
-309
-323
-491
-69
525
144
-180
-283
590
750
-991
-152
798
-146
-654
-994
565
-659
743
627
108
-696
713
-913
354
-750
-806
141
-663
-189
668
506
-442
387
962
-416
654
559
-506
-619
806
329
211
85
86
-466
-900
-106
429
-89
-485
546
150
-732
913
-444
-92
-296
-515
32
-875
254
230
-87
671
38
-236
-282
-360
-339
440
-704
832
-202
-90
412
-120
-218
810
594
261
0
779
494
-980
679
541
331
891
460
484
877
-601
693
-121
473
844
155
645
386
-816
628
-696
-777
-407
276
-367
596
-264
156
-259
741
-197
-500
506
-249
-24
-310
731
-559
217
-776
712
-679
705
985
920
957
274
-29
-118
-229
-244
-511
-314
-858
405
235
233
-74
38
-166
-765
91
568
924
-173
242
-303
-914
265
563
537
-814
665
121
-654
714
576
742
-955
-101
147
96
-372
939
-211
459
341
139
459
-490
-840
269
220
-688
240
-596
-447
-887
199
-575
-40
-152
390
998
811
-412
-933
668
459
-166
392
-318
884
-169
302
7
-937
775
656
-151
-746
-397
-96
-435
348
189
80
437
-514
-885
854
869
-706
60
-707
-960
826
-430
-495
855
557
235
2
921
-790
-798
-907
117
341
770
-314
-173
780
-111
810
-881
389
49
130
370
-438
-681
-705
904
713
971
-239
-810
-287
-561
834
-820
-878
-64
-691
-826
366
679
120
-96
292
671
-988
-233
503
-307
544
-475
-204
-846
-137
-454
683
-119
1
-127
627
-940
-190
405
-840
-714
705
-437
-120
927
-959
-234
464
69
431
-237
941
-293
-565
-319
7
918
-841
745
-912
-796
638
409
24
482
-921
407
-121
396
-945
-164
460
-656
-165
-427
1
-420
757
961
563
-52
324
11
153
927
-428
-231
211
-193
-35
-448
59
-319
265
38
61
-541
295
-911
-665
-549
-691
878
638
624
-771
425
966
-255
-675
371
587
-518
381
593
89
-553
461
734
408
-128
84
119
-525
-900
-182
541
715
-253
857
35
-390
669
-597
-179
840
-681
-857
-187
-36
652
-199
977
-79
998
-901
-273
-277
964
558
204
-724
313
-197
779
-498
552
-543
90
-562
-59
-678
31
141
-29
-998
-84
595
889
-76
-7
-920
403
-501
-514
956
-371
-75
-818
234
130
-779
-387
-519
710
-35
-79
-622
786
918
-180
-443
-494
841
-630
-47
-769
610
35
526
552
-79
484
-542
961
893
-807
-265
-58
446
78
-443
78
-325
-149
484
334
-504
496
496
59
810
-404
-365
447
716
920
450
-646
128
512
82
-517
-73
11
124
272
-65
-386
254
76
-354
-915
-854
-839
-212
261
-401
-957
727
571
725
-932
-521
526
439
224
865
647
317
-565
59
34
151
968
252
419
-411
-344
-799
-481
-173
-258
648
33
-528
819
122
-712
583
-748
-694
920
-77
-229
430
116
-852
-854
-57
172
-415
-805
814
-959
17
684
-556
689
-785
338
-416
-805
346
-923
-927
-967
-534
230
467
-620
-838
608
819
-449
-644
165
-457
850
62
-342
-756
319
-211
-292
440
-483
332
-582
-576
63
466
-974
-551
-138
167
-865
-875
338
740
755
71
-472
290
-69
-49
-723
521
733
-689
-146
315
-774
707
709
626
754
-220
837
185
-109
-418
-521
-523
-478
129
-115
318
-98
833
170
625
49
375
721
-975
-988
-946
-665
-999
-698
642
642
-125
236
40
-770
-400
669
968
-891
644
910
-249
-553
-491
-413
-654
-303
680
387
-986
836
-908
-700
-118
-59
246
-123
-506
483
-61
-877
-122
394
-117
-311
838
-895
611
831
426
-963
397
-373
-313
-868
-816
963
271
189
33
-876
-578
131
60
591
187
-928
867
332
-306
-513
539
470
760
-455
-287
-730
256
-157
424
-698
-772
-59
-366
-428
-791
96
803
-239
-351
905
535
-119
-86
-937
-984
482
377
-104
21
-756
874
868
862
-995
464
462
-276
538
-88
-219
-831
-879
190
719
-179
-539
-267
361
-674
224
-10
171
-167
-254
-288
-942
587
-720
-300
221
-494
290
600
25
753
-313
-313
-479
-622
242
549
742
-801
-488
515
101
359
