-286
3
-683
-506
847
224
-674
-542
-241
900
480
166
496
274
875
-156
87
-261
-98
748
615
615
-783
253
-927
-743
-640
858
42
540
755
281
173
-206
-952
303
701
899
338
-417
-155
-301
859
-503
-419
355
-288
-698
-564
229
-509
18
-117
-566
-2
309
-129
623
-905
-307
-354
-610
297
-162
761
16
847
87
674
800
206
-302
-213
341
317
-596
-414
603
-850
177
104
884
628
-511
-747
249
-183
-288
405
-718
-759
-345
-651
677
613
727
-270
752
598
765
-183
718
267
761
-622
918
-857
936
540
563
899
20
-734
-427
524
-160
850
-609
364
-37
-161
215
511
698
802
-172
-721
-842
-467
-519
231
-608
-20
-60
838
715
405
-66
992
-316
57
-265
-711
400
-684
181
154
-520
414
-420
-684
-606
201
-990
-377
-955
-351
-448
-422
102
-779
483
-619
-655
-105
718
-959
-556
178
765
-942
371
794
684
492
697
923
560
-271
36
-455
-900
943
537
-371
426
431
-942
-705
88
516
-629
263
866
-141
962
-134
136
950
747
-532
-847
-631
211
366
-47
555
901
-725
-959
-399
-533
693
755
746
-4
-679
-976
-317
492
-943
-818
313
647
-713
652
643
-443
939
-542
-752
-344
765
526
440
940
943
212
400
384
-841
964
64
-836
-297
261
-857
963
291
455
210
158
-488
835
553
-467
-191
-292
-328
904
682
-694
338
-351
721
-569
282
-169
-468
654
-100
1000
-798
856
810
896
911
397
68
4
-415
822
291
294
-426
200
-417
551
624
-158
829
-378
-337
-116
94
782
911
-515
-898
-605
-496
627
-8
-70
-383
430
-958
623
428
-944
843
-623
777
711
-228
-461
315
151
-990
-167
-792
409
-938
-268
-122
587
-749
-740
-322
-345
260
515
-992
846
775
-905
-213
-674
-951
-45
890
826
-598
290
580
-45
-79
-904
530
-662
-324
974
691
425
-656
-586
755
420
-763
-749
56
-59
889
-645
-17
-148
-125
975
688
563
-921
-210
608
679
-976
789
-720
833
262
363
-750
-773
735
361
25
628
476
-52
678
-835
749
-945
-985
287
-991
609
-846
479
771
533
-859
743
-989
263
178
-119
632
-48
-23
26
36
651
9
424
-697
999
-42
265
241
-678
-588
-447
541
377
-556
-25
-562
-817
-802
-647
-593
906
-872
726
233
669
-945
447
-973
-654
518
-792
-921
-959
944
-911
-766
925
664
-824
90
-454
-846
-258
-133
-921
-326
525
-960
-444
326
-714
94
74
-175
864
-600
-92
-184
24
-156
-978
684
-261
216
984
422
-699
896
553
-840
146
745
-22
55
-962
-891
150
-468
-753
-754
-208
691
-623
584
-476
37
-439
879
-866
591
450
399
789
-808
-234
-700
-733
965
395
-604
390
-271
-569
-919
-80
570
-976
83
591
580
765
799
124
134
442
-232
328
18
-248
-519
910
75
729
-279
-897
-729
988
993
387
458
483
-156
136
770
253
-42
-554
969
378
-163
749
-653
-797
-688
186
944
819
326
335
-317
467
790
-757
508
-320
35
385
-391
-400
834
193
-560
55
-84
-71
-658
886
-31
-509
-111
-477
-68
-670
-814
-796
-37
-79
-249
-491
-225
-556
879
544
-661
-521
325
129
-361
601
334
908
859
247
-544
645
799
-595
812
-730
-508
396
-418
-762
-565
441
-213
-572
86
272
-894
-981
475
-454
493
552
-524
-514
329
-794
588
151
573
-781
-60
-91
-65
693
120
-636
384
-662
441
389
684
829
692
946
203
-488
-195
-41
-493
438
696
-351
501
612
538
265
882
-481
-486
-512
-70
978
-781
928
580
265
793
356
-901
970
63
965
549
-839
-913
-349
647
-919
569
510
903
-475
417
-92
645
-660
-632
536
-949
-899
613
244
-658
944
504
849
-617
-395
-371
-352
142
-998
-418
635
871
-49
-896
362
918
-885
-515
-626
-25
177
-474
-724
261
-656
-619
503
556
237
-222
436
274
-606
-485
-178
-942
-986
-127
451
-379
306
-3
-191
-876
316
602
750
-864
470
-862
-498
-431
-669
528
-389
292
513
-832
276
-328
395
642
953
-252
151
-327
-419
-473
998
-49
191
337
140
-850
-845
-730
-832
731
663
-644
87
521
-770
-330
-320
313
78
455
747
565
-308
373
-630
899
563
610
-824
-609
-431
-508
-269
-322
587
-896
123
399
-21
49
864
-385
-879
-758
-973
775
421
-802
966
673
227
-296
-851
24
115
-782
318
-128
-243
269
-436
565
131
-367
378
-854
-97
-14
392
-980
301
-541
-644
348
-993
846
-19
-367
-657
918
-52
304
479
524
-894
335
-792
-536
760
801
-655
-413
-909
-519
-902
-688
800
-716
-115
842
911
433
-817
800
941
-593
-265
-86
-535
-685
261
248
297
-222
-499
712
482
328
566
938
384
-301
-344
-645
-723
684
-354
-187
-639
-242
197
442
-364
802
-589
897
-275
-822
963
-395
848
-661
192
774
-627
249
557
-534
825
472
-582
-437
818
714
708
-431
-119
591
860
-481
467
-332
-224
701
956
-964
-894
136
359
-2
535
-801
-156
-309
-505
-573
279
-679
517
70
-757
232
105
-896
851
-377
334
69
264
521
-622
965
841
-200
576
575
93
-614
783
433
821
-369
-359
534
828
-650
752
-98
-322
885
-818
-923
409
441
-384
-329
749
45
-740
-218
-490
584
410
711
-889
-771
-883
-265
-673
545
-208
806
249
69
240
327
-163
289
329
-11
-14
121
-739
-316
-352
765
878
-10
238
-886
-67
-253
736
-362
923
-905
-546
-525
192
-743
852
233
-216
432
593
-254
581
-866
-939
-739
-164
923
249
-872
222
22
417
829
-967
-219
-855
549
-167
80
-719
117
-906
-964
-332
-86
167
-145
-983
-823
854
864
656
-486
80
834
259
-707
-655
623
246
-718
-97
979
627
468
-336
-109
-978
962
779
-155
207
927
-930
925
-249
-394
439
-434
-134
-525
-168
-713
-939
-170
-775
-363
522
78
59
-811
-919
887
-211
63
-213
275
-660
-796
993
-5
275
-917
97
92
-254
340
-214
-264
-848
-784
492
-1000
394
48
732
580
798
980
541
-158
-568
735
112
-237
249
-558
355
-707
-978
874
-518
812
155
178
186
591
-269
-347
334
-429
398
459
587
-239
168
-118
-392
567
-755
-963
-105
-769
165
358
-105
928
-109
-852
996
-550
-908
-255
152
-15
-467
-162
6
-951
141
445
809
-982
124
-443
47
964
120
760
-664
-150
-613
-111
-960
903
99
-102
-496
-130
-877
451
947
-214
-961
473
839
399
-982
418
-757
292
220
236
-979
68
649
-454
-146
-864
-170
-16
-913
-245
134
-11
-785
219
-233
824
957
-207
909
-700
285
329
-111
135
247
415
-89
733
-758
-594
-970
959
707
-92
-359
-524
805
-360
-71
332
228
-489
-2
726
-933
112
-715
809
14
928
842
-300
196
208
-525
-674
-567
531
-440
-447
31
-97
397
-73
-231
-609
830
-660
-481
549
437
-295
118
991
72
-821
960
170
20
-583
312
-220
230
481
258
-378
719
426
151
-160
806
818
113
282
597
-985
-376
-604
-376
997
-814
599
-651
790
-119
-117
-111
510
649
-575
17
396
-572
17
-868
27
827
-833
-382
93
870
-899
-193
181
239
-669
-31
-340
-723
-585
-878
553
461
-489
-624
239
637
-165
91
335
7
713
903
604
724
-698
-260
375
-3
-525
683
-795
-344
934
402
-935
-75
969
160
-375
-867
-391
374
62
898
595
912
552
-89
138
884
964
-233
949
-573
-666
210
191
-280
175
123
-37
-124
756
78
-933
851
-385
623
-628
176
41
682
418
-979
-420
-802
610
489
-570
-140
-54
160
-400
416
988
457
71
564
96
792
574
-220
357
988
327
624
969
-681
-208
312
-801
66
-247
784
284
198
-795
-27
-737
584
-129
551
-178
104
-240
679
-844
197
-956
574
649
-72
-492
-927
-232
-699
-800
-649
-306
-220
-374
955
760
-134
-46
509
962
708
584
-430
-278
-427
613
-940
917
-106
-24
596
-497
179
-181
198
-758
-876
43
-708
982
-209
461
-131
-173
-44
-189
-394
-164
-937
-109
-530
-624
-341
616
-923
765
813
-913
74
355
-457
-952
393
601
142
426
398
-927
-424
887
553
-137
-485
-472
962
-256
-90
120
-733
914
-471
-456
245
608
-55
-476
589
-42
-808
-370
298
64
-131
-960
-919
164
804
534
549
39
851
-148
465
857
974
585
-899
-60
25
-480
-607
-741
-801
913
-574
-786
862
-206
3
-198
844
-267
-952
668
-430
-747
631
690
-701
966
657
-89
-401
153
-318
-843
-549
299
-703
613
-169
-806
-738
-20
-533
-611
-371
348
887
-536
207
226
-598
683
-20
-721
891
390
719
-886
-176
-779
698
-970
-523
533
-425
541
-23
-113
137
-278
21
389
-340
-736
410
871
148
104
707
959
534
943
-568
232
991
-527
391
818
878
-48
81
919
765
606
605
679
354
973
-166
-169
281
-804
188
710
543
588
-718
-625
997
982
-922
493
851
614
431
-559
378
924
-140
-761
536
-228
261
359
557
540
672
-193
-472
975
23
693
499
964
-473
-290
-549
12
-916
186
-840
-301
-384
-78
-964
-591
616
441
951
795
115
787
230
-180
253
-128
785
-689
710
299
-519
10
932
132
-849
-207
-719
686
-975
438
-283
401
684
-329
832
-637
412
-941
-679
575
842
337
-181
-242
-847
671
-148
985
589
255
-384
950
732
-600
737
-411
-581
606
-319
426
-79
-620
771
549
-605
732
678
273
115
-380
-592
587
-848
-763
988
883
770
331
-365
129
885
132
-2
-39
513
-753
690
-815
444
188
-479
-582
846
-493
-430
720
377
195
-114
856
770
-702
-628
-808
983
520
-958
-326
108
824
-55
394
-80
765
-557
-706
381
354
468
-638
-456
-878
-410
-457
-683
234
-711
-666
-608
31
266
590
-687
-792
358
131
597
523
459
641
206
241
-134
720
993
732
904
-112
-419
-318
827
991
557
-762
-416
443
428
752
-111
196
-936
-605
454
866
-651
79
442
926
898
533
743
375
254
-309
1000
453
836
-751
924
-638
-109
598
-309
-8
377
-257
-866
-380
-534
-778
-443
623
123
601
620
-823
432
335
693
-519
803
853
867
930
452
-259
-124
-644
147
778
-558
-326
678
3
-925
-918
-166
-493
-587
-800
728
969
764
-360
727
-669
-904
-343
-692
-991
515
-961
-427
-162
-386
-365
983
637
-837
302
343
-199
-553
-728
957
-226
-774
-843
328
947
391
-695
216
835
-752
379
-23
80
588
-833
-995
47
-576
-578
-256
247
-729
-128
-721
4
-240
320
-642
788
613
-120
138
4
-618
-660
-87
280
-620
-338
-589
67
-368
-818
-938
-846
-333
389
-359
321
111
-486
548
370
-797
498
953
-989
-784
-785
-783
-111
612
867
-237
328
-259
-654
34
688
-356
-856
-189
300
-708
924
804
-634
79
919
405
-306
389
-179
377
669
142
-645
-100
230
-68
-582
197
-648
-503
700
153
-741
-171
-159
142
325
513
-663
-343
477
189
-956
-270
269
411
259
822
-513
632
266
200
-350
-773
761
-579
396
359
976
785
-98
-909
-446
265
286
-807
11
970
-558
-190
-427
-121
208
306
-440
-108
310
708
131
533
-815
-544
-168
-881
137
204
399
-172
426
-244
-14
430
743
-328
101
687
-26
-175
228
-969
801
432
-213
-223
974
799
922
526
320
-996
-636
126
-436
-239
-551
-904
-132
-943
652
-917
345
608
-265
536
-49
777
-330
67
174
229
811
878
985
-94
-501
-522
847
-792
487
131
897
134
560
258
509
352
-613
-167
-135
-1000
892
136
-550
-956
836
931
-626
-912
-285
-886
-891
-310
-547
572
-334
568
-263
-92
650
-488
864
398
-199
-886
-927
494
-322
817
574
373
432
924
-18
-479
963
-635
943
342
843
865
875
706
-319
-716
527
714
-893
-423
403
-470
-847
435
-245
102
-521
370
-415
224
322
870
-710
-480
477
960
-265
874
787
803
600
-556
-481
361
-458
-871
-220
-698
142
459
-175
-885
-739
-263
400
-67
-568
-261
-968
-456
-569
636
-741
49
-643
533
708
-932
-300
594
-797
-77
-459
-269
-319
335
57
-361
-197
765
-690
-700
952
-886
-73
-356
-162
-247
-484
-544
-583
-210
-65
-824
-859
573
586
-26
811
968
689
-901
696
612
-877
-404
-126
330
605
-839
393
-658
890
959
754
-980
-102
-236
-762
-102
-638
-266
-5
453
537
-3
-689
311
-830
-500
-185
399
279
666
893
139
113
-655
-398
374
302
-922
505
259
-504
374
953
-121
296
-896
-891
949
-679
-655
534
213
-876
429
-620
-651
-782
253
-418
-346
405
190
113
592
361
-563
-830
-436
-671
-828
146
-398
81
-525
758
367
-615
-428
765
-115
-617
312
99
626
-382
-126
-134
-639
-212
631
-760
190
-852
548
693
-502
301
535
-732
515
15
539
760
160
610
-191
-174
883
-854
470
-98
-485
-645
-767
969
-310
-924
-141
202
112
-264
-223
302
-483
-503
869
463
-651
767
-768
404
-193
309
303
-608
129
731
190
261
52
-563
527
-178
941
656
-165
551
-872
957
486
920
-567
946
-224
293
402
977
286
-654
-540
847
32
54
-382
878
227
-804
-783
534
98
-476
415
50
-430
-941
334
75
561
974
-75
-769
499
-564
790
-171
-870
598
101
-648
405
992
935
-584
114
-104
487
797
214
-973
-807
196
80
-43
-393
-64
-488
-24
961
492
-615
-867
243
641
-693
-671
527
747
-610
-268
-727
-562
-114
-468
-927
-879
-764
531
-317
429
-965
-178
483
390
-532
776
80
-333
95
-222
830
-221
113
874
-835
52
-267
339
484
598
-283
-748
453
420
-20
262
-437
-823
437
513
53
-204
624
-592
771
-203
437
-899
-357
598
834
-843
-163
-663
-555
254
-762
-73
-188
-138
-359
-886
-502
442
-906
-400
-250
-337
-120
824
-358
-10
707
-762
929
-118
96
933
