-443
76
-30
-107
-934
845
494
-280
-934
-323
899
-453
-559
122
-804
965
154
756
-419
-192
420
-941
211
291
508
-846
148
23
-639
-76
-522
462
-625
108
750
349
-499
161
-745
575
-387
-361
-827
715
-4
-710
-860
-465
-103
990
477
-476
511
-980
642
887
173
780
948
82
833
-934
-46
-762
44
-61
-671
419
-862
-781
853
-835
-628
414
-367
-691
363
-827
-693
-614
-256
240
39
-108
-218
417
8
552
864
627
872
177
-264
-103
235
836
-532
142
601
-317
291
794
859
64
60
775
325
446
675
765
350
891
-753
-587
151
-604
-93
123
468
-111
-648
666
-168
-383
374
-13
-29
-154
792
-920
-351
114
-282
-883
532
547
71
665
-572
841
483
-478
-850
-621
422
-159
409
874
-339
-392
997
-486
-737
-391
661
600
-532
868
-225
-455
807
-318
-40
-642
-268
-227
-510
-859
402
931
6
23
-855
-371
801
-570
198
-574
-473
453
620
202
202
-416
-205
208
852
718
-791
526
216
778
876
602
-882
-327
244
-897
-680
424
-528
461
-418
-476
-233
-104
-296
854
663
-188
661
812
-718
-562
-840
191
-37
735
169
-399
949
-763
576
-660
911
-762
380
6
-395
-899
265
-679
323
582
650
-265
-738
295
623
-861
955
-229
81
-292
-272
777
-982
988
-182
820
-856
-178
514
228
366
-865
943
-836
650
-711
-718
510
-713
-755
-393
819
678
-382
-220
817
862
-631
956
969
867
-319
65
-722
-265
795
305
-317
-551
-488
800
-758
592
721
662
726
-586
-471
911
258
327
-62
64
605
-506
-598
-653
-155
-84
171
-709
-720
391
-56
489
-450
-639
221
-800
506
927
107
228
263
-657
719
93
949
539
346
36
-657
600
486
-555
151
-59
-516
312
402
740
227
238
691
841
-340
-638
-567
-434
-632
-974
-800
294
932
926
-84
-438
-247
-639
844
-308
-917
698
-940
196
268
717
-551
-973
-125
352
141
686
-287
283
534
-38
-372
-849
-927
-505
551
813
-917
-851
-415
753
-863
259
353
261
672
392
-966
34
-561
838
-486
-625
223
-772
53
-726
-118
938
529
700
-462
-53
-642
127
-963
-812
785
290
-256
544
-194
406
-244
-979
-178
-226
-931
-963
-95
829
475
824
694
467
38
286
-395
387
545
85
-554
651
104
562
772
-727
953
-435
597
-507
-651
-459
720
138
-779
621
-36
-786
-330
-784
-282
-794
-643
-198
-275
307
667
-836
-963
-567
-479
-494
54
-564
37
177
421
969
525
-480
-497
-564
-609
323
448
882
463
708
894
409
265
770
-142
-638
-631
-501
477
-342
-492
287
-399
546
128
240
513
-736
760
-950
-587
411
178
33
-627
224
-926
393
-465
556
126
42
-306
381
355
363
-4
-322
-108
-156
-261
498
598
-983
855
-683
470
-128
539
-402
-817
-598
548
-282
743
-616
-212
452
150
-217
-592
773
-725
-865
-393
-7
-113
-72
-77
984
761
-523
-65
-188
1
999
774
-224
65
-186
873
-397
282
-722
704
103
-126
-609
-497
-643
285
-637
217
494
-647
340
517
-268
624
386
170
628
615
-997
761
750
-524
510
-382
53
-107
-301
212
-743
7
-320
-232
47
-908
530
-985
-384
203
-982
-515
106
158
-111
858
-775
-858
348
-258
58
244
858
-343
138
282
891
-330
-523
845
-716
-509
-525
-229
-314
-507
11
-244
-162
-972
-672
703
-172
121
-893
879
928
137
-286
889
-343
652
-701
392
776
112
-647
374
-881
-607
-947
-386
364
-583
661
-484
-719
219
-648
-796
-724
-658
-28
-563
800
-738
861
-203
85
452
-219
768
-545
-445
60
565
-325
-769
-220
-248
-450
-743
481
100
395
247
39
-990
-23
864
678
-799
204
-144
-443
692
-422
924
756
-964
-326
387
35
-310
445
-468
-34
936
254
924
-374
739
-866
626
748
913
379
810
-115
-507
-669
-343
385
-814
-141
232
-700
916
382
-319
-554
229
555
-973
-484
291
546
521
293
-61
665
130
-454
860
-410
-784
-692
-57
-454
7
-589
-657
394
-286
221
268
625
-994
388
-79
818
-483
-91
-346
-928
-990
-516
-266
305
-560
-45
525
452
-448
733
-678
615
290
143
156
-582
-686
653
763
-282
900
352
-384
409
-651
36
65
796
127
496
-374
-465
-301
706
-974
-741
765
-794
76
-876
323
705
322
-190
-48
838
669
-208
-451
908
-861
275
-145
-570
-455
478
-166
981
643
-786
-271
681
484
-331
-829
-523
67
-388
776
271
569
336
-168
-660
164
768
651
125
-954
-588
213
-144
-125
295
-110
-14
-296
-923
-366
-420
-400
-132
671
-534
363
283
990
-212
563
-919
706
340
-509
-868
-53
-279
-573
541
993
-8
-898
-87
-487
101
338
107
-302
-97
610
-842
-826
-631
468
-442
201
-158
-423
779
907
-437
-233
384
233
844
-110
-520
-728
997
744
-295
-247
-204
-520
457
315
-724
833
683
-743
-561
-169
346
-128
324
378
309
931
-362
576
887
-536
166
541
135
94
418
-137
-39
-415
-612
-180
486
889
68
-477
-594
97
-173
-193
413
-95
-533
-679
796
668
-647
-23
696
-884
248
-407
-864
76
630
240
151
368
817
49
-902
-584
559
-587
-750
-385
322
568
688
-52
326
532
910
-410
341
-853
-949
-349
293
423
825
-682
-718
-101
-10
-557
726
138
595
-995
-156
126
-933
-852
-111
-101
-274
169
-562
-557
-341
908
-633
220
593
525
441
-937
-193
-199
-672
273
-251
-29
419
-605
831
369
-371
127
-443
459
-316
-32
-971
-744
794
102
-521
169
-389
-399
-582
-881
99
398
880
675
690
234
-101
-620
-720
793
-344
-658
319
30
-178
201
980
174
684
-997
916
49
-707
53
45
507
-883
686
425
888
180
547
229
855
582
93
-170
816
395
-665
-484
-183
-172
402
278
-195
-589
-739
897
386
569
624
807
-625
-222
378
701
964
-584
-210
938
-588
-888
508
-215
-965
239
659
-527
-753
-836
-647
58
712
-855
743
269
571
704
667
-754
-394
-909
232
643
-890
-255
216
-845
765
-373
907
339
-623
540
-774
994
359
-872
649
-89
54
-240
689
900
758
804
-810
408
428
369
574
765
-255
404
-95
652
-253
-178
-623
-224
96
-758
229
-716
-772
865
-263
380
-248
176
-170
-545
920
547
547
831
-456
257
131
132
145
-704
735
-328
-708
-245
-869
-475
847
869
555
-985
985
-378
-861
-868
657
490
-410
-796
560
-425
-392
-335
495
384
-533
-536
-569
909
978
-981
-934
19
-792
-110
-322
-373
-385
872
-794
218
-671
883
-823
-907
-294
-583
-972
705
36
107
-221
-824
-757
111
-75
-138
245
561
486
157
677
-444
-85
1000
973
-123
823
-734
-125
706
-162
-543
101
-341
-50
-124
943
-339
460
-207
995
995
-894
918
910
349
884
460
-590
123
-973
736
-632
199
-235
995
921
-38
194
-31
-925
-572
688
684
-349
198
409
725
-720
-782
962
-142
619
233
-116
-401
-956
314
-898
-329
493
-460
205
-267
-922
615
584
-803
268
736
-49
661
-922
-43
400
945
-497
814
827
960
-210
997
460
902
648
-909
-830
-984
-797
600
-482
508
481
-263
-249
498
886
546
-316
-996
-603
819
-639
542
860
117
49
527
-975
-483
711
642
-162
100
20
-399
125
602
-503
-899
96
718
-846
758
955
818
-25
616
478
-479
239
660
969
-749
-911
-396
239
-817
-105
-595
688
-922
-553
143
-956
583
807
678
-199
-785
426
438
7
125
704
149
232
492
-172
811
-937
196
123
-895
-746
378
-567
-19
647
28
578
-917
698
-580
-779
-803
350
229
29
-147
449
-218
880
662
-695
108
977
-913
585
889
-127
-753
435
302
-746
454
866
456
858
-829
-337
960
648
628
-412
842
770
-882
726
-781
-698
-158
96
-912
858
230
-445
682
935
-293
-183
-980
887
514
957
-650
-263
-975
-557
-805
266
-120
345
507
-786
517
-713
-971
-845
-378
-589
602
209
373
-829
722
-763
323
30
335
809
510
371
336
248
-196
160
-272
-643
-104
-215
158
904
-512
-761
-538
-189
-210
-747
-444
-54
-985
39
-11
-391
-745
321
-392
523
-134
-261
-332
807
-235
-327
-550
-705
661
-649
525
-541
-457
800
953
-450
-498
724
734
944
-79
-239
-720
76
-548
279
-61
815
569
-273
549
-101
-428
-930
-332
230
-619
-878
-247
-198
593
-498
659
-930
468
123
743
-657
-715
-851
253
-158
860
686
776
-888
226
263
905
748
-303
-28
856
-758
464
-382
318
861
-231
-137
860
544
906
269
-376
930
358
230
7
784
429
875
797
684
-195
124
-540
-343
783
-809
421
-836
805
-718
-327
-348
-156
64
-157
-143
-844
322
-397
737
-472
961
419
678
551
212
252
-524
974
973
-245
245
-70
723
-466
353
-901
-173
-707
-792
-848
-106
-614
37
-41
691
-820
-403
141
-571
-230
-416
-175
-930
-356
853
-962
-731
-664
-828
-401
67
261
901
953
-381
368
-836
-641
739
704
-404
98
343
-732
-863
-764
-723
634
348
-433
693
-418
-850
-694
-787
21
7
-110
751
291
213
-118
950
698
616
-146
990
610
810
-795
423
101
-561
475
-690
-325
-636
877
-805
-682
335
100
626
-511
-12
305
63
-590
441
-116
-742
-693
601
749
208
918
950
361
-468
-593
892
-388
734
650
724
211
79
21
-144
-421
876
-97
-236
-898
-175
-743
-802
775
144
-218
-505
-895
279
-111
-639
-563
-582
-62
720
-535
-102
-650
652
-312
413
159
-596
-553
991
-699
-884
-388
-967
-765
885
-331
609
492
614
-697
504
54
333
-352
680
-720
317
885
910
-534
-765
668
-725
967
859
80
-968
4
396
-548
-402
622
897
-532
-67
61
908
969
858
-455
-619
-673
-637
-25
-806
53
824
624
-956
-606
-252
676
-590
-130
-79
931
84
-901
-946
-45
69
126
848
-833
528
-351
855
-271
516
720
-14
-792
-886
-648
-576
94
569
-588
671
-394
673
504
519
-748
663
846
857
515
582
-335
-376
137
620
216
50
-267
-168
-96
716
4
796
-329
-451
791
-979
-735
-203
-326
-270
-561
-284
-506
-239
-419
-779
823
-509
-650
157
-928
-138
301
915
214
-480
-335
114
-760
-840
-604
-681
-392
-475
-921
-693
-590
477
210
-261
15
-807
-258
-860
678
