19
-419
225
667
870
-48
-148
-421
-182
767
309
-820
995
45
-1000
274
-677
105
-589
-430
-598
-190
-472
585
-870
630
-318
-893
-922
-617
-447
-888
924
-285
161
116
186
-794
-189
862
-445
619
694
-979
682
725
-451
-603
-221
-256
936
14
-711
-727
784
591
104
-891
-809
611
-546
-589
870
964
920
171
-437
-204
76
38
784
-941
464
-529
348
-969
-62
621
-257
-498
730
-710
944
292
-975
-781
-100
-576
173
721
-407
843
448
-653
-185
-36
153
-422
537
-993
347
623
13
248
997
-743
-764
69
-64
-111
362
437
514
620
-313
-740
-942
203
-11
-190
909
-797
-237
190
417
-843
-493
350
944
-52
-790
750
-942
506
418
-322
239
356
123
714
-18
-870
-219
735
-609
-358
-848
609
7
-778
628
-974
507
-144
-551
39
95
-488
-528
443
-876
-782
-726
-906
332
-851
867
906
-259
893
-300
257
-786
712
-740
225
-263
321
-364
-248
-196
55
-781
769
-421
-456
279
390
103
-550
379
188
-407
514
-759
-175
490
-833
-650
-334
-405
-795
646
477
-614
-373
520
-656
-320
483
-647
672
-852
-628
66
-789
950
906
-365
463
424
216
562
-904
-735
246
463
960
-885
-59
49
800
-643
-14
-367
834
849
-390
-33
138
567
-272
-620
508
-880
-828
832
-340
-438
-917
632
425
107
52
36
-376
231
38
436
-345
-13
-277
-944
120
-316
462
21
679
756
589
-100
199
-118
-201
-824
554
648
-819
738
516
373
-24
748
-140
-636
-604
77
742
298
594
837
547
477
-777
682
925
-310
-640
-376
-241
234
-406
-88
-597
426
365
118
775
594
262
-300
-398
-535
804
-559
261
-982
376
-142
929
206
968
-912
31
-259
-991
-269
88
341
-510
50
-906
-242
585
-747
-421
-845
-716
506
58
786
-433
528
-405
274
-22
-894
38
-996
691
864
-853
218
-688
-17
-703
470
405
811
142
478
-911
-456
776
-257
-519
-590
-125
83
506
123
-651
-764
-198
-375
909
137
-62
-565
-6
16
463
-970
-753
-634
141
399
889
979
-927
-601
722
-15
124
-345
-267
876
-91
540
-70
-494
205
495
695
87
692
742
-747
-711
400
682
-673
-45
155
457
998
-112
871
949
-680
-462
-774
-739
197
-871
-417
-174
183
339
-291
-346
316
-726
137
-839
535
396
-802
129
-913
-48
589
788
-817
438
778
-301
107
503
-715
-825
350
813
738
-803
261
166
377
-852
-849
445
-969
444
998
850
-788
-601
692
-118
-31
303
-33
-787
987
-386
-343
-797
-395
548
901
-428
745
-764
747
-115
-910
-544
2
-664
-300
487
465
-410
99
-241
619
-383
-594
-20
-870
-933
971
972
337
671
-832
613
552
594
413
57
837
640
330
235
-625
-515
688
-956
-598
691
311
-679
35
-360
-339
-512
-632
-227
105
-299
-901
-519
13
810
-654
734
942
-421
-865
583
-560
-518
585
303
923
174
-96
362
324
-399
-353
739
-503
301
955
-821
-438
209
-678
-317
-314
169
936
41
20
-59
760
155
-431
193
551
-781
103
-398
175
259
-865
976
-306
879
699
-969
623
-399
753
-841
-365
743
879
463
-946
926
-248
-399
692
840
752
-492
-441
-672
-151
-913
122
521
-581
-841
-870
-133
497
-191
556
-939
511
-499
578
92
238
-741
237
-302
-28
-648
-512
-195
-968
-699
-137
-684
-68
-70
-242
356
723
581
290
-918
532
349
-856
480
-403
-92
-988
-788
-273
-357
-136
-21
174
598
-990
-889
979
-564
-426
118
184
485
388
512
826
468
682
-880
750
734
-87
-269
-393
-785
-399
-390
843
-276
-693
-575
89
-19
-507
-62
-531
310
484
257
-678
57
991
373
241
472
317
363
-544
-719
-204
-538
-348
-952
415
-579
-965
193
766
625
364
661
-281
-340
579
-292
-901
921
169
-772
462
228
805
733
-675
-623
186
977
-161
206
921
327
-889
-884
957
396
-395
186
370
911
-392
754
987
-189
53
949
-548
904
-476
-121
471
-529
188
-377
583
-118
73
515
-477
-223
434
-576
-631
-804
-760
-665
481
-749
607
-780
-449
-884
-508
160
153
400
655
708
775
-595
-321
231
-219
295
450
-429
835
505
-2
-958
-275
52
168
-706
-722
-648
-740
936
583
-76
-8
20
-796
765
955
655
-444
-793
391
-152
665
47
-422
28
-328
572
164
-951
761
512
633
75
-866
845
-551
330
-708
419
679
-444
259
447
798
-681
997
-886
139
380
-512
620
148
225
-658
89
329
-936
-674
389
-867
427
176
923
52
-178
-799
-780
234
142
-638
-247
-143
939
-326
668
317
-41
-37
-563
-139
785
261
-378
-928
762
901
570
-380
-500
-227
-953
-939
-256
-355
250
-563
403
-962
202
605
-83
662
-812
-350
64
971
-224
769
-646
6
64
545
690
118
-334
-330
814
-225
-143
-934
727
-510
438
-153
-563
870
980
-529
-101
215
854
810
511
-299
-54
633
-587
636
-614
-822
107
239
-748
929
-18
-32
376
746
638
-853
-5
-82
-909
-745
780
-302
-631
745
686
-250
-4
311
809
193
284
764
267
-256
-6
-78
-855
-965
871
-371
-684
614
836
-473
536
-567
445
-388
604
861
-125
584
197
-591
71
999
346
-426
196
40
706
-379
997
110
108
75
807
-518
-768
48
-627
698
535
-723
554
940
292
-264
-332
-12
-216
869
-784
-818
-670
14
730
158
-256
-677
-825
-411
-908
783
545
47
-776
319
429
300
-380
341
367
854
-96
415
853
-416
-498
-740
-529
626
576
-559
320
215
-447
605
506
881
283
315
40
-832
-322
95
208
95
-126
3
575
588
881
965
155
792
781
-59
-368
-83
407
-205
-285
636
653
-306
691
377
-655
-920
607
-385
12
799
283
-750
-964
607
-143
-182
-874
-272
-218
-552
-690
201
298
-372
909
8
746
713
-643
303
254
276
-895
-721
557
-680
474
-276
554
514
-615
-452
99
-552
-214
716
102
68
899
-581
638
268
-615
-950
-353
-453
457
1000
-172
-415
404
437
924
-738
43
-509
-332
-557
127
-727
113
-542
125
485
926
641
-230
229
853
-552
-395
915
1
-903
755
-151
904
-158
-225
-572
-788
-897
385
682
-813
17
604
-923
577
-736
-473
479
-138
763
-506
440
821
407
-621
334
153
-584
-11
-340
-324
-572
-562
754
411
-171
55
210
-847
-458
331
-97
-187
-949
658
916
-345
-841
31
-506
-585
-430
988
633
-842
361
213
488
544
615
764
759
-828
-699
-854
-225
-457
233
132
406
995
767
591
-908
-455
-692
953
296
602
445
-59
-575
-153
-193
1
-56
820
607
984
-358
135
721
671
-315
-630
-306
-999
481
-418
794
-6
-872
226
-795
-854
-605
223
-933
926
474
999
-718
368
-310
202
-631
-966
-993
-48
943
-341
-500
983
850
-531
-220
57
560
55
-552
-481
-756
208
11
-296
-925
562
122
52
-863
-817
981
22
381
684
-660
-216
442
-579
785
82
-132
855
134
-482
-505
-895
-13
-314
-495
-446
286
663
267
469
-146
-367
228
-344
590
-932
-916
544
79
336
166
583
183
739
-58
136
-286
269
-311
992
-624
722
343
38
-196
-978
93
-21
-812
-700
-166
322
-846
-935
270
485
843
-587
154
-255
-484
-650
-677
849
749
183
-700
-631
698
27
-601
-167
-965
355
-819
-470
910
-110
-84
-375
-59
-730
-33
-112
827
-303
-259
-609
-685
-163
-527
162
-545
874
-548
-617
-375
-675
-960
291
-241
311
128
-860
-665
916
-420
-26
-866
-633
-605
-49
231
-756
-670
304
-318
-360
228
671
28
-795
-600
958
-332
820
899
856
959
-118
-184
-208
531
825
-102
-999
-509
569
-566
-587
-10
-37
-92
257
524
829
453
-43
-998
-59
-235
330
740
469
-95
-524
931
393
-202
-195
448
152
676
-135
442
262
-588
-255
757
676
-612
95
-796
362
-476
-897
259
696
-761
-464
-360
-500
-161
453
851
742
-551
736
672
684
-836
495
-68
-29
17
-491
709
-439
-195
-24
38
-822
-313
329
-734
-68
-588
-240
814
-17
-446
895
-234
530
-103
-565
265
513
-434
594
826
960
-326
-667
-629
-929
-901
-259
-414
748
987
-488
-252
383
-653
-953
-809
-435
310
601
-428
831
763
264
46
-38
-544
-729
-8
971
-967
-411
-728
-534
249
689
538
-332
-640
-445
-789
791
-48
-204
-644
133
427
-554
748
64
516
-928
765
852
997
400
781
293
392
-399
604
2
-235
892
-84
-65
329
-695
-142
-879
731
-570
589
-519
-780
752
67
-610
-285
437
-767
-687
-686
643
76
-580
-388
-695
-625
-76
-62
357
444
-784
730
-201
373
604
-262
530
316
-749
-693
-407
387
-760
-733
-671
-820
319
-20
-815
-176
-123
144
173
26
321
-395
541
-222
268
298
522
-326
61
-636
266
-838
257
682
484
56
420
-189
-211
544
-403
625
297
-857
326
-38
-545
257
-180
-836
77
667
222
751
-90
447
-739
90
361
960
91
364
-595
300
806
-229
-840
720
921
281
57
-302
39
-468
708
949
172
-531
371
403
-463
-620
-890
-265
404
263
-958
-581
-825
856
-22
-879
112
163
-549
500
653
630
-990
921
-211
222
-766
518
-913
-964
-289
-657
22
-312
558
864
441
-291
840
330
-360
638
-413
-321
620
269
930
746
566
-77
-275
2
140
974
28
780
-160
557
-217
870
427
753
-379
-960
-869
359
-662
212
998
-847
-363
266
998
-773
304
-371
623
204
-302
-122
-519
-230
930
677
254
939
751
-609
323
353
-756
665
-309
-376
-575
972
-964
163
-230
-505
206
-78
343
-585
9
-345
-805
-359
-201
-506
448
788
764
-36
346
-913
502
775
212
235
244
235
-644
-806
80
-644
-457
-464
-307
-248
78
-847
-945
-341
-759
250
782
-580
785
-87
249
-890
976
580
52
663
911
382
494
-897
30
-492
671
-965
235
-939
-910
-272
-506
110
916
236
-199
982
-788
843
696
-38
800
-658
193
-236
-562
42
616
-442
478
-39
-812
35
925
121
120
187
344
-208
-459
570
502
-318
-764
681
753
500
-323
278
-518
394
-221
205
538
968
-308
682
819
672
-896
-329
-908
725
354
863
43
-646
-352
-981
-391
-141
64
-392
825
-130
530
610
56
661
11
-516
819
-865
986
192
15
930
74
110
855
674
301
672
977
-63
503
-332
-947
354
934
-542
-781
-286
288
-430
117
66
-242
-916
882
815
801
470
-678
-325
954
107
824
-290
-852
-543
-300
-506
-695
607
689
622
625
46
-522
-932
-499
-703
555
-793
911
-148
-83
41
-784
262
-486
-995
-349
939
-418
-750
159
724
188
-637
-935
631
45
905
-892
696
-160
930
-956
814
775
251
184
-636
510
505
-515
-947
661
-681
75
-583
-440
951
800
-917
-218
-106
-503
699
-152
750
319
-788
-158
-59
-936
-597
-882
698
-490
386
-98
-445
261
935
-878
-641
549
-333
674
152
29
-869
320
528
-292
991
26
-230
745
-603
-574
610
-104
393
536
775
909
923
213
-380
851
-560
-184
117
201
-935
-812
421
319
789
-714
-171
-481
483
-991
478
82
971
653
725
546
728
-294
166
134
-222
-626
-346
834
-55
-703
-663
307
-691
-292
-309
-109
-232
-467
415
7
-356
-457
211
-691
-169
-837
755
-410
213
-436
-97
524
-169
415
-660
820
55
601
-551
-924
-257
425
905
410
-460
596
955
917
889
478
261
-988
489
-66
811
-488
-294
199
185
215
-553
-694
22
480
797
576
-638
645
306
-202
-753
260
-794
700
-701
-693
963
873
-515
321
-959
67
390
294
-356
-309
440
421
192
500
243
871
-944
-395
373
-754
564
917
-974
-727
-361
453
451
-991
960
904
640
661
157
140
-228
860
-641
507
323
742
350
457
-713
-94
-469
568
572
861
759
-335
-411
-917
943
-925
-675
-814
341
-530
824
-116
-226
137
-12
92
-573
-386
485
742
860
-428
-526
609
-912
-256
-660
829
317
-323
388
734
727
143
929
410
400
-908
-48
-532
22
9
806
-300
948
133
103
729
379
-712
634
969
-487
459
-476
-64
847
-794
-538
-739
912
150
-579
-247
-390
-232
-22
-167
-58
-321
-37
-829
-942
-522
442
-298
308
-865
546
-209
133
-550
567
837
-636
-296
26
-386
-160
-190
-519
253
-646
-857
958
956
-876
-137
223
-579
-329
564
82
593
-77
-29
818
152
-699
788
-709
-420
-858
-399
-139
-311
708
891
30
302
-387
-408
925
-27
935
65
-32
-910
-703
401
130
821
318
515
-837
376
680
-338
534
759
598
-968
468
-53
525
-691
685
-482
-149
-462
-396
-673
-279
-112
-776
82
8
-744
-876
-985
294
848
770
604
781
520
527
-599
-496
-64
-867
842
100
-649
-507
86
-552
-886
-356
687
-283
-236
706
342
-876
795
568
662
-256
538
-323
515
899
-119
739
275
-19
-660
451
283
-861
389
475
254
-743
-642
-535
-678
-417
-409
202
-387
-395
-745
396
500
-55
-218
-923
-586
972
364
665
-164
-649
-331
-394
134
-848
-236
519
95
137
-211
604
457
894
-292
-858
-969
-385
256
685
-625
-684
885
-151
-281
-759
427
-428
65
961
-60
979
-617
627
-756
447
484
-864
119
-738
-407
507
-429
891
-521
452
-727
865
427
-956
388
-24
-416
246
-460
148
-503
519
286
-258
590
-15
842
879
-520
-615
662
-875
38
322
-840
94
-544
-548
167
-762
-748
745
-693
61
160
485
818
-534
-809
-960
265
986
439
120
-643
337
-677
920
33
149
972
479
705
656
-795
-862
878
-153
339
881
771
-774
-744
580
-385
-636
663
-967
-135
-414
-776
9
927
598
-864
688
-791
356
440
841
-265
-983
538
-397
909
976
-300
547
-428
-590
842
540
172
639
-766
881
-27
308
301
576
-901
-978
-202
553
-224
-512
-457
413
490
7
209
992
18
-55
633
801
-839
-846
-307
-933
848
746
-266
-416
782
-500
423
235
-680
748
-374
955
-55
526
602
871
-254
-159
568
-451
225
-890
-725
99
-428
-693
-517
344
273
-115
-482
-418
-911
205
325
897
-270
384
-814
-934
-475
-357
-584
502
543
-362
-549
-825
302
925
412
-365
584
400
187
-847
-122
-296
572
374
-331
615
454
-197
652
-422
-41
-831
60
438
723
-785
41
439
595
-998
-986
653
304
266
483
-459
434
-717
341
-188
249
204
222
828
-466
228
957
-334
78
52
-485
-341
789
-927
-800
-85
958
-72
-193
47
-724
-203
-351
402
-220
-843
-61
456
894
-416
23
-560
-133
-703
-345
524
-792
-454
834
94
38
-620
-672
428
-334
505
-688
647
-605
817
23
-463
817
-594
-290
-733
278
545
53
749
-911
89
-25
-496
441
88
-627
638
-575
-951
-137
282
145
561
-300
870
-34
-501
488
354
379
-786
414
855
-596
-334
957
911
27
194
-68
844
277
370
989
294
172
-184
461
376
-159
-902
-64
-133
-646
957
-916
955
-784
440
471
213
408
-823
360
-736
451
696
-21
-768
403
820
-842
-788
764
-692
89
-860
116
-486
294
441
-54
-508
32
167
-944
512
-734
373
-470
140
123
957
779
667
-59
-845
970
146
175
-184
833
-84
91
-22
649
-501
-9
-865
-318
-314
-805
276
-977
369
-880
381
587
714
-462
-341
966
-322
-147
-455
-181
-90
-116
-666
746
-43
71
-281
-559
734
457
428
-337
931
-960
-461
-735
-658
-924
-843
-505
-762
687
71
-59
447
931
-833
132
98
30
-293
-441
-931
280
-964
-273
964
-501
195
-740
-581
-719
759
-480
-646
-953
-267
-978
47
-775
-928
218
-439
-707
-369
-622
-276
-535
449
-507
-783
570
-268
-441
-8
-452
65
191
770
817
656
840
-907
904
-277
254
-81
55
394
-591
-236
69
-93
-836
-760
101
-279
-672
81
-102
804
-956
-177
48
323
-837
-767
-703
776
-414
-970
182
-231
-659
528
-368
-602
639
389
-559
-227
-566
621
-118
-53
-381
-899
638
-655
-357
-486
49
466
671
326
460
-266
-636
738
-371
-472
-956
-440
-138
-632
231
-240
723
83
-975
-162
181
-337
686
678
-771
267
-695
835
-906
-446
-184
79
518
70
-901
-71
151
512
645
-193
-88
851
-338
-587
-709
162
123
-794
676
761
721
495
774
886
-506
-820
-753
-27
364
-395
188
248
-794
-852
964
-810
889
668
-489
182
431
-420
217
-236
916
-780
265
-863
453
595
65
577
-901
-712
546
-858
667
255
553
685
489
560
-432
-955
236
-673
899
959
-12
-468
849
-18
523
-952
-889
132
391
717
413
332
-584
-171
121
324
-957
309
186
849
-652
-360
-900
740
686
453
-663
-977
486
-194
-501
170
237
368
-100
-214
-974
-639
775
59
-362
669
619
390
726
362
-356
285
341
-135
316
-919
-663
101
217
-254
634
498
-335
-128
-19
-744
-542
-740
-910
58
-471
-958
253
313
923
-439
918
392
-620
-715
-256
929
-117
741
517
-204
181
857
-900
-144
-189
-882
-210
771
636
572
-412
-932
-345
677
-598
-183
-39
587
28
913
946
-966
63
-966
-9
-179
446
-656
633
394
-597
264
-730
302
-656
-965
-230
695
-807
540
191
-959
-266
-774
86
415
-225
125
741
925
513
-749
857
899
663
-892
-228
-157
863
453
-817
353
-185
-988
392
709
50
263
-378
682
-982
110
300
-460
-229
-596
-399
874
-825
74
-322
471
869
-224
-669
259
158
-890
-964
801
691
-97
57
240
173
-987
-783
-852
-241
-78
176
-79
388
-56
-1000
-71
793
292
-82
-468
-325
-74
-911
-604
-991
-584
335
72
814
-38
-135
789
261
-586
-860
984
-981
793
637
190
-811
903
766
-537
268
418
10
12
-248
779
208
263
-314
544
-341
-361
-368
9
198
-880
141
-585
-500
-947
130
987
150
-269
-960
-639
457
620
-670
672
-438
-184
-274
162
-911
-929
133
258
620
-847
-680
441
-366
-136
-673
-866
-83
920
889
-379
-881
529
473
-964
417
779
-367
731
357
383
988
179
405
-81
383
844
868
-400
841
-530
-492
288
462
394
-162
-977
213
-88
586
771
-206
-904
-118
955
868
585
-364
839
-108
786
-696
-807
-317
-814
913
926
462
-162
862
442
-379
-662
479
709
741
134
-431
-686
619
988
-174
204
577
753
-743
689
-769
-165
-62
-111
-778
210
665
919
15
-678
207
373
-93
256
-705
-752
-859
580
11
889
0
566
-547
857
537
-292
-876
221
-739
-342
829
-457
-211
561
960
-535
614
-459
220
737
-863
-868
-57
702
-668
-703
-110
560
-597
640
29
385
889
300
-617
-29
785
585
-43
-80
-495
400
-45
99
-887
-222
-28
-355
655
-399
110
745
-284
-963
-168
855
-860
-500
223
-572
348
279
160
-774
-726
623
88
308
488
-601
804
-54
-854
-690
239
259
-822
557
139
150
-30
-601
335
340
-662
335
683
-243
28
777
-260
-892
801
-282
262
37
-768
-135
662
-655
56
375
296
190
536
-822
717
509
-631
-530
952
795
852
72
-260
156
929
76
839
-1
785
-648
-10
506
-833
881
647
786
-814
661
-249
-490
686
992
801
-792
758
810
776
632
-479
-618
771
283
-236
83
-979
-113
531
441
344
954
-751
-756
959
-737
909
-371
-543
711
849
389
-867
-431
-385
-587
-964
-545
306
874
223
-205
-101
-908
-876
-320
-969
892
751
-777
320
660
514
-346
-340
665
-589
374
-663
315
-22
654
-922
-841
932
413
310
456
241
-449
-805
-88
189
-107
-217
576
-679
246
-603
111
-133
-439
522
-135
-990
-232
-820
289
-225
-687
53
-312
-39
785
-768
-117
807
-447
410
621
-220
828
-252
424
974
670
76
-964
594
-972
895
-423
-574
605
125
505
-790
-108
137
-667
-312
713
497
-694
459
299
-149
773
111
-199
862
-805
-85
-659
-61
219
712
-549
-569
-972
134
-265
351
-868
-534
628
-166
232
184
382
331
841
-124
-12
49
200
234
497
-44
359
457
-688
768
892
-463
164
-146
737
-123
-222
-717
-834
633
908
-793
-239
248
524
482
-757
-584
-713
841
762
248
956
-571
507
988
955
808
958
-522
43
111
767
829
-626
-848
-701
-941
177
-946
-230
-52
-862
641
-12
170
-719
-766
-343
584
-955
112
492
-119
-260
219
884
853
-481
-413
422
323
-425
647
-658
-190
88
968
-1000
779
-142
956
-428
-610
290
107
544
-169
814
158
-110
965
-849
874
-164
97
657
-747
243
-420
281
442
331
-310
-440
-915
-875
-431
-689
161
-804
373
-357
45
-652
123
618
304
-848
105
210
-781
408
568
500
16
-105
-108
634
436
-76
-219
712
336
489
261
-1
926
424
722
-55
891
-383
700
723
-767
-61
-462
795
446
-183
804
-220
-552
-186
888
-972
849
-950
-664
-644
-102
643
-154
539
-614
288
-551
121
335
-529
-797
498
-130
-671
-1000
-695
-231
527
381
500
-940
18
27
540
-576
-589
-386
793
529
-919
-16
186
-99
-142
709
258
-900
830
991
220
-5
729
-689
165
-834
-40
936
-25
-668
643
761
-974
881
-940
-362
-95
-986
-781
74
-739
-115
824
-53
376
964
-727
-604
689
434
139
169
977
-962
-961
747
-817
460
451
107
73
487
-451
695
463
-963
-545
788
-703
-883
-867
-41
-422
855
-924
-43
-861
312
510
424
409
-454
-436
810
-485
-634
-240
-227
-784
190
296
300
-343
-799
218
-710
-21
450
772
199
-725
443
-456
-327
607
533
-273
-353
364
-586
933
-911
-661
698
-492
-789
53
55
58
393
-103
-303
-577
784
-841
-490
932
478
260
534
981
300
582
504
864
634
-62
614
555
-54
742
528
-577
-511
-925
160
579
-604
-928
-291
-27
-584
-145
-840
-558
540
406
-443
348
721
601
870
933
-322
-163
978
956
-354
242
552
694
567
-358
-567
66
6
-369
-35
-192
214
-699
-425
-685
-231
333
296
-696
-446
430
-878
-27
-744
805
-29
-351
-877
-204
417
-66
993
-536
572
679
-601
-475
-378
918
-47
-883
-7
-350
857
879
364
759
355
-476
411
-536
-964
887
761
-555
107
-913
120
-789
-853
-843
187
-477
-727
598
-56
29
98
303
-877
891
-974
960
-348
-821
-660
227
953
122
383
-58
-111
-888
927
-417
-31
-578
-266
327
-238
671
-477
930
-17
666
854
-931
884
86
-204
925
553
-40
-312
716
821
-420
-370
321
-84
-510
249
-618
-307
555
554
-609
78
-30
226
1000
-42
0
279
345
586
594
-839
-298
-53
-949
-536
235
251
-747
-86
-691
-307
750
-733
-653
-641
434
214
938
-598
688
-546
614
-706
765
584
463
-287
-257
-823
11
-698
810
-70
637
-64
-607
-490
-950
206
-661
213
998
-106
642
995
-372
494
279
979
-74
620
63
928
495
5
353
-672
-881
-383
261
213
-295
-29
87
298
-979
-480
785
903
-467
388
874
558
629
499
815
-12
502
-56
-412
-850
-339
16
-972
-717
-233
462
-771
739
-592
786
-443
-761
71
774
-285
737
-740
38
-146
-689
-694
-810
534
30
-816
-907
-822
631
-525
240
-865
841
121
-715
-741
-172
94
75
416
-250
558
997
-641
403
-344
821
-913
834
-994
9
-968
788
658
-127
-23
387
-47
859
66
-199
647
-951
-350
152
-85
-129
355
108
782
178
-591
-383
132
-742
912
-70
919
117
661
577
-976
-286
-696
227
719
-687
544
559
-113
-869
812
351
-578
151
-942
-437
481
-964
-846
553
-494
409
76
-456
-834
-437
-539
-624
-175
-596
-746
594
-53
-274
519
705
-170
79
308
-44
-879
890
-103
671
-180
-856
-630
-770
233
-628
568
-60
-819
793
-739
-468
513
-940
-895
704
202
-412
-637
-96
676
-955
929
39
218
-285
660
702
-87
366
-847
439
-592
2
858
-956
302
-795
696
-876
-926
89
-455
-134
993
-559
-89
341
-134
853
-928
-709
-806
515
518
-651
412
475
996
21
-15
-844
-920
663
169
-70
978
951
420
445
-351
727
-380
-140
-380
-411
-777
938
939
-928
-458
-890
185
852
620
-805
-11
-512
-469
-650
-374
214
-314
226
242
-510
85
851
812
-411
-925
-895
700
-250
-74
-535
809
286
567
-11
-686
955
-454
-958
-171
47
548
228
441
599
-686
778
-769
-101
37
-38
630
-592
245
56
250
-367
-845
-278
-447
-315
517
99
88
-921
877
431
107
891
-971
920
532
-284
280
-351
925
425
-429
769
75
-727
371
805
-189
-686
-697
-45
-191
-339
507
-907
-719
-421
572
656
-63
267
470
-348
905
826
-776
446
-32
-733
490
47
686
-28
38
807
15
215
615
800
133
-232
808
993
-146
517
-896
-298
505
-759
-941
-33
218
388
12
729
540
-514
-764
167
-369
-187
-590
-171
627
141
550
953
-646
182
76
623
715
882
-335
-369
-656
-453
30
-426
108
-153
-542
637
-431
-956
-933
-236
735
277
508
352
-378
-618
-309
-687
-779
-519
-371
951
63
708
186
638
281
-816
791
-688
650
413
-49
929
-334
259
-268
825
837
-835
-92
306
-326
746
57
769
806
-149
234
-876
995
-385
32
87
-821
-732
-902
-790
319
-224
-419
-188
333
124
279
-730
-951
-606
-783
-390
219
109
-29
74
47
-709
-724
-739
415
-492
11
730
113
-29
503
598
-332
413
-436
-67
438
-547
-563
672
-202
533
-154
365
-903
982
-569
300
904
-212
-424
-116
-533
-315
833
-102
-971
234
206
177
-571
-257
940
-823
-967
-183
-441
995
34
33
-193
-83
320
-261
-405
-764
113
143
-663
222
646
-594
-349
-455
250
-58
678
123
325
-597
338
-33
428
-142
-478
255
270
35
-927
-972
-509
-29
814
-247
-487
-749
-779
142
-564
-301
767
-435
504
-576
681
-926
227
535
-483
620
650
-681
-183
-987
-951
586
832
480
803
74
989
431
-747
604
-714
867
186
-28
946
133
-32
71
-809
483
-496
-285
-984
-12
-838
-555
-632
159
44
21
151
-801
-231
42
-751
976
417
233
-113
269
647
52
-157
370
-936
823
-546
-633
-711
918
187
134
696
707
637
-549
-716
-138
27
42
-273
-160
133
669
-26
-82
684
132
734
-816
737
437
127
-489
-420
150
359
638
-343
120
-897
-89
594
-242
33
-821
-417
-581
110
-843
179
435
617
-651
-755
-505
-43
77
695
-280
351
-338
-709
-150
-52
-812
266
616
78
923
582
767
-751
-748
488
-741
-931
584
-133
-702
716
-794
195
-155
-812
-734
-181
983
308
606
273
459
416
188
-776
767
260
206
810
636
79
979
-4
467
924
224
499
698
493
470
-843
694
954
175
-197
-630
-752
197
-817
13
232
-142
18
-17
745
-178
-978
-400
-159
-529
110
202
872
-527
950
826
509
-308
613
-489
589
-897
-86
129
-759
998
-120
99
-496
340
794
784
-914
372
856
50
389
298
691
-354
-177
291
-688
190
-290
125
-93
897
561
-233
994
-7
-585
-581
-319
-805
617
-4
452
-46
-61
-974
910
-389
-961
578
498
-724
-607
-141
-671
718
-851
-42
430
606
-131
81
-288
-574
323
-381
946
49
152
150
-763
221
-391
-488
-516
566
-36
883
695
900
722
-509
-230
640
133
-658
-340
715
818
-920
-521
595
-991
-496
805
185
294
249
-990
870
584
-592
799
-194
-434
15
999
-851
-377
287
-357
-501
681
-371
454
94
60
-460
-825
551
966
545
-891
-376
940
-365
-958
-560
294
963
544
769
-10
-993
763
563
826
-436
-483
631
-329
882
-688
16
936
-644
780
153
-877
-77
-639
-337
-826
449
-928
-267
227
296
660
-154
-397
-986
-24
177
843
-997
-409
-181
3
516
294
-773
703
489
-946
284
328
129
439
603
-272
394
420
226
-822
224
-943
975
-199
298
68
-855
824
-578
-565
-763
-997
-795
922
742
-116
-413
-570
-392
275
864
727
463
206
279
569
610
-410
422
84
-726
-759
-833
727
821
-636
-928
341
622
917
-749
965
322
81
-216
253
453
237
-164
205
614
-710
-31
-177
-824
-112
-973
379
-41
-883
996
-749
-240
931
837
-558
956
-741
-561
975
-83
-484
980
-921
945
50
-24
414
540
95
651
190
-777
-936
-475
281
843
703
-74
-368
-507
-310
820
-70
180
668
-372
-611
274
46
-861
-977
714
-681
783
-859
-637
-625
986
386
-779
539
793
808
-675
-596
184
803
-406
-648
-365
-894
-16
483
-878
688
688
-976
-333
-895
380
-943
-41
603
991
187
552
-348
807
-163
-349
689
603
480
-129
334
255
-400
-894
-709
-279
-821
364
900
434
-954
-184
613
232
-110
-577
587
-946
-648
-606
-451
-943
-462
166
345
164
858
-129
-326
-663
-377
640
664
379
668
-181
593
-848
104
747
-609
154
20
934
-92
-267
-611
204
-75
-209
322
-994
894
813
925
-275
630
-36
985
-323
601
384
-5
207
-681
235
702
-190
-319
-980
-429
-952
-616
701
-200
539
96
493
897
-500
-247
-35
679
-215
-953
-556
422
-623
-802
154
418
280
-603
848
-486
488
-555
15
163
853
150
-855
387
-516
-209
-836
-436
113
-473
-454
29
394
103
-714
-465
405
145
-749
552
862
182
-606
-632
-992
105
906
821
441
-308
-685
277
613
-531
489
-887
637
-630
-473
-175
881
731
-857
-946
961
-490
230
-327
497
184
-983
-635
676
259
148
-96
-237
-560
-732
-759
251
992
-581
-203
-112
-876
-15
714
-573
696
-861
-459
273
823
483
-499
397
-578
738
429
-964
680
-497
-976
-624
-584
-726
291
907
-74
-731
-422
845
768
305
668
-656
398
326
386
533
-712
-270
774
-6
-885
258
874
-658
429
-653
781
856
-552
941
243
-591
4
-892
158
-865
-299
835
700
-21
275
185
-394
-117
365
357
-997
-875
739
423
331
219
444
786
-465
735
429
827
-833
276
-890
-480
-234
630
556
697
-957
-782
-868
192
-167
-283
247
-243
-971
-602
425
-692
-247
826
-995
-67
-367
-596
-545
724
-725
-936
-245
884
169
410
-151
-765
-507
776
103
-926
213
615
-353
124
683
895
114
-974
-329
491
-70
91
560
-555
-623
-996
898
-211
-27
-407
-620
-60
-881
-615
-82
-851
998
927
-477
-348
401
-413
-144
170
696
-487
-560
959
-890
-775
-334
144
-307
-695
-911
821
597
937
-458
-393
-917
-442
808
947
-600
-5
825
828
872
11
-497
-618
397
-405
-223
-966
507
539
-692
615
-409
909
-688
-775
807
546
-37
-22
98
-350
-196
-777
86
339
777
-519
-863
764
139
767
336
-566
-968
-975
-488
98
130
768
73
294
926
478
-419
-427
976
-261
898
-478
-121
642
409
-811
-988
-34
-286
-391
570
-568
-345
-884
-846
638
-281
-934
-313
139
-609
540
-793
326
-399
705
-954
-127
207
-117
671
132
811
39
58
51
218
545
633
241
668
-580
-703
-710
564
939
261
-859
-774
102
538
507
672
400
830
28
859
-684
50
766
569
-549
-995
-782
-623
458
-504
-553
-55
147
-29
-797
192
97
655
427
418
-189
-478
-73
948
128
-913
-965
684
201
776
833
870
-53
-758
945
-704
88
-871
407
-248
-331
860
-762
638
-794
435
-269
859
-502
-130
139
893
-324
652
857
348
83
-759
-759
167
-26
-505
603
390
191
314
97
183
-497
-607
-586
-414
-864
-804
-207
704
961
430
955
-600
-910
526
-467
783
343
298
285
919
-774
-861
-977
-875
-440
-364
-984
-244
-526
605
-624
740
926
-777
66
336
193
-262
715
866
563
380
-602
393
269
-429
-273
827
-932
62
-674
965
-455
482
-290
-67
180
518
-321
-284
846
71
979
-933
-382
-961
-628
856
975
-829
-705
-158
850
-926
-958
-209
826
-224
-220
-62
-794
497
-167
667
605
-969
480
25
705
978
-224
-819
-34
-382
302
945
-483
-160
3
-557
845
12
-116
-660
-345
-124
-678
642
-344
-83
-171
22
-850
41
122
-261
533
-36
289
-612
-346
713
-626
428
531
26
574
-745
573
603
-387
197
-223
-232
893
910
-778
276
-413
635
-592
186
405
431
-754
-54
-259
904
-129
-522
290
-586
772
446
-850
-348
199
907
56
-131
419
242
-225
241
332
-322
-620
326
271
871
616
957
-636
890
-615
-555
-565
-286
-433
402
446
832
-921
-994
-113
-744
-910
81
971
24
-284
-837
-151
721
-896
841
-64
-239
-59
57
-57
-546
833
763
466
-297
-192
500
410
710
688
993
-433
189
-893
-407
921
-382
-587
226
515
659
-64
461
193
-848
879
-415
-908
342
710
-315
-36
93
883
-841
-56
445
-686
-549
413
312
-38
-219
-990
0
803
510
-833
488
-878
-875
-743
661
-120
-334
938
624
402
709
326
-763
-519
441
670
194
-627
-68
954
-63
-216
-323
645
15
155
514
-222
-28
312
843
-61
-340
-776
296
-431
-234
-294
245
357
450
-461
463
622
727
254
117
-518
-980
746
213
-856
643
-63
24
-574
-163
-600
258
310
456
-154
759
-171
848
-649
667
231
-496
-579
-125
382
26
-810
400
-509
-242
560
547
135
-933
-801
-986
34
-858
-532
340
-130
-648
-101
123
-197
104
724
849
891
-651
-722
-3
-978
687
361
-476
-170
-87
-128
-720
743
-293
121
357
-990
-655
757
-957
412
169
573
973
-603
141
864
-314
-572
-963
832
278
315
445
-369
-937
-82
-504
-234
-13
300
285
416
656
-781
-415
-840
-408
244
-708
699
-532
330
-174
-539
-576
-112
-923
676
-765
-12
-139
-777
305
376
612
793
767
840
-186
-930
-253
-5
596
-768
419
-306
604
-615
986
-529
-733
708
215
-655
-760
839
280
-756
-954
838
837
810
-276
-224
-512
298
562
362
18
-193
-500
-458
-157
205
629
-957
-876
940
833
-260
-928
806
560
486
-579
-647
-822
781
535
229
53
495
546
-267
-655
-429
465
185
893
-302
-360
751
226
-389
945
377
-335
-960
965
-38
105
-959
-710
-218
188
-245
869
-562
445
593
-36
502
-916
-153
331
791
-242
982
-665
-470
-448
557
845
-938
149
-5
-115
310
325
-797
-722
-587
582
58
934
-246
136
951
-754
-232
784
640
443
839
-518
-535
39
543
234
-847
390
-437
-309
812
597
-989
829
-139
858
-860
-106
241
715
714
-662
-643
296
932
229
-599
495
-707
889
680
-570
-364
397
725
-41
969
-735
90
973
-32
-212
72
449
-860
730
-336
-397
571
-333
-947
-276
357
822
824
-984
-918
582
211
872
-636
-836
-482
846
52
211
-747
-586
146
-616
-324
-51
-139
592
-976
-829
-33
996
354
-841
-450
-930
-426
-764
-950
677
-840
176
226
-532
-488
-232
-185
25
296
-784
98
-863
-727
852
-949
159
-689
498
-387
119
-657
-739
994
-204
366
163
319
272
-858
-986
682
-338
-707
-658
520
-147
207
803
-124
53
-54
323
-846
8
-831
-25
780
-751
921
-362
465
-308
456
596
916
940
994
258
127
464
-856
-688
-539
927
-476
-598
-951
-418
956
213
205
582
-351
-651
757
-407
862
-654
-761
-138
-303
-589
-353
923
842
211
690
-42
-466
-372
-140
-717
-828
186
678
-831
818
328
913
237
767
-463
189
-513
-772
-21
249
538
615
-840
-159
-186
-899
-547
-226
629
884
518
-200
-432
-70
-161
-994
140
-525
-988
292
915
282
270
-567
-807
-712
475
371
283
-350
-134
-164
-402
-801
-961
-593
997
33
-535
-739
235
23
-110
-381
377
78
-522
1
-669
908
-331
138
916
549
289
-666
127
-854
-628
594
414
-94
-935
-846
744
834
-332
-587
681
-832
161
-526
-878
-105
131
-496
522
397
7
-456
868
-152
354
-255
555
258
-295
-743
-831
404
-119
-736
208
-215
-274
797
316
-73
557
918
-563
-109
-760
-425
247
237
84
-2
331
-36
830
424
407
-284
-722
-455
809
645
-441
809
178
-238
-522
-784
-989
142
299
705
387
812
756
-750
-663
-265
279
-588
-768
89
351
767
-78
361
-955
-566
-673
138
-81
-636
996
348
-428
719
-129
766
-960
-392
199
373
336
608
-472
618
374
822
-334
860
-15
-529
428
227
-75
527
44
-265
-716
-8
-292
931
-323
-580
533
543
541
422
80
-377
-843
-724
284
293
-195
-669
-24
245
-76
-51
467
-517
-760
-265
658
-667
162
152
-372
-84
-876
-230
-326
-508
91
-307
915
301
699
970
-118
-838
-484
-305
652
-122
-103
619
-897
928
35
438
49
-302
305
-612
-970
491
-455
-227
364
641
-68
118
741
-65
-190
-389
43
46
-293
927
-284
610
-531
511
731
-810
331
-205
862
223
-119
-596
-568
873
921
551
234
95
685
621
-902
-735
-59
725
417
-401
218
-575
-789
574
-477
476
938
-935
-566
886
-859
-499
-60
731
-498
-855
-251
-563
-808
-534
563
-273
990
-229
334
841
-964
-619
535
77
823
-690
40
-788
900
602
886
744
489
-309
378
-788
-848
-517
-33
102
-716
-813
-777
-140
814
877
-186
636
896
-871
78
-824
536
-664
321
934
103
-744
-53
282
-131
341
12
-8
762
486
-526
624
-330
825
-668
-286
239
13
607
-780
-895
-546
-324
304
-246
-248
-183
-703
-621
