528
195
242
-512
-892
-981
689
523
-616
46
-450
245
298
0
-327
-946
721
780
-602
421
449
807
-613
790
136
327
248
96
315
247
-197
-771
212
-317
591
112
602
230
-655
137
997
375
-576
976
-375
714
861
-156
633
907
517
-619
-409
553
304
-521
-685
813
817
-196
-434
-738
669
-280
828
762
-301
-298
-342
-588
-299
-760
-510
440
605
936
-895
-246
-853
204
545
916
-802
684
-653
-398
-360
-942
635
-373
-699
869
-534
296
-161
-152
-934
454
918
147
379
-725
-898
-428
-782
537
76
-407
-922
488
-515
-7
226
906
-29
651
-11
-525
-633
864
-272
-800
-356
177
746
-445
270
-770
24
-997
514
-414
-862
681
860
-291
-986
-240
508
-960
-515
122
16
-327
166
-534
-374
592
-395
-80
-310
353
836
451
567
-514
156
969
-719
663
986
-422
490
-694
-879
38
41
-761
-329
871
-763
-473
-107
938
494
-343
-622
-734
-372
879
-759
-104
293
-83
-661
413
-925
-652
569
797
-419
865
2
381
-250
333
-761
966
46
-715
-833
882
-280
-465
419
8
634
878
-68
-583
610
690
345
106
525
-22
-10
393
378
-456
813
-250
610
-501
234
591
25
43
427
327
-187
-957
435
547
434
974
111
373
-123
-655
982
530
431
811
210
302
849
-843
511
785
-794
-108
-426
81
-988
-326
856
261
-746
705
-347
-333
901
663
-461
681
-393
-867
-417
-209
441
-559
183
313
-993
-355
-698
791
-373
514
885
-925
455
-216
615
861
571
702
863
497
-498
35
-478
-780
781
-969
616
270
55
-216
207
511
-460
-539
628
81
689
298
-990
-153
-111
-268
-423
936
-113
560
-855
-11
-529
-535
-586
477
332
113
-403
894
-9
-534
552
-140
-825
789
883
-944
230
-564
-405
-408
-583
195
-277
-464
522
-165
548
-583
-80
-80
629
-705
-85
483
-682
87
-851
-330
-915
-182
838
-594
-457
302
-270
-926
47
-60
316
83
375
790
-127
435
669
991
544
735
-358
-110
829
-807
-369
-516
-695
799
603
512
801
951
593
635
616
911
-606
743
-457
-512
-522
477
-556
486
-79
981
-158
-528
971
-552
943
859
-215
405
575
857
217
150
421
455
558
-237
-766
-516
335
608
-497
-182
127
-660
221
-139
-441
-461
-199
-648
-879
-187
134
-140
-199
-824
681
500
-24
491
513
-422
-59
546
292
-862
757
-48
873
232
96
766
967
611
793
318
-986
-913
111
757
-338
-770
-212
362
831
634
410
164
946
358
-224
-425
-306
-39
-836
92
-600
-702
551
618
265
196
-366
120
176
597
-73
-913
-534
758
686
736
-759
934
43
892
-27
-765
369
28
-225
252
691
298
-708
-866
-21
-823
901
-815
-19
-450
335
940
843
562
40
-208
183
-747
-787
884
449
419
685
531
652
731
-306
-268
-89
-762
953
803
160
-328
522
947
-462
-301
399
183
946
-966
-865
35
-84
400
-537
590
854
356
-316
974
-62
-984
-63
954
-36
-730
-558
-331
39
-417
-76
833
242
-661
424
550
-81
587
849
916
456
682
-794
-691
-970
-528
-82
-452
355
-717
938
110
-249
181
557
-938
261
183
442
-987
513
-529
-243
850
-474
366
-823
-76
-964
-293
-191
335
133
-547
312
-886
948
432
-13
80
-760
-473
-690
-329
19
749
240
235
22
-344
359
623
709
-843
375
477
227
5
156
-869
308
-798
911
-646
-859
964
-91
300
-451
745
-437
163
525
-119
626
-705
-551
-260
-446
-50
505
743
85
-763
585
610
463
409
-839
-102
385
61
-607
780
793
118
910
-269
758
643
424
-715
-856
-831
982
-795
-891
835
-167
-526
940
464
-638
-77
58
4
751
-307
-890
86
557
681
-10
781
330
-925
-633
-381
855
-842
-621
-343
46
-122
547
373
-689
423
320
-911
346
941
-340
27
101
-634
-857
-480
391
-83
363
566
767
-418
698
184
299
-559
-660
710
318
-646
-327
967
-992
-128
270
-753
-506
574
661
759
-465
-52
-50
756
-294
734
621
-475
-340
-613
367
227
-90
-455
658
-995
-643
-885
-514
360
-252
-431
462
159
-604
-102
-824
564
355
760
470
616
-682
-11
-464
593
-335
659
282
-445
-87
-20
-994
-114
-793
-216
340
451
351
-721
-365
-482
757
-859
-16
-223
-450
-19
-730
383
-803
823
-752
-980
-449
542
-644
156
706
-427
-603
15
-481
-503
556
-587
571
-364
718
-772
-443
-844
741
-868
67
-59
120
-437
-131
-509
781
-950
-133
370
-210
420
179
740
-336
-782
-616
-916
-191
-885
-925
-177
625
212
112
-142
-336
-276
-251
771
-440
863
-295
444
856
495
-227
-80
-991
453
464
-828
-430
302
-266
-830
648
976
830
-402
344
-2
637
-590
-558
-579
337
-349
-30
141
-13
421
627
-490
393
188
-830
-586
592
379
-504
487
563
-290
821
254
-166
581
330
-498
885
-636
438
168
-533
848
976
-249
67
-640
-900
-878
37
147
-722
159
66
-586
394
-755
54
-330
280
434
546
-478
-155
-84
-836
-404
106
-805
-253
893
-232
-213
907
-551
410
-301
-981
241
-57
1000
425
-973
438
-767
732
861
-493
439
724
-436
676
-194
219
377
139
-76
576
37
-17
551
788
-95
-457
485
-888
701
779
764
558
98
-950
-923
447
-884
-913
-838
211
315
508
-642
-431
631
963
-595
-688
-748
978
634
-799
-328
814
-762
416
-351
-883
166
895
274
413
-542
456
-643
-126
432
-417
121
972
-135
-228
-248
-299
121
-299
830
-775
-580
-57
117
-639
-150
-307
-326
883
-43
678
861
51
975
-127
453
206
-574
711
-340
-718
318
-903
275
-578
44
661
-107
829
-649
-726
443
895
403
-165
206
-346
-124
-175
208
822
925
246
-466
-281
823
-920
909
-541
-271
-422
-449
847
954
-734
-952
-478
631
519
-417
571
-12
520
-27
559
-507
399
432
-546
-426
96
-638
12
-401
-991
347
-86
-365
-574
-983
673
-811
8
-857
-161
817
-105
-389
838
959
693
136
785
-30
846
-929
908
206
-653
271
288
-471
-972
-445
-63
361
-251
-123
-990
37
-723
-405
-647
38
-141
-567
-991
326
474
265
-513
-942
-784
-379
-887
-249
-365
-473
-495
796
178
145
974
-452
253
394
-714
747
-827
602
-896
547
-771
-677
-125
-370
49
139
-135
231
501
-405
565
683
457
-569
753
-157
-905
400
-854
180
609
-640
237
823
830
-538
-5
-105
-856
-649
506
-125
-893
138
600
-778
-169
-697
927
634
-997
843
-766
-192
-899
584
-262
-416
816
-339
482
653
-752
-210
-860
-912
48
207
358
191
846
94
318
386
835
-33
128
-954
-871
546
619
53
-431
658
-735
-152
811
311
470
416
805
-462
440
-485
-799
-6
66
-425
-342
439
-17
453
896
293
138
-439
-38
884
-54
446
-246
277
12
423
-999
161
-173
-328
-347
-81
-791
-75
926
-979
-609
-83
564
-270
-25
714
-735
821
478
-330
-261
-862
-588
-255
176
379
-470
-139
-984
797
-16
-275
-947
635
-517
-756
-680
59
-165
610
361
-359
-602
-709
-559
-171
-7
522
-186
619
-17
-405
-903
-401
-775
104
481
285
285
-770
239
-421
899
548
6
405
4
723
-208
823
-689
-347
-108
180
-307
563
271
-13
-733
-235
678
792
535
-987
-958
-120
217
-20
679
584
620
-682
755
-669
-414
694
880
351
277
-387
-10
798
111
521
-859
-451
-779
934
684
-745
269
229
186
114
181
-917
117
-406
251
-881
192
871
-820
142
813
-882
191
866
606
820
12
969
349
964
-542
224
598
145
191
-100
547
-199
809
-23
854
-910
139
569
179
242
198
-906
-580
-187
-339
-770
425
936
-146
-278
704
287
-649
278
-411
642
-48
415
-725
-401
-195
-939
-215
468
614
410
714
219
703
826
764
384
-278
-207
642
-621
452
-388
-682
-436
504
208
936
761
257
-809
52
-162
-967
836
-160
-87
-789
-613
-519
-412
-292
-806
-641
948
-904
-889
368
-192
271
462
577
165
967
-551
-927
-339
-528
-936
915
266
243
-58
-504
-998
-847
-337
457
947
-233
-836
-253
-153
-619
-808
-566
983
-608
992
-65
824
517
468
481
833
-750
-398
142
-90
219
53
1
723
348
592
-123
490
556
20
791
214
-833
283
679
156
-158
-938
-979
952
612
-720
587
991
789
167
363
-911
-828
618
141
827
-110
567
503
-423
-779
538
-304
313
341
-173
-842
807
-666
997
506
-193
886
83
-938
745
-233
526
-224
-346
837
-47
50
777
423
548
-719
-115
-811
-708
721
-269
-124
171
-196
-363
121
-416
-380
503
407
-97
-737
93
-283
192
785
-554
-240
266
-969
129
362
502
-70
501
127
-704
-63
-836
-228
387
847
-562
587
580
-154
-791
-711
-727
-890
-996
-410
-949
-542
398
-889
-643
144
-175
900
-191
1000
-752
224
107
-102
-79
140
-646
20
87
-729
-874
259
-410
-447
63
408
-34
-652
752
286
366
107
-827
-416
-883
-396
618
-590
-696
137
-208
82
-783
-264
-142
-928
42
-53
390
-155
925
955
982
795
551
-974
246
-628
143
717
-71
180
220
-92
719
609
-954
-175
-872
-256
388
-729
608
596
-479
-29
-299
820
-631
373
457
-782
-847
-531
816
-152
-65
-335
-95
829
-316
-727
-2
597
-36
461
-124
891
685
834
411
-195
-678
882
-629
-358
676
-389
117
-319
-142
227
611
-189
588
-558
-500
347
805
126
-504
-895
-426
710
-4
297
-470
212
-25
293
-408
622
403
-394
20
-570
649
600
19
348
-884
705
42
-919
-301
-462
18
-299
917
110
822
886
-608
-644
41
-46
-33
685
-897
565
534
484
320
152
-412
809
-16
-342
-273
667
-607
-265
874
906
-245
-787
-774
-906
633
-293
-782
-598
-849
-494
-510
376
792
412
-958
885
550
-816
-770
-667
155
249
719
-167
-959
-949
-118
805
-739
-875
-127
18
912
-92
393
66
518
-395
489
777
997
376
538
185
334
477
534
-388
897
-835
442
-60
572
464
-725
-589
89
-421
-952
-272
962
-268
-174
-623
529
909
-797
-582
801
689
249
-895
-355
-115
-291
-143
898
-776
173
-435
191
-922
446
-13
-399
110
-485
-384
-912
175
-607
747
-609
913
-347
-347
-371
-416
-910
-893
210
-927
-13
-99
152
284
340
-557
-245
-433
-176
-720
-826
662
327
-954
349
-699
-724
228
629
-382
521
-24
-393
-138
0
38
-992
-548
501
-153
194
415
218
-626
323
552
-743
795
-52
-722
552
151
-416
262
-684
-678
423
357
-549
-541
522
584
6
303
-365
459
617
-371
231
-34
-914
-428
207
296
-96
-543
-682
833
932
-832
282
143
-389
-612
-634
-50
-842
-87
863
785
694
-639
847
94
-865
266
-591
394
-636
-634
609
-94
437
702
-3
-108
408
574
239
323
-339
609
947
-819
792
-767
62
805
-617
505
-695
-498
-342
-428
-644
483
627
909
604
1000
95
-938
967
445
-368
773
311
-936
906
231
322
271
-530
335
864
480
-209
335
16
326
-200
132
-252
-905
712
-677
238
87
450
231
-536
-179
-508
538
42
297
882
-564
122
-375
327
275
-880
674
-841
685
-680
-59
-166
-165
187
247
-989
-843
120
860
501
436
-113
-218
524
707
323
768
338
744
343
76
-670
593
82
701
343
-35
-810
737
838
-611
-903
-889
-118
-385
675
223
387
-565
-218
-564
-671
-88
713
-82
839
-700
-337
-103
849
-130
-240
-377
-392
896
-853
-832
-926
-297
744
-523
58
89
347
820
198
-321
735
409
-176
336
168
-643
-384
-915
394
651
228
97
-468
-105
216
337
-482
780
-989
-167
-800
-70
-598
364
-56
92
533
-616
396
-125
937
837
849
-344
79
-132
-660
-836
-405
-765
938
678
-529
-121
-39
183
5
325
-114
-880
-834
-258
-694
-695
15
-284
-636
-867
696
-309
524
-410
765
-166
282
-62
894
763
-510
-559
335
-220
-120
27
586
327
930
-63
190
-260
663
-861
-535
946
409
462
164
686
-338
-96
601
-260
-659
-196
-165
13
-428
631
782
-565
-777
874
882
-418
602
817
458
-855
38
310
154
-830
-347
-954
999
-282
-801
-940
709
-636
-359
-21
-208
660
895
730
583
-241
-365
-549
861
578
569
-227
-616
-44
-775
62
883
-399
364
-901
-770
384
809
593
-233
-629
883
977
645
-35
173
503
-933
153
77
964
187
907
-208
597
-998
393
-554
-593
-97
-546
424
675
48
-552
916
189
-462
-408
-987
-835
-679
395
-437
-23
584
-242
523
-589
308
-866
961
-890
-244
730
-477
-253
894
587
853
-765
762
-101
-415
-820
447
-433
-256
534
-543
929
100
-652
-669
-507
624
161
-478
948
-563
627
-675
-864
-230
227
737
93
43
-600
790
783
-709
-499
561
655
541
737
881
4
-389
-952
298
-198
623
-573
-420
113
973
795
-362
524
388
521
338
-716
786
-125
-186
-124
-862
170
-636
114
-761
-918
655
-308
771
-911
448
-926
-540
131
-609
458
195
690
127
988
591
795
839
630
919
-530
-772
-848
2
559
-288
-16
960
634
603
-64
-684
238
-284
219
-940
-613
-476
-603
420
-15
360
-796
-435
-550
872
-717
179
-379
892
659
599
-892
-687
-584
365
-445
478
404
-53
489
-198
360
709
-723
-573
782
423
386
56
-550
734
925
489
727
-268
767
-256
-678
-780
236
409
542
632
683
143
-73
115
-662
7
-671
-501
251
-89
-753
855
579
45
935
564
386
173
54
344
-220
603
509
-776
-472
743
-341
-526
-167
-573
-671
-141
-15
-100
-626
-844
287
153
-937
111
266
578
-300
-189
756
-685
-301
-385
-766
345
-960
589
-122
-619
-980
190
-307
600
-672
662
-937
614
285
173
737
609
366
729
-459
-359
347
-656
255
617
442
-93
824
148
496
990
-604
-819
-917
-403
-7
-926
447
-217
679
389
-694
690
585
949
-55
-777
758
960
-352
465
156
128
-193
-256
401
80
-401
-151
-578
-808
-259
365
423
-545
807
989
412
-805
517
-101
-996
-221
-847
-370
338
42
-307
554
-965
821
-26
-371
839
-282
463
123
-135
-16
-642
-797
470
-488
813
470
-639
-908
-260
-394
-439
289
-893
883
-467
672
-463
233
808
268
403
-327
-197
23
652
633
-702
966
-390
-324
607
-606
28
31
-576
-731
-91
-663
144
-61
761
577
-711
797
-297
-651
186
141
379
-688
-982
-490
271
-666
-43
-926
-453
-606
-675
-778
641
-743
-911
-481
765
-241
3
-154
821
-329
465
-272
389
-174
464
-11
100
-445
47
987
443
-356
-611
-696
160
-113
387
133
844
-911
354
-524
8
-745
-271
36
810
-778
141
187
708
-743
-608
928
-320
-959
814
656
-715
201
-414
-853
-132
-120
896
-421
795
-309
626
138
-396
963
747
642
-309
409
-210
-668
34
159
208
368
795
719
-605
-107
74
751
-698
319
2
-331
508
728
825
-820
-258
578
-747
-712
83
644
110
-120
-208
329
808
-112
679
-817
-407
-358
903
-395
-588
-169
-478
693
308
-811
-389
649
167
37
165
979
-452
961
-317
-189
-694
-352
393
-196
-815
252
548
-461
-616
986
696
21
297
218
296
-518
-953
-116
-120
-988
-412
841
-37
944
184
192
473
-855
503
488
524
-20
824
804
-337
-925
661
45
-629
-192
-711
-817
-705
638
-454
-164
-792
-815
199
823
634
47
518
-583
-630
-845
-645
-288
296
580
-81
-413
-403
608
-732
-738
61
-172
599
-834
986
-597
-699
44
-91
260
-894
388
-468
-938
576
-702
708
-166
-617
309
-890
-348
819
967
95
-618
-534
305
315
830
685
