367
-534
-115
579
370
281
-745
-943
-699
-517
-510
802
979
855
783
-171
-290
-736
-156
136
-499
-108
-701
-974
588
817
-418
-779
-55
479
-321
-84
-328
348
-521
-688
624
-849
-169
306
999
61
353
5
29
-449
96
994
667
218
-936
-605
530
375
-407
-185
738
-607
558
-866
-257
433
490
-431
199
470
-33
301
738
981
775
-974
763
-581
-485
-431
-284
-261
-428
-132
-117
910
-787
440
412
-759
592
-231
785
-804
-49
-336
-528
-822
-794
-924
649
870
686
762
50
-986
5
241
758
-99
-15
410
688
-773
-955
91
703
-279
723
609
404
-161
-8
678
-260
-947
17
-800
-644
261
-460
-885
-295
934
331
-568
421
222
673
521
-213
666
455
-634
359
679
-749
-635
539
687
553
104
-121
-955
-190
458
199
367
575
415
-87
-577
-587
528
440
-949
-482
-253
388
173
-104
375
121
979
-744
309
173
304
906
926
968
618
72
-46
742
387
8
-844
493
-981
-664
185
642
134
265
121
-830
-822
-62
-471
896
68
829
169
-361
-491
-489
730
-511
347
-687
-271
857
-812
110
-264
-31
-696
-136
660
-104
-765
-568
-176
184
919
-616
684
-691
-358
-487
181
429
740
845
607
-830
-63
735
-969
431
-45
-936
633
252
535
-464
-343
-457
-936
63
-204
-593
361
384
-481
-837
-834
-383
-834
-565
738
808
-714
141
-983
-492
-127
-660
-569
751
-688
684
284
-616
190
-945
-396
580
194
-357
131
522
-172
434
-868
938
412
255
70
537
-477
599
340
785
-626
417
629
668
876
-684
-975
-607
608
-83
873
227
-468
463
673
-557
-143
759
-915
712
199
-924
-666
710
892
490
-163
-779
-510
-179
90
260
316
968
780
321
492
143
408
-153
-362
-711
-862
-86
667
86
-722
556
-594
858
-328
-288
469
98
265
-342
-133
802
-201
-836
935
629
-402
24
-551
-83
627
835
-857
-689
-962
-2
-861
-778
-853
-926
289
946
-112
-996
-926
808
-615
338
-614
30
365
600
906
-198
-98
-104
772
-891
-118
-661
430
645
-134
927
-535
611
381
-790
-327
481
394
-537
576
372
-806
381
252
393
638
-586
368
-469
113
886
-426
578
-898
290
589
542
161
-894
-173
287
526
-876
-451
518
-19
432
364
-681
-593
190
-293
98
709
806
613
-66
573
-967
-997
889
525
-191
-558
-73
-859
-753
-940
-201
994
729
428
447
469
321
826
-342
235
625
240
807
-845
-946
-851
-384
308
379
-507
947
-996
840
309
-584
-879
696
384
-706
-120
759
831
750
-343
-125
305
658
517
901
958
-304
-326
75
-852
-456
-79
-498
-214
-414
416
-763
250
-943
-745
-40
227
19
-472
510
-464
-509
-181
-137
878
985
-567
-726
812
508
623
-573
941
-928
930
-407
-726
-751
443
473
-757
761
254
-959
-899
190
202
-14
-477
-349
-577
394
579
425
-74
100
432
446
-871
-479
-349
523
331
777
101
-53
-568
578
-629
-724
-818
543
294
-614
54
194
300
-322
-111
-436
-38
-861
-786
804
-578
-267
886
785
-499
45
-383
-205
467
372
72
-829
-701
-677
-83
533
230
-891
971
-165
-228
-987
-660
921
-473
865
-962
58
-261
932
-27
252
1
-241
-791
-713
505
615
-492
149
134
937
965
217
23
712
-785
-95
-685
696
451
671
-961
-544
736
-593
-354
623
-342
386
-569
-479
306
659
57
-334
-788
935
-829
971
-841
-728
605
-949
327
-162
-302
423
836
795
-677
730
-228
438
505
-740
712
42
905
-729
228
15
-141
-414
493
-820
-784
-789
525
-302
344
534
-399
-623
220
764
820
-679
443
609
525
780
-563
-755
672
-568
118
-443
102
-855
136
281
-462
929
475
-970
672
-450
-268
-121
-769
926
-307
-722
258
-338
887
-737
195
597
-414
-157
-408
-266
738
-517
-792
225
-495
81
445
-755
-675
381
649
862
-330
-504
-168
341
-21
-84
558
445
796
682
895
-206
-789
-666
432
973
750
-900
569
841
-130
498
913
14
-600
-85
-149
-26
718
-93
-257
-71
251
-205
-682
943
600
927
292
581
-556
-887
-292
-473
802
261
-501
305
-198
-58
-722
-41
-696
-50
810
296
713
-499
493
145
-944
-17
-469
110
412
596
247
936
962
383
-690
-787
219
458
-355
-1000
-374
-975
491
963
487
109
-968
294
-143
-155
-384
-280
226
722
741
-860
-938
-925
224
108
-574
11
-578
711
-617
-538
846
-25
-595
-613
-702
953
575
178
-381
-197
257
876
-87
960
-638
-869
174
268
-959
458
3
-304
461
-984
159
-938
828
8
-809
380
-787
367
389
157
-56
-802
921
507
829
682
-642
30
-661
463
367
641
258
-980
473
-257
-552
-883
457
-4
34
-14
454
-344
986
828
-676
-275
694
77
-969
-703
-610
986
-750
-919
-894
-588
431
-48
-441
121
-743
22
897
-389
923
-438
-815
868
-964
-397
-110
503
-40
269
-393
446
-489
419
-443
-201
-349
170
361
462
-550
119
-50
-129
-585
-139
398
498
-449
218
-19
-760
896
430
-541
144
72
931
-354
590
260
771
310
720
-773
-713
958
201
751
-676
-686
-85
513
-195
313
-913
284
474
140
-922
891
-705
62
-435
-70
-912
-65
-780
-891
994
-724
421
-588
694
891
-992
-234
80
-511
-344
713
461
710
476
680
943
95
-23
-645
144
921
632
-843
-756
380
730
11
-393
130
58
899
-197
-359
-560
-727
-527
772
-186
299
933
-378
-825
-974
-828
404
-270
100
-160
522
992
832
102
653
-417
-429
-292
-788
691
946
-679
-5
981
807
605
-314
765
34
-700
-287
801
546
-102
917
-107
-951
706
-723
765
-46
97
479
115
-907
-660
-61
-370
-989
-511
18
-700
805
-42
-406
955
399
980
665
-172
540
-407
-526
147
-514
-260
750
-299
-479
442
-303
116
-745
-349
-199
815
-427
870
775
611
541
-66
-697
-566
155
537
620
944
-12
234
802
-361
-823
-569
952
957
15
762
941
-241
494
-162
854
-628
-997
717
738
-329
-56
-599
-877
171
919
980
507
657
-901
-103
104
185
-411
-124
300
-818
-809
-198
951
327
61
-178
-333
141
457
-28
-408
-115
-200
-354
-79
421
-995
-962
-509
-641
774
-703
-400
155
-528
997
-8
204
834
595
-970
640
128
-171
430
148
333
919
151
278
-773
-112
-742
-621
589
-93
-592
104
533
656
-390
118
-457
-228
-611
-466
-403
-44
-871
870
-713
558
-768
-463
391
596
-527
348
-348
408
-664
738
911
94
898
775
-253
-798
233
84
618
-62
-443
946
-940
-481
-926
-436
434
637
-243
-42
845
657
-9
-49
-766
-408
-17
-169
-675
-193
190
462
-939
-911
255
-876
865
-941
-988
-400
-475
202
319
865
362
118
968
332
74
207
-6
-342
-146
391
732
-725
111
-552
857
581
-205
97
-435
26
-942
821
926
994
-27
748
406
-680
-739
341
790
491
-191
398
888
-435
269
-206
-949
799
882
49
58
-374
111
842
452
-581
994
74
368
567
-909
-391
-48
168
-85
140
-469
-573
-124
-891
441
-842
876
-778
413
-745
-680
98
426
-212
-461
-256
43
-302
978
125
-683
42
78
-262
819
731
-297
-664
229
-410
-278
-659
205
791
-518
-586
-249
-629
131
568
-761
682
788
793
-621
407
718
-144
-588
347
667
910
859
76
-909
189
22
-699
-477
997
-836
-822
678
579
-393
254
561
-844
980
662
-662
861
716
168
-559
-458
-262
297
122
-788
415
-455
-852
383
-602
-293
-649
118
205
57
187
292
-761
985
-828
211
103
-765
884
-129
-411
971
198
-59
-269
571
127
125
755
-144
310
239
138
-80
969
-881
840
-871
190
-995
-759
314
-316
-428
157
4
-861
-566
-311
-261
-406
-966
-653
347
-361
-412
-891
847
-987
-29
-720
-374
483
749
614
-94
-393
741
266
451
-678
500
-819
813
-648
730
-888
-994
604
661
735
162
576
373
-825
-958
-897
586
781
-878
-920
795
14
293
-326
896
-396
-963
161
-923
-957
-30
-872
709
-19
-272
-944
429
-450
120
932
-504
-219
57
768
962
-86
-954
-305
-879
-82
-607
847
-908
165
734
343
-776
388
400
-403
-604
-477
916
320
441
-799
-860
-426
64
932
-11
-257
-513
736
-217
-462
-560
-723
-209
-886
394
-359
-262
944
-936
635
911
-621
348
-658
-553
884
904
-313
-775
-684
607
257
292
-384
-386
74
-745
-586
467
477
708
1000
343
-179
182
891
-6
436
371
119
949
-163
-86
616
571
757
424
691
657
289
-440
335
435
-911
-248
719
663
-16
-414
-521
-984
957
-860
-828
657
459
-758
78
-166
601
553
643
20
41
635
540
291
-574
-621
528
-369
830
-986
-150
-31
701
146
-121
-666
909
-941
-734
953
379
-716
300
273
524
-17
-90
-607
83
664
43
-332
572
-867
-283
-788
-627
999
-773
646
-211
-467
-221
719
578
-441
64
821
-464
631
-222
-940
-461
380
901
-876
51
99
-871
415
-445
-851
-655
-898
-914
-242
980
336
-94
-852
-18
885
379
-217
360
360
-704
-29
681
-850
-673
-382
-198
-265
137
384
553
-253
614
-337
963
-636
-467
394
-339
299
604
73
-213
109
476
-324
268
504
989
-500
420
-186
905
120
-75
-317
985
513
-499
-703
911
-794
155
-785
599
-337
-354
-13
-793
-766
-526
-229
598
854
657
-880
-475
-850
-999
277
-413
-235
-646
822
502
303
-898
400
938
791
-227
-323
-697
695
-840
-171
585
633
-949
-579
-700
-672
959
-870
519
795
227
517
138
957
-79
-458
-48
-490
-859
-104
683
-178
-89
334
192
51
426
446
-825
-55
81
-845
497
-972
845
639
-695
-321
773
-183
502
512
-722
-830
-77
-432
848
978
-834
842
-814
-345
536
-756
599
-503
312
-57
133
-19
-850
-407
-66
194
-241
568
760
-21
-359
361
772
844
-852
-987
-399
-299
-776
-930
77
109
-393
603
-350
-348
382
-219
-676
-955
-248
-812
-810
310
-319
542
979
649
330
-666
409
126
-932
637
87
-852
-617
-295
505
-763
914
-181
-239
772
672
762
273
364
-49
-998
140
484
677
65
-157
203
530
-555
-274
-134
948
-602
523
854
-959
475
-439
285
79
-23
-512
-527
-150
-600
629
-483
-134
793
-318
-451
316
803
860
28
-341
201
75
848
-371
-929
-101
-644
-388
-258
854
543
197
-408
218
640
617
-580
339
592
578
-746
382
-917
-599
229
-484
-882
-527
-521
-671
645
-229
726
522
192
-755
-799
-994
81
-960
-510
-711
-755
665
-119
-341
-48
774
522
-162
682
-423
491
751
-75
392
1000
159
-971
-543
275
-208
-526
-325
397
-487
-567
415
853
-920
-471
-974
680
-391
-373
-590
698
698
270
-874
-219
558
-960
-459
-176
-886
-304
-558
799
628
-524
-213
41
117
511
81
79
139
-251
-870
-298
-73
-202
0
195
251
129
290
877
-742
-128
300
618
45
-143
201
15
791
-533
-52
-626
-611
991
199
-755
443
-256
784
767
-796
-847
795
-271
762
-754
-733
-737
-290
-441
466
931
306
71
-353
-634
-351
214
-601
234
99
-346
-212
282
-672
611
-55
-335
-424
-864
821
-67
888
924
200
496
345
-867
-436
792
948
-537
-22
-239
-770
758
-559
-690
-33
-407
-398
-206
996
697
383
-887
1000
-463
392
311
813
-716
566
-985
67
172
230
-249
626
-825
-830
447
437
813
796
879
-259
821
260
-6
-81
358
213
938
24
778
-274
-573
681
825
151
814
-273
-886
-397
531
-113
-11
293
-749
886
-582
571
723
-679
-201
123
476
762
885
553
378
893
419
658
-129
-264
287
-127
-878
-852
-530
-452
-80
-168
284
81
-784
797
593
606
-336
723
-971
226
308
-774
-268
753
-994
475
3
-802
586
-803
-481
-283
851
206
668
-713
772
164
769
711
584
-684
843
-360
-277
929
-370
872
-649
-30
741
-888
-919
-60
712
-108
400
-153
919
890
167
-218
-47
-357
305
117
-439
-775
-730
333
371
-780
-294
100
468
-859
-155
600
371
-94
479
579
-240
-518
-904
427
280
585
-342
407
601
-158
-593
-607
886
-846
889
-933
-781
71
101
906
182
-832
-863
639
-354
425
-122
406
376
788
761
100
-993
626
-372
606
745
-829
-341
596
458
-101
26
781
444
809
915
-124
-567
-80
-171
-393
411
-240
-659
-750
862
-695
-25
-584
-155
275
-797
-877
-744
-718
-909
212
-285
-659
780
-497
-164
68
-850
320
303
582
-525
784
189
698
-591
642
-1000
465
742
-794
-718
592
-401
293
-899
-468
-950
-122
-172
837
-505
239
175
-886
-288
-611
-370
1
463
30
255
-652
521
-568
600
-156
-39
945
-111
-95
-237
352
589
589
546
314
-18
238
-388
121
412
-611
404
-118
11
628
911
-864
-815
466
839
346
843
-513
846
-814
696
419
20
-53
202
-33
306
908
937
267
514
-46
-971
211
-723
855
-778
-271
102
-833
842
419
532
73
-694
654
-72
-272
-926
289
350
560
-83
111
-744
461
-841
551
-749
-617
-810
-309
675
724
-87
210
763
220
46
-946
-600
893
-576
291
355
921
-100
256
-755
787
652
-3
-443
314
689
-885
-114
-911
813
637
755
-446
-489
-856
458
787
-551
464
667
-783
966
-286
-37
-668
-976
217
639
-659
820
-524
-33
603
620
-643
951
-995
270
693
340
880
-621
227
321
647
-458
-75
-757
939
-938
-281
-1000
717
-464
371
171
716
245
506
-158
-496
-199
50
-425
441
299
914
-422
-911
781
802
-284
145
856
373
350
-727
513
736
139
-965
945
-886
-281
743
-816
835
-732
-649
-171
-215
626
480
940
862
549
98
-32
-447
364
-75
-940
671
-817
427
-115
-141
-317
-103
935
431
-5
339
-98
-530
-324
-68
290
-884
623
-913
922
903
30
-700
-429
997
995
93
-825
-945
673
-468
265
-40
-293
850
-420
-694
-719
-504
444
-336
201
988
331
-364
-773
374
29
580
815
-705
-484
882
-263
-917
-514
-798
-212
723
-88
101
267
-940
-262
-895
-174
-816
830
-299
-749
312
560
-209
795
690
-684
235
-510
421
-849
-231
-611
869
-300
772
-840
272
-339
-799
-798
721
731
-601
726
-222
-714
34
-660
-945
976
585
-235
-318
-854
462
915
795
-452
-638
372
-38
-951
-787
-213
-373
-14
-646
841
922
869
-139
-178
-984
-705
703
-402
79
-493
52
-539
-350
-440
-242
886
-484
-862
235
-957
-202
-321
-535
337
800
-903
-866
476
180
415
-148
-435
-329
923
-560
-378
320
100
-592
237
836
-367
105
675
-204
989
218
747
-917
-373
-566
-445
663
493
-49
-135
382
304
139
-508
983
-780
25
677
420
-423
41
-21
907
-952
599
358
-380
313
-10
379
-572
256
-63
-718
103
-585
32
-270
-639
322
79
-924
-50
-572
135
67
715
-652
421
107
368
-158
-990
-353
459
559
-26
-365
174
135
832
251
-806
-407
424
774
-418
-597
3
-913
-999
241
928
151
728
-355
-878
-991
-779
776
635
48
-696
-830
-350
-790
-781
618
929
670
973
-906
953
946
-551
852
-747
-285
766
335
-414
286
747
524
-590
-955
736
-324
661
829
-247
-202
871
788
929
841
-215
-59
92
-517
505
-334
582
230
-326
279
965
128
-194
-735
17
674
-207
-102
960
881
930
657
-344
-525
-567
823
-459
-114
388
849
-798
-125
296
478
265
-104
-528
261
572
-5
-827
98
-998
579
762
-511
-615
-798
829
968
-615
-931
980
-48
318
135
-305
387
364
393
793
412
286
58
-931
568
-210
-411
648
-723
-132
582
-382
859
-672
140
361
821
452
420
-132
-759
5
-494
-419
328
682
369
61
809
-135
-264
-875
-525
842
800
-650
-921
796
880
-676
-363
-658
733
-775
-231
945
994
418
-882
492
-21
-801
494
9
243
-429
822
-237
991
-174
633
432
205
220
-25
360
-668
858
-39
-119
-562
-948
762
-832
760
-827
853
741
164
-676
-291
-271
-185
-517
-23
-749
621
180
-783
-587
-936
-136
-704
834
-329
874
189
83
92
-41
-188
-863
-743
-910
-782
-695
694
99
-63
-474
960
-535
790
-439
-679
936
974
33
-713
445
-884
-423
-599
599
753
292
-830
156
-227
-493
980
-507
726
569
-987
978
651
750
-913
-565
883
233
899
-145
70
-138
-895
-347
-315
-635
9
-311
682
-370
177
-996
-375
870
-637
5
639
-89
146
997
525
934
629
-770
-706
-753
523
-318
56
-749
679
296
-362
605
333
-840
-330
11
-616
736
238
-132
753
245
870
976
219
-69
-210
152
-573
-537
-842
-474
563
271
-357
215
417
630
-595
-63
322
-354
-375
572
-217
-658
179
667
583
-28
864
184
316
767
430
-165
-203
-424
-888
580
-129
64
-173
607
-689
583
-60
341
-337
-828
-463
-736
120
717
-561
-92
-855
603
920
-854
-554
570
87
-887
721
41
291
858
907
950
693
786
-988
-386
-844
-554
949
-15
40
412
-344
-484
66
198
-796
-499
-223
-209
34
-173
728
489
-963
-989
330
740
573
209
299
423
877
488
-716
363
-868
-213
-353
-117
-886
-69
866
583
732
774
-921
-564
269
153
224
385
-764
-400
-888
-379
-559
-104
18
-473
644
593
-738
6
-793
-64
331
-741
161
-928
523
-24
-953
-649
686
-469
762
-177
-123
-461
-558
951
-365
331
354
767
578
-619
695
-410
997
564
-367
-123
836
156
-799
587
-875
-395
-219
703
614
-195
-178
194
769
524
-396
-217
-290
-472
112
-202
741
772
566
-864
955
444
962
-280
-940
841
376
739
-223
494
-65
795
184
679
403
-669
-126
714
433
285
512
681
-736
-247
680
114
-546
711
236
248
437
-894
279
813
274
-53
-783
606
830
564
-781
888
-451
-936
436
915
-7
551
712
702
732
-115
627
-175
-315
-274
210
-619
-439
-398
853
543
435
-380
781
-771
419
378
981
443
-696
-485
324
-686
-248
-251
-40
-527
9
-378
-502
-749
221
-861
-423
-357
-177
-350
988
221
191
634
469
530
-430
-495
761
-967
167
580
594
-717
685
912
-187
685
765
111
88
873
747
608
-326
-572
-302
970
-610
648
329
556
-171
-21
762
744
-565
981
-133
-179
-635
151
-31
-671
625
828
217
-389
-530
-990
364
-27
827
-600
-890
457
-516
-606
753
435
740
-93
856
275
452
-794
-250
729
938
238
747
-879
-994
-2
671
776
505
450
-137
724
-948
-116
474
-584
-780
793
-406
649
-697
-559
786
651
-613
-115
-570
785
-389
856
-653
516
897
203
-102
639
688
275
-524
871
418
71
-234
-122
511
-397
-132
171
346
389
110
874
917
422
-786
720
-311
-587
433
809
-625
90
-58
995
243
67
-828
582
105
-875
-521
-15
146
402
277
23
957
647
-704
-724
-292
310
153
56
857
-72
87
229
115
651
195
471
985
148
763
689
741
-90
-822
600
-708
-369
880
259
-519
266
-231
-645
268
-448
947
217
700
-444
-414
756
-772
87
-787
188
724
-734
785
795
396
794
794
774
280
-384
706
-437
166
-557
902
455
720
184
126
462
-995
465
-994
316
803
-858
-464
-887
-514
-449
-736
-108
211
-257
-392
344
533
-82
65
-172
-928
-813
158
-261
502
96
-178
438
-413
800
900
1000
287
8
772
512
854
371
809
-467
-949
-671
507
436
463
-759
-126
479
-782
-678
-335
922
-709
166
-851
527
-854
-109
-72
267
925
262
246
718
427
-857
-28
-627
153
-91
-933
-883
849
583
372
-536
468
-315
433
-216
700
293
-93
671
-597
908
792
320
-558
-426
-83
480
-734
434
548
699
-464
119
864
-714
436
-213
207
835
-971
711
466
843
-499
394
-203
860
-31
-880
316
-60
622
501
356
193
-797
477
-220
309
369
50
366
-198
-242
649
91
-672
111
879
933
-888
308
-588
838
-477
-317
964
-880
-814
6
-434
682
547
924
323
180
-516
-631
558
33
877
-348
-853
-937
901
377
725
-9
738
29
407
-235
-937
328
574
-82
-877
17
-872
445
-86
45
-764
133
-636
-351
-868
-821
-158
-358
246
-148
760
934
913
-664
-788
779
-898
777
-677
-687
468
-770
340
335
-753
-52
39
-645
-919
360
-182
977
-867
393
203
309
690
821
-357
-750
-927
231
-796
931
997
396
-484
42
653
151
-3
930
-54
938
621
-6
-857
-613
257
199
126
703
760
-210
-655
186
-663
659
236
-744
-12
-857
99
-841
-503
314
918
-709
-517
-477
-619
469
261
-15
985
-157
-476
496
68
-496
496
-369
-442
-884
515
464
353
466
338
769
183
587
-302
-474
-198
-619
-483
730
946
-890
-344
272
-356
907
-401
657
-710
-616
585
-405
-92
826
-412
-475
-127
660
222
-761
923
-750
788
-118
204
-381
-748
611
-903
613
-193
157
-493
-26
-1
780
-84
-840
-418
-146
787
-401
545
-390
96
868
-915
562
433
379
-125
798
-621
-275
971
855
-133
-247
182
-850
254
-562
-532
907
-145
28
199
11
-789
366
-769
-499
70
992
-845
454
730
409
-120
-33
355
-417
877
798
374
-931
-7
-408
-309
-969
-630
402
946
-755
471
-731
137
345
539
977
722
-873
-914
231
-966
263
288
-809
-803
-957
495
611
-171
213
-707
-445
358
985
99
-373
495
202
609
-994
877
722
-422
717
746
32
974
-616
-343
-364
-133
-533
-511
711
-657
-711
-900
601
290
-401
698
470
621
754
990
496
-686
-749
-823
-837
-946
609
-253
596
229
744
169
-527
-346
137
301
916
722
-407
844
15
-254
613
-201
516
541
457
334
69
149
-948
808
29
-381
-218
139
553
284
-267
907
-821
33
-740
-768
468
-559
498
389
578
296
720
458
-408
-713
-876
-853
-715
434
-526
-569
-992
-954
78
-712
-692
-123
-276
-886
363
14
-484
-966
-291
445
-264
-381
25
761
-244
917
-941
-378
-446
-511
456
655
208
-39
777
514
959
-211
601
57
-683
710
-802
-799
-389
-4
-70
-690
359
-78
-416
-821
-334
788
849
211
-463
-951
-967
-858
-700
982
-929
-157
144
340
-61
-976
894
445
-188
-655
-402
641
-870
-259
977
-841
-161
-193
-671
749
-581
785
-631
946
-958
-701
-684
698
-488
-439
556
-786
189
-398
322
-719
708
150
832
232
-134
-262
815
667
-846
-778
894
-312
-794
-708
464
-208
441
-918
527
-706
706
-619
334
-726
-862
837
127
-931
538
347
-620
-518
-20
-400
-267
-858
145
352
910
625
251
477
402
655
652
198
-151
834
-989
-687
-501
-97
-897
718
278
-522
596
330
615
666
-281
95
530
978
452
979
-825
-324
-79
-852
-239
214
-94
959
-364
284
-242
-661
923
-975
-37
-742
629
-702
-836
399
-976
374
226
645
-955
-434
-28
-803
353
650
-489
171
933
84
715
108
111
749
197
781
848
637
-665
-988
-126
-347
-950
303
74
-554
544
625
-632
350
90
407
-647
476
-189
563
-537
-101
-989
59
378
952
477
-434
-833
87
13
84
-354
-63
389
889
398
-959
-901
-546
-812
-212
-192
-826
-274
755
-989
-147
-281
505
291
-486
-30
627
-12
379
-181
115
185
31
595
-84
17
-179
393
658
-993
380
89
131
-943
431
4
-647
-829
223
240
713
-155
675
407
590
271
-355
-86
55
902
-106
-141
31
39
293
-838
-16
625
-357
-416
-985
-36
-859
868
-702
66
370
-430
-545
-967
-180
-24
-717
-716
465
904
-395
754
938
-604
-821
408
601
-399
355
-601
795
233
-844
-382
531
488
670
212
478
-82
-367
670
927
415
-417
827
796
-910
832
-559
526
233
-269
-905
-351
-108
740
-364
-173
642
-122
560
172
810
51
340
982
-8
-600
-662
671
-221
-984
147
-107
-370
345
-539
-325
-142
588
-20
-390
-109
960
-132
281
173
817
992
327
-533
555
13
839
61
84
-57
-502
273
-921
-976
107
965
874
755
-570
296
-658
752
580
220
782
-654
140
190
847
686
-728
-391
-280
266
-818
760
440
-634
-263
988
752
-641
842
901
-258
-783
975
-972
-266
-783
-517
-229
-315
-257
-641
-688
-368
-792
-314
114
758
245
126
532
-821
-310
925
639
289
830
-304
-661
638
196
-512
-38
73
229
107
-471
791
902
695
304
322
493
-857
411
226
684
485
789
238
-445
-169
870
815
312
110
-497
154
812
845
-790
-868
907
402
-586
-693
188
-709
989
-843
-328
68
-824
766
80
-88
-164
37
-237
880
483
304
-170
240
71
473
-912
802
354
-783
979
169
132
82
-96
-106
807
893
-11
262
174
-643
-451
563
-370
330
722
-294
837
350
956
363
-565
-448
-228
997
-491
-818
-694
-728
-402
-831
749
-848
612
-298
-69
924
986
-662
474
-838
-384
-172
723
-561
-470
-253
804
79
339
-801
-962
972
659
737
206
-827
-266
-41
-294
60
25
-281
-739
877
491
645
-180
-420
-284
-282
899
153
-776
781
23
331
-516
-478
898
72
879
-905
358
-146
-761
-515
772
-865
662
-313
501
360
455
744
-139
90
439
572
637
-207
878
356
960
694
-530
-485
-467
-189
-636
-447
-206
-231
-824
503
438
-254
496
-61
-726
901
600
-49
-782
-237
240
815
547
978
-200
-256
973
782
-227
-58
-119
-256
3
-910
-344
-275
731
-513
655
-947
580
-572
726
-514
-687
-798
-872
-188
873
-595
77
-777
-878
796
17
-784
922
-658
189
-609
678
-378
623
-559
265
893
-573
-234
-780
-93
-392
355
348
994
509
22
-125
262
-120
-147
187
633
985
-183
-978
-636
344
847
-826
-946
-90
731
957
-723
915
-105
673
-772
622
268
372
-196
-200
-33
-739
4
-696
-668
137
-949
-840
-868
-747
-121
-155
-388
538
-370
817
537
-343
25
585
358
307
338
995
354
-882
-405
898
593
-338
-236
-771
232
-810
594
-216
-717
-412
-239
612
356
926
170
-842
-988
-181
-572
-700
-658
-842
-472
971
774
342
-87
-747
388
26
750
485
591
408
-104
695
284
-591
-437
237
738
189
530
-758
364
595
853
-757
-28
-518
724
-811
-370
367
-755
677
570
198
770
372
94
978
-880
-518
793
-336
358
424
785
-434
-556
931
-70
-53
-632
-577
-464
-778
-360
-450
800
-552
911
-330
818
222
-988
743
-337
-859
-260
933
-999
95
-756
706
566
875
-498
140
1000
723
587
672
-684
977
453
84
941
629
-487
-74
-43
53
-558
698
-817
-830
-37
-948
-147
313
665
173
-688
771
103
-434
531
957
-699
265
69
-87
549
-965
803
671
904
-117
654
-389
804
407
-563
-253
-83
148
943
-98
-850
-877
-317
-86
-490
665
86
-166
816
635
-592
375
-714
-342
-35
-86
-415
-80
115
4
-975
-182
-361
808
-321
748
-873
-272
603
-967
915
786
222
-938
627
200
-837
-753
-694
163
-891
788
-425
-811
-706
-617
209
-805
359
78
-460
55
-527
-430
117
813
932
705
991
-604
-482
440
-396
-578
-207
107
258
-964
609
557
207
-819
-388
800
364
330
89
-746
922
-481
415
-551
494
-981
114
-274
588
-753
-624
483
451
284
-25
97
309
248
92
-646
279
572
-898
578
-41
257
-422
-471
309
-724
558
-515
307
612
-35
224
881
744
-857
651
-855
216
239
-718
-188
809
659
-675
624
485
886
508
-238
-402
769
569
594
851
-242
-106
-644
-815
774
701
263
-857
680
-290
517
-232
-994
-118
-566
710
-309
242
-668
859
619
273
885
-330
85
-309
372
590
-964
-308
736
247
722
-352
-432
5
-347
377
-713
-541
-657
400
688
335
-97
621
-872
281
602
570
320
500
580
447
-794
455
-567
858
-323
419
-481
892
679
-395
985
-50
-202
-557
-428
83
-917
-941
281
467
-711
343
-335
981
-78
111
9
524
573
760
-397
-712
376
67
872
476
231
875
530
-744
284
-664
-974
737
-470
-726
922
939
912
935
-670
602
-301
161
545
762
947
-877
-450
-849
-852
529
71
490
878
-952
187
252
-381
-950
452
-367
439
-279
228
-332
675
-483
55
303
-613
-677
579
-277
771
385
-515
105
-68
170
-353
416
830
418
461
-522
659
227
264
-647
496
910
978
943
210
167
-960
93
327
142
-589
254
-152
774
645
-543
773
232
-697
-337
-446
-307
194
-147
583
-128
-217
-258
-731
502
-636
-874
280
-196
328
643
-191
826
-167
812
-756
669
-754
176
-428
-275
-270
-720
901
219
-655
659
629
134
988
-136
141
307
20
-787
-834
426
-303
625
589
-722
330
-777
344
855
992
639
616
-936
-466
-642
-752
290
-687
-242
-812
124
-36
682
519
-857
233
852
-282
649
25
-279
-602
-959
-327
-11
-771
-260
-756
-482
267
-89
132
760
-96
90
150
380
-139
341
-36
229
-913
-72
237
-197
607
883
776
-789
938
-442
739
-174
24
80
221
-715
-512
-386
-870
923
-38
-140
121
999
517
58
779
-844
697
451
-428
583
-215
22
-953
676
-384
-102
-14
79
6
-846
309
69
-892
953
-73
538
-249
152
-598
-889
-766
-727
431
-114
111
-515
-238
452
-325
-409
356
381
-576
612
980
492
698
-915
467
-873
784
103
-569
705
-195
677
870
-554
-684
503
-413
226
-835
-758
416
-476
68
600
469
-173
-993
576
-819
-173
42
622
251
-188
803
901
178
690
-368
638
585
288
14
591
-710
-386
524
-673
-392
-805
-233
-462
816
-203
915
507
-747
-504
-150
246
440
-787
533
683
-351
-969
245
200
-363
932
174
-148
-733
-564
779
212
533
-405
-680
-889
-66
116
-681
982
503
503
-169
350
-847
-484
294
755
897
-454
437
-606
-25
-709
585
-754
80
453
724
457
456
82
-273
-541
-325
874
-984
589
594
526
413
-288
-976
380
-352
-562
320
420
-773
696
-236
523
654
-329
-618
782
670
80
457
-931
722
-173
-492
358
-335
-661
892
-207
698
967
500
-712
-117
-108
-511
279
803
938
-746
-355
-237
879
-128
818
-812
-522
983
824
-548
650
-814
-673
741
-156
82
91
-200
-114
-587
180
-716
-171
521
394
-769
-583
-968
-95
364
-813
587
-811
89
627
-393
590
272
421
809
-411
-802
-151
971
-889
-941
125
47
360
-566
354
-488
-514
-428
-962
-918
790
729
-384
518
-872
676
802
548
150
-997
277
-958
-576
957
510
476
-200
-100
746
136
-580
902
735
-277
-550
-606
-16
-663
-383
-747
-997
-472
358
205
-39
-636
-234
-931
-584
740
728
-24
859
427
-392
-233
110
426
732
761
518
581
-769
-417
-620
-743
426
174
-85
-228
159
146
66
675
161
646
542
506
166
746
-35
60
-882
-773
-25
-486
379
-83
-379
-122
206
-913
-110
491
-450
336
316
