512
-948
-679
-860
-709
-675
907
-943
-579
-486
-427
741
-429
-642
267
229
-769
290
-186
91
-490
-443
113
660
474
808
794
-903
943
170
-537
763
-845
-260
491
-250
819
-843
-305
-318
-819
785
-443
-421
56
688
121
168
304
476
356
114
-719
278
753
-112
613
423
838
-31
72
-957
274
-676
-419
-83
-326
80
726
833
306
874
671
755
-42
552
313
43
-552
288
-977
-687
-786
-609
-59
447
-739
998
211
268
-830
-747
-295
-580
-603
-837
-371
-848
-190
-580
672
891
-258
-581
-278
-243
-6
-655
786
424
990
998
846
-933
-611
-350
945
474
580
245
-666
207
291
-191
-230
452
-884
562
-721
-466
66
335
266
-118
433
700
-111
816
-87
-884
198
-173
-913
-665
815
-400
-580
780
880
397
-107
-483
810
-211
199
423
-911
504
893
-911
934
747
718
950
406
933
-744
-673
-283
-262
848
-970
-990
53
86
941
-909
-806
505
-299
-743
-802
-979
-825
-88
-233
-887
28
-3
133
629
858
-169
648
-256
622
-606
-909
72
-81
-178
230
479
153
606
487
-110
566
584
-512
868
-297
-979
166
-805
527
-855
314
152
-312
621
-14
836
-824
-355
-165
-328
449
-528
715
575
145
321
554
363
356
-346
-572
-533
-941
-85
581
971
-591
533
906
-817
-600
-705
-567
-374
-705
-812
189
-881
42
13
-716
604
-859
343
-398
-209
353
293
966
839
-528
200
399
-22
-434
-180
-424
850
-680
261
733
896
-864
-629
-602
873
-191
658
-224
911
-535
-100
862
817
-268
671
-810
-569
566
-858
-182
517
-971
719
-449
-830
-709
446
844
-803
-5
66
-410
349
889
385
-847
355
225
930
-837
66
316
-669
-227
-910
-123
339
-945
778
726
220
-447
-4
-240
-440
-599
-824
490
69
-491
569
-659
745
813
-325
469
-906
-126
188
745
286
-901
385
-787
314
164
855
112
695
-101
325
102
125
691
-738
-278
460
748
701
137
-180
-664
-789
677
-58
-159
478
-849
70
-425
-604
892
-275
-7
988
714
-993
-297
265
-970
-3
419
279
155
-857
-737
-890
-708
-662
499
-300
-291
-810
-410
807
-770
-344
-769
-443
-965
-72
-208
-417
-840
298
-490
-273
213
625
915
-345
-50
390
869
42
340
939
-642
690
97
-834
-332
248
-587
407
-357
840
515
561
733
449
-525
101
-934
873
65
926
982
-869
-958
50
-955
42
-576
998
519
318
491
-416
218
-708
607
-331
392
111
-345
-196
-775
198
-851
145
-565
205
284
459
77
-601
726
-139
-590
-957
273
54
434
-111
-773
-375
-427
671
802
-808
-214
-852
550
-672
15
-164
718
990
869
968
883
548
95
-887
453
121
904
-485
393
177
-589
-435
-417
-90
-104
-856
-491
-509
-576
-759
605
-446
352
-415
-892
-12
-933
-107
-750
981
-909
-992
841
218
639
84
754
-651
365
405
-267
935
294
699
-688
48
573
642
-120
113
497
-754
-352
589
432
-698
-972
-462
-783
-685
732
-766
11
730
319
-279
-596
-573
-796
-917
-929
-330
-258
565
-912
310
14
-233
602
-102
541
-562
-918
-561
162
-748
748
3
-588
-336
-6
190
522
-539
-972
856
6
906
677
652
-717
862
761
-22
-714
-941
-625
94
508
-124
25
-171
701
384
-240
-898
-798
-296
-5
-297
-457
763
157
739
17
305
933
-916
659
-208
-272
-602
-978
413
457
677
-838
829
500
-784
338
412
-836
961
-92
793
-962
-766
14
589
39
-828
52
154
52
488
705
-522
-575
-959
-477
147
-73
-811
-47
-370
461
-198
-91
-335
604
393
-163
-516
-68
-758
668
506
132
948
765
-191
-208
948
-454
800
619
-428
219
-338
164
133
-1
-561
-620
540
712
197
84
-483
-321
858
-863
317
377
-132
366
7
-681
506
80
-852
985
-250
-586
808
826
-472
719
-759
-370
-151
340
-508
-953
-498
-614
210
-382
951
958
374
532
958
-140
-812
-670
-146
986
206
413
278
-683
115
254
-23
957
922
-335
-889
678
291
-592
-650
-227
-89
277
888
432
-178
780
223
93
325
799
900
436
809
-550
-396
-940
129
-866
372
274
568
595
-491
461
-973
65
58
-325
-887
-949
129
-784
-347
-103
161
23
-492
966
795
94
-302
-811
-100
-815
-215
-159
876
683
54
-347
53
-919
-27
-655
130
922
-267
-814
272
492
-71
-382
686
-55
-856
-547
663
698
-418
448
-375
-468
-865
85
-397
872
-258
-884
-405
752
-935
-681
159
296
-764
838
-530
282
-171
751
637
-568
162
811
48
557
-17
98
210
-790
140
384
-917
-833
-747
575
555
530
198
-486
-639
322
565
330
831
-130
392
-996
261
954
847
130
-860
249
13
971
-236
845
-951
90
717
132
-650
617
-185
102
618
6
465
566
-220
282
662
764
-275
-102
-671
-659
255
-980
-867
-764
738
-324
703
156
69
-389
881
-912
-162
935
741
-45
117
-210
259
431
336
182
-63
102
772
-433
367
-734
-336
-747
-375
-173
-729
748
917
301
-758
-492
-244
54
654
430
259
872
-23
94
406
-624
-351
328
671
70
277
724
192
-389
670
719
-603
493
-918
454
61
-93
-94
-119
-403
821
-502
114
771
-703
556
184
991
-903
204
778
798
-567
738
-272
236
76
811
-699
-859
446
-45
-254
-906
-628
193
-186
125
638
-669
265
-348
507
-903
-266
-494
-449
377
710
817
-35
-460
74
182
259
-723
723
-192
-763
173
-952
368
560
-896
516
641
21
-984
923
-248
477
94
753
960
-256
954
-11
681
-584
-943
606
-906
376
573
182
-632
-538
-281
417
-41
739
-874
382
-242
232
476
-223
-788
-854
-57
59
611
-909
-19
-82
60
-547
-160
-794
-763
153
329
692
640
-924
-623
-36
779
685
983
508
880
-594
-977
-433
-943
-471
-794
-72
949
471
7
312
146
859
293
674
-548
-950
67
420
-639
820
-754
-187
139
-776
-664
719
-893
-204
302
510
-862
-291
503
-971
-684
229
-110
56
205
516
538
-147
-611
-290
-222
477
-329
215
162
-493
-677
979
431
-894
987
479
-617
941
574
352
-690
470
-151
-327
-417
-280
-769
-311
262
-622
729
81
-366
274
401
-568
528
-538
966
506
466
-657
-147
-746
-957
806
677
729
-328
186
217
491
724
38
590
-17
-494
-960
272
89
-239
302
-201
-473
-872
-936
-60
-685
-931
830
212
-109
-257
982
-335
-122
-517
-706
-471
-205
143
159
445
-249
-286
602
956
-763
194
-978
266
-190
-669
-800
284
431
150
-511
94
-82
993
263
-153
-168
-642
-936
-153
675
-84
262
-39
98
492
-669
955
209
-573
620
-817
152
-97
60
668
656
769
-293
-791
569
726
386
-878
646
116
501
-835
349
-190
714
81
-307
761
548
-690
-918
-277
-326
-757
886
79
-378
424
-522
-838
-859
-182
91
-468
-256
705
191
-895
-871
624
84
44
48
973
776
-49
-688
822
600
-555
753
-341
-61
-460
-835
-383
-427
-14
53
80
662
901
-606
-328
-241
428
-524
-333
67
-439
90
217
824
513
584
-520
-841
541
-676
429
-388
-885
-353
89
-360
871
-943
-350
383
387
-671
780
-252
644
-756
758
145
310
-983
-406
356
-532
911
784
-944
-758
965
444
449
-835
-655
27
-130
957
-869
612
600
239
-642
715
699
862
-684
-885
264
3
892
-309
837
-563
-921
-879
-735
194
-160
-989
190
-120
595
-994
683
-942
175
214
2
-205
546
-809
-128
-959
206
-29
-125
559
-220
-237
15
466
-713
-617
-174
-152
-433
736
-355
-299
217
40
-968
-79
-171
878
-946
-514
-203
617
129
649
418
-8
-454
12
110
-482
879
-223
827
488
-269
-863
205
-434
626
835
466
644
35
99
-660
961
-679
492
-42
332
-894
55
54
-733
967
-785
894
-592
-683
-527
-585
-767
-995
-861
195
543
97
-990
363
-198
886
100
668
587
526
-13
-841
882
-179
-113
-422
437
455
787
-225
-922
-986
-6
-824
622
492
786
-21
338
892
27
-234
-291
-493
957
-896
-972
-760
-877
207
805
203
877
692
942
-455
522
973
321
984
798
42
-314
-703
996
288
-37
-269
228
508
-914
-970
-534
703
-810
419
-854
-117
250
578
-679
-900
-378
54
411
-417
668
-12
981
-228
232
680
299
143
-736
-470
-801
-920
906
-452
-344
-787
-374
-80
-814
241
-181
-450
-703
197
887
-480
-905
481
192
-80
522
-387
961
717
-539
-930
-827
-512
-144
315
-713
932
-50
-653
965
338
-634
138
773
158
457
20
-344
246
-548
250
-860
-794
-792
561
-835
674
-245
244
967
-46
789
152
-759
376
-128
966
583
694
844
399
-635
-866
612
-317
-740
180
-241
487
-422
877
-403
-430
-401
544
400
890
-782
217
-603
788
914
-139
-532
-98
301
-491
657
-435
-110
662
695
742
923
368
773
-81
270
-294
902
-920
-629
544
919
161
834
-390
-904
331
381
949
672
-76
-489
371
980
-963
-179
-567
-162
233
819
-776
546
-781
474
-207
414
96
865
838
-15
-860
-864
603
-988
503
19
215
-852
218
-123
-78
-50
744
-38
613
675
813
-513
-647
337
353
873
274
627
599
-238
-262
103
-168
-633
-902
798
-282
327
-994
284
60
674
159
545
123
567
30
-519
-845
-339
-678
683
-127
519
652
-952
-148
653
-361
492
-950
-36
202
660
-839
-353
-348
-724
560
754
732
-600
450
-375
-230
370
-88
-343
994
583
1
-602
847
649
-632
-893
-501
-598
-915
677
-749
640
-358
895
-960
-606
32
912
-736
-689
-699
338
567
-926
428
656
133
-356
199
475
50
-99
349
904
-967
926
639
-314
700
407
933
-515
515
888
-285
539
-209
-666
-648
-715
106
472
536
821
417
-455
199
-839
-412
838
-263
731
-669
803
484
-532
-198
-409
509
-379
-471
-425
603
-184
-313
665
498
-765
-322
-883
-979
-219
-487
1
629
464
985
-728
17
-528
380
-61
555
936
40
-610
291
657
742
585
500
-922
-320
-325
-995
735
224
933
-49
422
839
524
-927
-363
-845
705
-936
-641
181
-871
-592
91
24
971
474
439
-670
98
-212
-93
-411
-93
67
-105
329
-869
-859
41
-442
-617
-399
-846
-505
-883
-425
-650
592
2
452
-281
585
15
-407
-179
-751
-715
-856
68
-11
-771
825
-239
852
-632
437
28
-479
-648
-145
-17
-683
-295
-702
56
773
986
93
-247
-860
-1
-728
-305
-369
-27
-578
9
-665
-679
127
811
-85
-129
489
-21
206
-710
-418
367
12
-263
-964
345
399
774
-944
388
-286
128
-531
129
128
-857
-949
-70
-936
-618
-164
-750
698
-667
726
-211
-249
-813
-317
845
-527
318
-649
-868
321
-417
-253
179
-952
-522
-515
320
375
408
929
582
-566
-859
301
-138
457
337
938
-232
-923
153
741
486
-804
-696
-600
908
-619
852
391
601
457
571
-425
-195
-864
-74
-677
992
-218
577
624
563
-875
122
640
110
449
95
-821
-421
998
937
540
-630
-97
147
-498
-74
680
471
-316
-772
-697
813
-194
-333
-141
51
-686
-881
-704
756
-941
309
-877
-729
-760
-289
924
-176
-864
-334
577
-632
48
127
-928
-817
102
-649
811
-793
986
-345
10
378
31
137
993
150
84
695
-927
-887
-49
448
-474
-268
-76
-337
240
519
-833
724
513
857
-511
-403
-588
-429
-791
-445
-171
580
530
-589
-290
-964
-529
-506
-211
-57
-959
823
603
872
416
-153
980
-587
-553
-906
-583
-876
801
-653
881
190
619
-882
-674
-338
-350
395
997
269
768
-21
356
-74
631
-911
980
455
-518
186
-355
-30
597
-599
584
941
-19
416
476
-185
-922
245
-817
625
583
-666
828
-882
-631
-360
828
988
248
-341
984
559
-123
447
-35
407
939
307
398
-518
161
-155
496
-920
815
-247
838
591
-214
775
236
-787
285
-241
112
-483
331
-634
46
773
863
788
-672
402
364
-440
19
103
-912
-315
-187
488
-866
166
-796
214
467
151
774
-509
709
173
409
236
-651
-869
518
213
-308
-196
440
580
-533
90
-682
252
-140
22
456
53
223
268
-184
580
-831
-386
-271
140
211
719
474
763
683
234
372
190
516
-817
-726
922
914
-412
-713
416
-25
58
-993
854
-160
-228
342
423
828
-314
-537
-299
-643
-373
-885
602
-620
764
-947
450
5
883
-464
-653
-499
558
-264
-885
920
-774
340
550
482
-755
851
417
119
-644
537
762
842
-396
755
88
32
470
8
620
73
543
503
-292
-260
758
977
193
733
778
735
-79
-145
761
-492
595
-459
689
417
483
540
262
-739
580
261
960
-697
859
24
460
180
507
-598
113
-644
199
629
254
-143
424
-325
599
311
-288
8
-241
-693
-994
-528
-982
-121
42
882
-810
-670
412
-820
-266
201
701
99
-996
-551
-185
505
-312
-908
-335
635
-206
-574
-268
792
-243
352
869
224
606
462
-452
364
-950
-716
867
-654
-930
-646
174
962
747
955
786
-347
-638
135
-464
189
-810
910
-204
582
-340
757
925
-115
866
-626
-865
-977
-552
-175
416
-436
828
600
225
-36
-866
-498
240
623
-474
73
651
-641
-810
-898
876
-888
-451
789
282
-268
-266
-187
-743
-152
481
-908
-315
-769
241
999
-572
310
-744
-918
-534
-324
-936
-101
901
-977
-458
-595
529
-946
598
469
957
-938
-810
934
495
-992
-96
271
-767
582
-781
714
-439
861
-242
178
98
-166
-24
-779
-679
328
-472
464
-761
43
401
-564
-230
-173
-449
575
224
536
941
-273
462
-486
151
125
52
520
812
-771
397
828
161
238
-673
402
-847
888
-923
348
-328
-607
-301
656
949
789
150
-445
-107
477
86
-587
-333
-169
135
464
-462
682
-150
119
-901
-815
162
-402
753
-174
881
256
-47
-406
-864
457
133
409
737
913
922
-429
154
-23
-847
736
-173
-56
-322
-533
395
-931
202
-181
-275
298
-27
-390
76
450
391
-640
25
177
491
762
557
-285
994
216
517
138
-758
-832
593
93
-360
595
645
-64
-705
311
357
-159
915
-828
753
588
580
827
-770
546
662
46
-724
374
902
986
192
485
795
281
13
-531
230
966
-792
901
-670
127
-829
-419
-366
760
-485
-591
-570
-427
119
261
-82
-16
143
-45
-753
-437
-438
-333
-318
-494
-281
-694
-137
-528
-858
185
-667
635
-515
-888
695
558
-302
45
-994
705
642
-133
-49
-229
931
-839
38
45
-863
-626
-605
-122
464
-91
-868
-408
-861
-209
896
-962
103
593
-350
-629
443
865
5
-901
-143
365
854
-961
-36
-151
723
291
462
171
-260
-523
755
477
481
-257
-342
-682
968
800
-937
747
298
884
-41
249
-665
-668
444
-682
565
628
344
772
420
-691
534
-314
290
780
522
-833
878
744
789
725
214
199
119
-898
-295
222
-979
-769
-764
-265
-23
-137
-673
483
-936
681
199
113
129
-346
-601
-125
670
537
1000
71
-621
-943
-182
-961
-885
-82
-284
-559
-827
-817
417
865
-999
-723
997
-489
443
-352
-920
-127
766
795
892
89
107
284
877
22
685
-865
282
-951
240
421
-919
286
252
-778
470
-441
868
-561
65
123
-312
-250
-385
-665
224
-440
-49
539
203
148
-871
-672
-631
-376
692
783
476
509
-162
456
-267
208
117
699
-41
807
589
-18
-694
-154
-591
928
-79
-990
-90
437
481
436
137
-513
-259
-793
-45
-535
-60
683
199
-962
-603
552
-957
-261
-381
409
-397
-387
-11
419
-834
-517
-18
100
56
779
843
39
-745
914
8
-75
178
-6
419
-898
-288
344
-815
-625
795
121
-118
557
-172
-955
-166
536
-669
-115
-232
334
-706
-693
-836
174
-587
-338
-482
790
293
709
-812
-255
431
-128
-889
-296
-833
-205
-812
739
-611
363
236
498
-455
707
988
301
-181
-10
477
-748
923
639
-49
121
-105
84
-997
-961
-835
907
-239
172
-213
-641
245
-36
-662
115
-891
969
312
-308
957
-843
198
312
847
785
-252
810
-641
563
844
323
-265
575
36
657
-126
-452
-185
343
351
543
815
-768
827
-123
355
-138
45
-975
-499
-272
679
335
-557
385
-604
8
904
125
-439
664
-361
917
967
-151
522
-653
-670
-496
227
-351
686
-361
783
304
-639
-435
-749
-739
27
753
-662
-494
-148
-762
169
-122
-776
-991
937
5
-18
-331
163
84
-201
406
-766
-821
-896
-382
-145
164
-652
-794
-636
471
74
14
126
-874
-286
765
-886
-886
947
735
515
-180
-418
535
-824
357
-704
-960
353
-82
-861
559
118
-196
480
-954
782
-156
-884
681
428
-392
-746
-195
-334
-363
-447
188
354
296
-506
-445
915
-336
-668
-211
281
703
469
-394
14
-870
676
462
817
-679
112
644
939
-634
-180
830
947
-668
240
-497
396
392
319
-710
-676
-785
993
364
697
-653
-438
-630
-628
781
-818
957
802
949
0
667
-529
179
92
29
-276
111
143
382
680
-943
-610
-185
-293
-572
-664
-942
851
603
654
-439
805
-606
-448
921
-326
-179
115
121
870
-772
-198
945
-354
875
796
-336
-975
797
-636
460
291
484
57
741
-257
421
-813
565
-456
741
110
-164
-804
-383
604
63
-575
-463
-877
-833
39
-178
603
-975
599
-474
-15
288
-250
-669
289
-889
-206
-288
650
945
-712
388
-339
-715
774
-166
752
898
-80
-154
-763
73
-284
676
-953
79
289
381
25
-174
148
-980
458
480
-261
405
982
-141
-110
661
-207
-785
271
34
-475
-582
828
-342
-861
954
-695
-63
-634
-281
-372
167
327
572
-324
-812
-422
809
-673
-646
635
911
333
87
148
-977
520
357
-839
597
65
-745
-686
-401
-739
149
-74
-734
958
920
266
-395
-600
-149
770
499
897
445
422
-840
-593
217
581
285
970
631
-3
-711
-372
189
945
182
-930
173
-289
-488
-883
830
190
997
957
-584
-233
-419
426
-212
374
102
-720
122
899
679
-850
570
492
178
204
465
281
265
-846
-768
312
-10
88
-218
-823
-543
-911
508
-55
915
-133
-344
-121
-677
873
-414
638
-926
982
-845
-90
-664
884
-449
-2
694
336
197
-830
-952
127
465
319
640
-138
-774
-375
578
-433
923
-823
287
-578
-366
116
640
-548
-999
-435
342
-952
-334
500
-538
-755
386
336
-102
438
-192
-484
-410
305
-307
-438
-788
422
-409
-681
-399
405
663
391
400
865
-903
125
-151
-540
313
-591
1
-750
-154
-484
-507
-368
-154
909
502
-97
499
-935
712
-847
-407
508
-543
578
-803
-386
-405
-764
149
-560
158
-682
789
662
315
547
635
100
644
-901
-798
-293
321
443
-844
-842
795
-960
198
70
250
-855
42
124
653
-984
979
479
763
178
-456
572
83
944
183
-85
-500
-809
915
-381
-944
-904
-863
327
115
793
-650
-958
587
-696
605
825
-344
403
-471
-813
-549
653
-639
948
-958
-924
629
-500
-931
311
472
598
631
467
-480
-800
-28
485
773
180
-477
914
-837
-933
-380
809
321
-265
-411
306
-456
342
-942
-776
-780
379
95
-403
259
38
-461
130
-612
-77
-238
500
951
-556
-912
-757
781
74
668
476
-162
3
559
-762
212
-911
197
24
-841
819
737
-826
779
-467
182
-594
908
109
234
323
-730
835
-105
-660
697
-492
-980
-302
671
-312
-817
-420
16
-49
-233
932
-946
-214
164
234
580
-79
-924
-224
-513
-11
-888
-366
-760
832
-822
98
742
307
724
971
576
974
539
-540
549
767
293
-83
424
-899
450
924
93
-664
-667
-485
-888
-836
32
-374
-835
-165
969
444
424
580
-142
-631
530
247
763
607
-924
-777
50
242
-132
-397
-974
-530
-230
-614
-631
282
-337
601
-553
-256
-121
-586
299
-371
140
386
-880
-787
923
991
661
529
-884
592
-891
925
197
-476
818
866
-235
-388
-427
-184
-241
483
-980
823
936
910
660
-532
510
-229
781
-94
-485
35
-764
-534
811
-948
-462
-905
-589
87
-420
239
851
375
-444
-302
176
116
-537
-322
212
511
-402
-203
-271
798
622
66
-759
572
46
-825
438
28
372
-218
561
255
606
-375
-520
-710
-848
-608
-365
459
-382
-250
971
970
662
594
408
-712
897
-915
122
17
-661
-318
-339
818
794
526
-694
-618
268
-784
-862
44
-499
934
-573
798
-771
-307
185
850
460
957
103
961
-306
399
539
-832
197
336
566
71
-721
-962
202
821
-598
302
-286
-723
950
36
-549
347
-192
-312
297
356
-809
254
328
-719
609
900
212
718
709
840
46
-667
764
-46
-427
-228
-767
135
-405
-291
265
742
-96
-745
-131
957
-451
826
452
-679
-618
767
-311
129
-173
-552
654
-159
908
508
440
770
747
-116
552
935
810
-440
764
-723
-909
-277
-341
-64
745
225
26
-294
86
-334
-951
411
878
229
647
764
-73
-94
-469
177
-48
990
114
-751
-59
-165
623
756
413
626
-907
-342
196
260
179
196
101
-715
943
540
-941
864
21
849
-855
129
335
-95
583
689
-265
-888
798
-55
-285
232
539
237
240
116
-939
121
550
-847
-849
-197
697
215
608
6
859
-493
-730
813
-692
-995
683
843
-826
252
181
633
-430
-708
-539
878
-610
-168
51
-801
-802
411
257
741
32
-770
-153
62
-665
270
513
-803
0
-203
-926
973
-149
-187
-867
-589
376
-410
45
641
796
-897
-915
-412
-546
-615
159
53
861
926
926
-526
-983
396
583
-456
196
368
371
-399
610
376
496
484
805
59
-109
-93
199
315
755
-582
-460
-830
-608
-724
862
-468
49
739
-475
998
-671
319
490
103
-760
-662
-245
280
127
-515
-595
504
-467
868
-733
-739
639
562
159
-657
-727
724
-969
944
-832
723
60
561
-591
555
493
-766
869
-519
-269
-816
-555
779
359
104
-603
-53
-107
-922
52
-880
-907
215
-966
909
-705
66
986
190
939
-506
-377
-313
-361
426
318
-534
-855
-309
960
313
929
-132
-878
-914
708
-394
359
-416
228
88
-580
-674
-439
-462
993
813
-52
699
-792
-341
-576
-932
-99
-187
-421
-540
587
337
-829
-226
-858
291
-570
308
-403
-425
786
504
-179
-927
931
6
-40
-645
-672
804
-320
613
268
-666
-168
-448
913
182
149
-141
982
-550
-251
-735
-873
662
931
-926
464
-188
-675
711
220
451
-730
-884
-301
835
-762
-832
247
102
-232
-843
216
-160
-546
-176
574
573
475
-219
-297
-161
957
-262
359
-329
881
833
414
-74
369
627
-254
-272
67
-578
-799
229
-917
433
474
-252
840
-600
312
20
848
553
740
820
610
691
-169
-605
851
5
606
27
-801
-373
-783
202
-35
-170
108
965
401
382
175
-532
87
-242
-559
-918
281
-788
762
380
584
865
-401
-177
-549
-557
608
139
21
-855
753
142
5
-31
-13
724
-53
-416
-381
242
315
660
-944
-376
-936
-329
-548
83
-12
878
-457
516
-439
165
480
480
-928
-15
-151
721
-122
598
132
739
15
652
-922
414
361
920
714
109
437
379
-400
-192
899
-560
-880
90
127
468
-223
308
-753
-61
-133
-971
-697
-214
-715
-379
-571
-80
751
-83
-893
-456
-380
-772
-395
-4
272
651
152
217
-534
-399
-457
-357
132
-470
-862
-780
-179
-372
137
-167
892
-529
-352
-311
375
-654
-839
-871
762
86
-462
752
-513
-996
-111
993
40
17
-521
981
351
-870
88
580
280
111
-537
-514
-22
-460
154
560
438
758
676
403
-173
-662
812
158
382
378
-750
-361
948
-695
754
646
-279
-759
-745
211
864
660
874
-687
482
-878
636
888
833
-678
629
-494
632
839
516
-29
31
346
693
235
-253
-181
-161
-666
976
-57
135
137
-65
67
160
158
493
-182
445
787
-587
650
-351
-66
-685
-570
-41
-390
-751
603
601
-566
-127
-521
235
154
-355
-459
-277
858
-743
246
392
-954
960
828
-413
323
-548
796
-555
-664
-777
226
458
78
-524
971
-466
958
80
887
-801
-304
-205
-817
-789
-211
-487
199
186
981
-713
576
527
-236
-217
247
693
722
-616
-158
6
288
-662
618
754
111
344
-22
10
-591
-446
482
410
-762
-773
-214
822
-825
783
420
-477
-97
719
813
-618
440
944
398
-254
-63
815
-161
-143
846
-20
834
786
-552
499
-448
-389
389
-697
-994
-185
-58
933
635
-970
-933
-985
233
719
448
-305
-920
362
-90
-94
-878
537
-118
-290
-596
-715
371
-659
41
316
-692
-287
-989
-533
-721
550
-356
957
-910
-479
-983
-905
153
-378
-891
778
-246
-683
-774
679
298
652
736
847
242
-772
-266
-991
-464
932
921
-363
117
-462
-871
972
-819
-459
320
685
-756
-37
570
786
869
-291
-828
942
920
-771
-351
126
-632
-180
638
453
-135
-113
-916
-861
-690
789
-948
-387
-986
296
401
162
-715
600
67
-907
-357
946
-974
590
767
-717
820
-345
912
634
659
-507
988
624
-476
-817
706
-837
-782
-724
-91
-252
402
-893
724
-554
703
803
-277
-31
722
128
-314
-643
112
-303
241
-975
181
-33
669
889
-159
952
452
-255
-471
-836
43
-928
601
793
931
254
384
993
53
-965
672
936
802
411
-193
542
-703
-635
-549
-351
932
-138
-363
359
-94
-671
651
519
-510
-431
-716
-438
-720
712
-221
-394
-105
678
596
663
-678
978
-206
566
-833
-286
528
419
461
-254
-934
439
709
454
-927
898
992
-465
312
270
343
293
-203
861
769
800
-45
901
-474
-72
-654
684
-338
-608
-440
159
355
-738
-828
48
536
260
339
928
439
-860
432
814
879
-286
948
871
-264
469
598
306
777
515
-21
-322
766
-845
743
-283
-122
787
-684
-399
-636
972
513
-533
-592
716
-236
-493
226
-651
-584
949
975
877
271
-832
-270
547
-434
-920
53
-788
297
364
85
-712
-440
26
90
-919
78
-29
-362
734
-265
367
-25
-488
960
-489
988
589
733
90
201
-882
-750
-121
214
-710
-728
455
957
-453
-17
689
-792
-110
-419
-293
-394
-651
374
445
-157
13
-101
-6
-194
10
-964
204
177
453
-626
167
422
144
453
-526
287
83
547
319
413
-745
78
181
-664
289
-71
614
-437
418
-392
458
-747
-292
845
-812
-312
-981
534
-132
-55
-908
538
-448
388
116
712
578
-34
-568
112
-426
-326
-525
-670
-171
17
691
-915
-558
697
-499
121
-788
966
407
278
-904
680
-874
392
4
-776
-627
491
-328
959
-815
-437
792
-361
-846
-320
-190
-349
-535
248
351
-595
-191
-643
964
543
-958
-803
-215
599
443
-142
-657
-845
-414
45
-583
-623
611
284
-276
826
-419
471
932
984
-576
-25
-729
-28
996
670
-595
-839
448
-298
850
-15
249
-423
-977
803
151
-517
-230
-69
-727
-336
-354
418
-451
-34
259
-481
-298
-642
-94
725
825
-626
-764
-629
927
-593
-589
527
510
525
665
582
605
-779
928
-495
-767
-567
72
-196
868
-472
-409
-973
-650
993
427
-423
563
-71
563
976
-64
324
-661
907
-574
-794
767
-523
621
430
-457
-330
983
-182
937
-495
772
522
-318
-362
-249
-927
-271
702
507
222
299
893
-223
-573
388
650
598
158
-923
761
186
665
-112
379
-824
479
264
476
-618
-125
-977
691
-741
-133
-672
-933
-953
-456
-934
351
-16
358
647
891
126
499
-361
-127
-853
831
-832
-824
-632
-778
418
963
3
617
459
-6
63
-335
-510
-826
-977
444
816
640
-415
541
-314
-520
497
-930
463
-458
339
-282
-343
833
-668
-91
198
546
-341
465
-949
-213
-326
-373
-911
-995
-934
77
223
155
34
720
-609
-739
671
810
487
492
-186
-995
579
-450
-218
662
-959
-841
-139
936
-450
509
633
-160
514
350
-572
133
979
291
-638
891
-691
-88
529
-394
346
167
229
299
-620
230
-706
-618
-937
-187
247
-124
-419
866
308
-945
529
-220
197
-666
937
-63
-368
-656
-93
-802
-948
-376
-635
-910
581
610
-52
-911
201
660
708
-907
891
12
-636
-605
-118
-169
-187
-185
763
-439
-684
-809
-95
-778
846
-697
-246
405
455
-678
82
-876
307
-872
-849
648
398
-139
-24
-997
202
-604
68
926
-218
-792
-16
988
782
976
928
-512
-774
-979
491
-524
-584
664
625
-490
-924
-372
-657
420
-164
-275
320
714
-196
633
857
573
-149
-274
63
-714
-306
222
-279
406
103
867
-797
-550
360
-5
-770
2
792
757
910
-634
787
-654
511
-161
837
812
-803
-793
599
-24
110
-453
91
-323
-156
-290
-886
-186
-499
366
-899
228
555
-135
-333
-330
-234
-357
-770
-252
-374
450
882
-773
-842
90
-204
665
811
-878
538
730
-604
84
-571
-753
530
-803
-336
196
698
-255
-615
-551
351
540
169
52
-667
27
751
332
211
369
-850
-116
390
36
138
-600
-665
119
-519
-59
101
-493
-581
366
599
588
-901
-549
-410
737
-192
-452
548
633
-52
150
-929
-500
724
-899
859
141
-209
486
-264
-467
-520
-923
298
454
532
-572
172
184
179
5
-205
617
-518
855
-346
778
-694
802
75
-693
66
439
888
-753
411
801
846
142
-191
-327
-759
547
-195
47
910
-210
279
-657
-814
-918
-536
70
497
51
-893
-100
-821
699
611
-638
-895
-781
4
245
-602
384
764
-483
-417
48
903
-81
-726
-470
211
-74
682
-131
-368
579
251
689
746
-461
-455
-445
995
303
358
-796
-660
-460
-232
-861
-818
388
845
-326
-361
498
-805
926
-602
782
-49
-809
-316
-735
-21
-377
432
385
135
301
838
950
-461
-830
892
-517
352
-655
-14
-160
734
728
422
285
-448
-885
35
283
728
429
763
938
513
645
-864
-626
840
-306
632
175
20
-915
747
-440
-735
200
-161
-773
-827
430
187
664
240
901
374
-789
-198
379
-918
995
543
769
397
-446
-352
-603
-326
421
-490
-826
606
525
930
-473
-590
-676
-636
936
-402
70
-231
834
305
-904
-339
-98
-101
-414
366
430
733
504
344
-606
-758
-234
-219
-735
-313
-988
143
873
-866
838
-246
664
440
645
-204
-112
-481
406
-214
663
-454
-622
-250
306
-144
-941
-226
904
-163
-142
54
-240
89
392
-823
-982
-492
-176
-23
-984
301
164
202
-998
-265
-418
555
647
270
439
908
681
-416
-452
296
-288
-491
-693
464
-665
189
818
-109
344
706
-31
-201
-828
-677
-175
-536
-296
-395
-847
-110
-69
-544
660
-56
-644
341
-713
-594
623
67
440
-656
599
119
-819
-761
-83
-962
-901
828
-446
133
-528
92
-33
674
774
552
453
-559
-166
-80
-770
861
-667
999
-632
79
499
-185
889
-812
-453
-141
319
265
-107
-515
990
-650
384
264
219
-675
-632
-262
593
756
529
568
-818
-204
-834
814
191
-293
473
-302
-825
937
-390
-389
-140
-537
755
-986
30
123
-99
130
294
-570
-406
539
-58
-802
-457
-871
255
-147
867
-405
50
87
-885
484
854
95
323
639
-909
487
552
345
-541
-87
-144
298
-11
-953
924
162
-156
70
935
-928
-48
798
921
-990
-364
-856
316
-546
66
446
-627
-977
166
-14
22
68
-127
188
319
-666
132
119
158
14
-456
-794
-780
-127
-332
401
-571
263
-853
-686
-39
195
-276
-367
-946
624
-767
-984
-733
411
-399
924
-745
-62
968
705
502
249
-820
-210
-821
137
-44
-379
896
-776
67
-531
-790
-116
176
-661
-719
-336
-969
-556
411
-802
335
-838
770
-83
-302
-784
144
862
931
-909
405
925
727
427
-306
-635
-80
62
13
-842
-831
984
-688
-538
-378
615
488
736
-241
-627
-499
-203
-839
677
249
879
-165
-5
-75
89
-78
-697
-317
-589
-961
-830
-153
-387
556
671
-597
-637
135
-886
224
-602
-15
834
-867
-601
560
-985
41
-380
-969
-878
416
-600
-181
-162
991
628
-310
-983
-520
-313
387
-152
60
64
-436
-796
289
989
-801
-318
-72
-416
7
461
787
499
-861
33
742
4
-682
82
-528
-696
-628
490
377
-861
97
-889
-937
269
-659
-238
-541
636
-477
475
-296
693
-632
-499
42
-89
325
169
317
-591
-992
-447
-118
-203
49
619
20
-547
991
-847
-49
-568
669
-763
74
-611
303
-759
875
576
666
-612
-157
550
62
913
-993
928
378
-143
-135
14
742
272
-328
-657
-612
335
-183
437
-407
768
-413
-812
698
939
289
-719
-327
703
-646
252
-195
630
-111
820
856
-436
486
-288
194
274
-198
834
-390
25
580
-599
538
758
294
-595
194
838
625
476
-297
-481
-355
-300
-70
-188
-312
54
417
-706
-486
371
-152
-392
-88
-84
-799
907
-525
130
615
-619
131
660
-930
-371
273
716
-509
731
-814
-247
658
-529
901
-330
-313
-291
-310
64
-35
369
-662
416
-118
369
693
330
366
450
63
936
-563
928
-354
205
130
221
982
-840
-511
607
427
307
253
206
-564
-430
310
-217
251
383
619
-606
604
-793
-597
-902
364
-808
467
-884
-560
391
-983
-960
793
-982
-164
-683
952
-976
114
594
466
-710
-79
667
-516
-775
-817
831
-855
-430
-568
-481
-209
296
734
973
148
-973
-519
-701
-847
116
730
5
85
-465
121
-680
-467
373
332
65
103
-786
-999
257
-290
566
442
-110
-151
618
-757
-693
-410
-258
-131
724
477
-791
539
-148
277
676
717
-735
-363
-869
-466
599
-152
-827
-398
914
-667
-437
673
200
-338
-390
-109
-89
323
-300
-297
-180
-96
-903
-986
434
360
-497
326
-166
742
-697
-45
-945
-814
107
-736
848
820
886
-194
-618
772
-217
-409
111
39
585
947
-497
-975
32
143
440
329
249
877
932
272
229
-828
532
-922
-83
357
268
-280
-389
696
18
405
-579
-471
-100
311
-730
724
533
-645
485
770
684
-214
-846
-541
-904
-900
687
-979
687
-219
-387
-189
74
528
644
-741
892
585
-847
829
-863
794
-867
593
-760
-206
-383
-328
718
-893
-920
-796
-884
356
-444
273
-994
198
-252
658
-557
25
-432
481
-140
21
-599
868
-377
-460
-376
-978
491
818
-42
720
906
-841
-803
-31
350
223
-176
-763
-758
472
272
110
-857
-206
-488
-64
-675
-855
170
476
40
-943
552
730
903
-828
-752
53
-746
100
-639
440
-378
-308
-439
93
961
225
-896
-197
358
502
271
858
-551
192
218
552
-642
-981
-955
944
130
144
-623
-387
471
-187
359
483
-862
-43
321
359
-604
767
-712
-337
632
586
-68
-529
683
44
-294
-306
222
13
-329
-465
354
731
118
-988
910
239
71
415
-90
828
665
-439
602
-603
-317
-882
771
-764
975
-848
-752
-330
-466
-212
-507
878
-604
-169
-205
519
-147
126
538
445
349
712
-765
-702
-645
695
-544
391
458
-96
860
-351
-797
-519
775
991
125
982
204
978
-595
-476
796
545
-714
79
-496
637
825
-837
213
-645
769
340
346
-388
701
-193
953
760
757
-423
-879
-691
-358
-879
-594
706
513
585
-291
-341
564
-562
193
488
237
-447
-822
129
-596
-210
-178
924
574
625
-22
-635
-723
-360
-516
-862
271
-934
-379
-170
-14
-250
-94
-227
116
-920
142
306
619
-38
-512
628
-746
-130
793
-548
-853
-224
847
866
-459
-210
-19
975
416
-33
-851
31
641
-111
778
293
-952
-821
691
866
-41
-753
557
-84
-185
-147
48
25
717
702
208
-684
-16
927
747
638
830
724
-484
98
363
725
-8
-133
501
300
134
-832
216
-503
-55
879
642
434
-343
-513
-437
-912
-748
-11
-762
-64
-480
-833
-194
578
-148
-537
979
-273
416
-132
512
-868
-520
668
-857
-469
323
40
320
397
-768
775
448
996
-484
-146
162
283
789
-284
109
-795
-513
-197
624
-63
-576
74
323
940
-987
235
-495
-23
716
-244
127
242
-967
-349
-760
-51
-29
-452
23
-327
610
178
-561
357
927
-285
-406
-5
355
-635
455
731
97
535
-528
309
-961
99
-507
46
-138
-373
-415
394
-1
-760
747
543
39
433
852
-403
967
699
173
278
-1
643
129
-193
-362
-770
-21
-848
155
926
-695
-282
973
-783
-431
176
954
739
-174
658
-889
-14
696
41
-526
-92
-346
142
169
980
-711
380
-174
-518
941
-872
-135
178
498
-112
-471
969
-938
-26
462
-668
43
131
827
-192
513
804
-469
186
960
86
-587
263
-773
268
136
234
-605
-664
578
247
-896
-671
388
462
433
-999
-589
737
376
-508
321
426
329
-916
-565
584
462
973
-500
-806
691
91
563
751
543
406
-118
250
-321
-884
495
-641
56
-405
694
135
-640
673
251
-570
61
-786
-873
620
-982
265
267
-107
-742
-977
-626
890
865
-296
-644
81
-912
924
-967
-295
669
-376
-768
-449
734
-988
257
-256
580
-758
462
793
-468
77
-575
-554
664
320
603
-720
-288
-567
455
565
-44
-159
766
-516
660
696
-432
-449
573
-457
-366
-665
-483
-93
542
831
531
-674
432
356
-379
-602
512
312
972
-718
1000
-80
-109
52
158
-878
-681
423
343
915
77
933
748
889
-259
399
-857
769
-302
-106
870
-99
-778
578
-769
216
487
251
-944
87
-395
598
-79
239
-880
-699
760
907
156
-438
-641
-862
-641
198
-624
130
-440
-489
287
788
-724
518
-211
-896
611
-594
831
548
28
-463
-814
-962
269
639
949
353
