18
264
410
958
-620
687
688
31
542
568
-320
-64
54
-83
529
-410
641
-474
467
57
-662
735
398
-409
315
-590
667
545
-326
-803
-278
-557
533
76
306
109
400
47
-133
-803
-14
49
-885
777
-702
948
-894
119
689
352
-18
-383
284
-878
942
-570
-394
316
740
853
582
-867
373
562
598
-129
571
-566
957
-564
-612
900
98
103
-424
17
-956
274
806
-836
-100
110
-42
-242
-837
-34
-732
-225
-143
-623
416
-181
-532
-584
306
726
142
757
771
689
-255
871
107
355
238
-461
124
428
473
-637
45
244
43
-777
-210
512
472
-657
599
-946
214
-308
168
-315
-637
378
-988
92
-830
302
-780
-417
-836
-653
-830
88
-275
503
-937
938
947
-219
890
224
883
-304
-486
948
-948
-502
-540
222
-531
239
708
559
602
179
-873
253
-676
936
920
-79
585
434
-872
351
955
661
743
-880
-87
248
766
269
-780
586
-466
-558
456
72
866
27
-626
-980
-925
-318
-120
38
-304
-176
261
-192
945
640
119
428
122
-540
541
-721
-108
-94
115
-671
876
-859
-630
-659
446
393
-867
493
277
-727
805
708
-860
921
-997
-520
-363
-123
762
902
-984
-735
-707
-146
829
-954
-959
850
-761
-446
611
-759
-736
62
969
-890
-469
355
313
-553
273
164
10
232
373
-830
-131
421
453
641
871
-500
222
-825
237
-452
-171
-537
-415
830
450
291
447
-712
576
-537
-228
-318
680
-37
592
644
-196
619
-949
-693
-292
-562
-8
846
926
-391
337
919
-17
-539
866
948
388
552
650
-840
83
875
384
854
664
200
683
624
69
-280
457
74
-966
-757
94
-645
366
-257
-828
-927
825
492
77
-646
769
-485
-524
980
545
561
-47
113
-418
-829
570
-848
148
638
210
278
-51
15
-281
475
768
164
782
252
630
2
63
79
837
653
-728
111
154
218
-436
-162
403
-465
58
-83
-845
199
285
519
-310
218
-631
515
-18
-110
220
-265
-545
-155
797
-84
-412
-349
-614
838
386
-811
-510
398
164
-385
946
-678
-163
-477
-463
-397
-102
627
-795
464
0
-442
-203
663
885
715
353
-185
-982
-687
173
-55
614
-322
-914
-54
128
387
881
-726
657
311
-923
318
70
-522
60
-145
45
-579
-847
600
896
357
986
-568
742
-727
825
741
-849
-731
346
528
462
-835
572
-163
-334
914
299
836
194
-647
42
158
767
314
164
628
-979
276
47
-997
198
-600
944
682
78
422
265
-234
852
609
961
-361
134
-188
207
583
-736
-263
815
-126
-824
280
-949
460
-555
-17
283
329
-614
-706
565
-773
362
-970
411
-622
35
-847
-155
-372
238
266
73
180
4
-371
-750
750
350
443
-613
-103
475
317
394
639
-911
43
-441
-230
-308
-654
111
-605
-408
-274
-368
-563
416
906
386
838
257
-652
120
-623
-193
394
-304
-600
-873
-171
-963
964
768
-33
-872
972
284
-417
135
-99
805
-762
392
-248
-860
-872
452
-497
845
-928
-151
-266
886
-54
-723
-734
-622
-181
-996
-868
303
-660
-162
-368
-863
-471
-455
-186
-233
-700
363
761
454
-892
-610
733
215
-800
-600
-43
904
57
846
367
-92
892
-970
93
444
831
-809
-169
589
129
-252
-813
-44
-672
936
-970
-478
-840
-763
211
-741
-916
-138
802
-939
-184
131
308
-631
877
758
-97
-940
-37
-410
110
944
-442
577
-318
-562
59
-848
648
-107
-660
798
667
60
880
-230
102
86
161
434
-715
534
703
-952
697
-439
103
-571
315
312
-728
-61
775
-27
-684
-115
451
667
-566
125
37
-556
-149
-880
527
903
425
919
234
-8
-775
785
288
71
-387
720
452
436
-2
-300
-182
-34
199
410
-578
-978
-258
-532
460
409
912
-811
454
-517
167
555
94
-79
-214
-227
-36
406
536
-784
484
-47
823
-595
93
475
-673
-493
-87
224
-263
-326
685
-379
599
-687
509
422
-758
575
-941
760
-736
111
-875
554
-784
322
268
317
-210
-827
-203
-66
93
-770
-946
-472
928
598
-490
-992
-500
-632
499
170
-826
386
155
-76
967
291
-906
-460
930
-828
392
-793
66
235
-754
-739
201
171
828
-714
-482
-627
-263
-763
-497
595
678
-79
352
4
-926
940
-320
327
269
-759
840
47
-978
859
842
159
-272
301
986
-216
515
224
475
345
491
-558
-51
-775
-711
532
178
569
121
909
812
990
240
-390
696
491
-930
213
436
-896
-174
-970
798
-489
911
182
-402
-980
-520
766
-498
719
-907
485
-47
-536
-736
125
608
-934
61
172
-238
803
-490
977
-73
879
-242
-52
127
-720
-559
435
225
426
-804
897
-674
-53
-155
731
711
-4
-840
-428
-969
208
-541
547
77
78
-256
552
-423
607
-779
-601
147
-36
-596
-657
813
-303
861
224
-933
576
-572
390
141
527
442
631
3
-701
-524
327
930
-486
-817
297
-739
-509
350
728
461
49
-75
-572
-12
435
-551
78
-745
216
80
-254
-55
-855
827
-113
-664
-756
503
608
713
87
675
592
750
-352
256
-264
302
123
-141
881
978
-877
401
-367
374
483
-324
-312
-409
173
-295
-306
797
-263
792
-507
-653
-79
-500
-147
-972
464
238
713
-55
118
108
-458
223
-759
649
-375
-439
21
-52
-972
454
-782
-888
2
-655
-633
-508
-69
-975
371
505
-143
-628
-884
-142
824
661
456
162
-687
216
269
-943
-413
-229
-420
-53
739
-656
602
619
-393
-363
-341
-230
792
-159
-778
353
843
133
-424
635
-400
701
213
-213
-82
-710
565
-162
233
-33
-234
-307
814
-626
-742
-99
20
840
63
841
-532
-659
719
392
-578
459
671
-722
-847
-604
-422
633
-54
299
-818
-332
946
65
-281
4
314
-790
-50
192
-686
960
753
491
657
616
-203
528
-405
845
-574
608
177
-65
-485
-708
-761
714
683
-977
-22
529
-494
-566
170
-908
77
374
-763
-966
-702
205
-596
-443
-324
523
36
-169
-7
-842
-309
-701
830
880
483
-250
306
-137
43
487
762
-495
884
915
773
-494
-303
629
548
123
643
-468
461
-210
-433
-988
-67
-764
-294
-145
756
660
546
64
127
623
-784
556
-523
-84
804
227
-733
493
-281
-615
408
-596
-662
-155
63
-849
861
43
-628
456
57
-552
690
656
374
-10
-120
-751
130
764
-418
796
837
452
769
193
-495
-905
-760
454
-58
-239
-896
-989
578
-727
228
-12
-188
-351
378
152
942
-45
155
-565
-402
934
-215
-329
651
-794
347
-238
-853
547
573
424
368
924
508
261
-99
-156
712
-44
-87
613
158
901
-249
449
349
143
-433
385
-600
357
59
-544
2
800
-652
-724
834
75
-26
800
681
-153
-845
86
210
451
-134
-242
933
546
310
443
-393
-995
614
377
135
-834
-648
801
556
209
-122
381
385
539
-627
-681
456
307
-54
-411
743
-333
867
283
512
-516
-526
-455
702
593
-436
174
930
126
316
167
332
798
902
-861
808
628
-728
-10
-812
549
-728
527
-992
37
841
-873
-344
625
-311
-734
-562
29
-958
573
-511
5
572
-310
217
-695
-108
294
-54
781
220
-798
-770
-659
-292
962
-331
465
-322
701
-123
976
28
-963
-643
-829
895
743
-458
24
416
-908
173
-494
-162
793
409
-572
-652
-164
-401
446
581
-480
-586
379
-803
-597
430
-40
-284
2
444
-80
502
453
-238
-346
539
-927
811
219
543
-847
-847
680
777
758
-232
25
-306
-899
968
90
-59
789
-854
882
-182
77
734
-376
844
-795
80
-365
-789
47
987
-908
-439
936
84
-854
-931
-773
-606
549
586
610
-94
-21
590
-733
-134
-439
235
369
117
15
-365
-726
-437
-76
-489
-521
-196
221
93
142
-163
871
-91
-878
920
-534
412
-468
36
193
-86
162
54
-915
-296
-411
-890
140
866
926
-442
696
-932
559
530
517
-977
693
-934
-39
308
308
-869
-772
-280
408
639
-483
-368
159
915
-335
548
428
874
831
-963
46
162
730
-566
821
-299
75
-583
154
-121
99
246
-330
873
-668
-846
-958
628
-657
986
453
-173
688
-529
-309
997
255
333
606
550
-188
-823
-668
-575
-651
429
610
921
-31
-591
527
-109
-59
-946
765
29
708
-902
48
332
210
-851
750
-990
6
45
-44
629
-251
-775
863
-957
-58
-157
83
-679
-180
696
645
-164
-862
-776
65
477
-268
-711
-513
-487
-995
357
-749
-800
-233
532
-704
-3
-819
622
821
342
-529
138
-986
-677
-948
-293
-573
22
-18
-432
110
193
-914
109
730
188
-435
464
227
-269
921
700
-229
-670
396
-321
-693
-467
-431
-185
448
145
981
22
136
-144
-383
495
559
407
205
-695
-164
469
802
794
-635
-134
-678
311
145
-311
424
-946
-178
201
-8
-123
-793
-398
463
535
-383
274
554
191
56
306
-547
153
-809
-99
116
-693
-127
-143
-81
-64
-150
-753
5
290
488
-726
196
976
-956
-254
953
257
-682
484
-42
687
606
412
442
441
-436
488
-814
57
365
423
-180
-681
-51
37
-293
58
32
-231
-222
626
529
986
-675
353
632
-74
-363
508
949
-649
950
-937
-335
-288
-764
-42
-163
-142
-528
-32
574
-571
238
172
265
-880
-188
602
401
-998
-35
-822
-645
140
692
-317
340
-210
415
627
-40
-588
357
124
-339
622
-760
464
-546
-841
996
-757
-406
414
165
849
255
296
-277
248
861
840
198
-605
520
508
648
-121
-251
368
-43
-614
286
133
582
-515
-388
-270
491
-496
208
821
-233
241
-156
-382
878
-900
819
380
200
-947
805
-698
863
-560
-127
636
-67
889
-285
833
-341
732
-746
221
-676
319
391
-477
-200
-266
-181
616
544
875
768
-938
-530
-734
-379
658
539
-409
-709
783
-644
-256
253
-149
426
-157
-795
61
334
885
-18
831
726
916
2
949
-893
788
348
307
426
-874
560
-854
-924
-803
751
75
-179
-512
299
-774
-809
-516
-208
-183
-855
-661
-794
336
-318
58
460
-55
-8
459
118
880
634
48
-279
214
-314
507
-229
449
-856
-279
341
-202
185
-373
737
645
-631
-715
440
669
755
-512
909
231
262
-237
600
981
-431
221
226
846
-210
438
-151
-800
131
-995
931
-906
-293
320
317
833
999
-703
-663
346
-518
636
520
-406
412
-131
-602
87
-428
933
412
-294
-777
-610
-122
-235
-686
-669
92
-499
443
565
-601
-677
-946
-428
568
538
-57
-89
729
-292
-921
-521
-927
-912
701
142
-587
-903
-47
328
370
-867
-304
323
-94
602
84
-403
182
495
-711
-638
890
-373
-840
924
-335
652
974
-803
613
-974
327
-307
24
781
666
-335
601
353
850
638
470
-822
255
-5
-243
-738
466
664
74
879
976
-265
-461
-802
748
553
31
-440
-339
218
580
-340
-400
-857
-355
714
711
4
-490
569
425
-30
790
960
-629
-457
-468
-368
797
147
-546
-425
414
-406
457
394
-347
329
524
-397
508
-493
-429
-411
352
84
-542
-926
-381
5
638
-436
-901
-737
91
-798
186
-463
-935
195
-940
-508
631
-506
-709
-335
-302
172
-492
-668
-969
422
99
-640
-347
-833
930
-523
-715
-619
960
863
-459
439
-4
-465
146
-720
661
922
-71
764
-742
-11
872
-224
689
22
-630
-453
-739
-654
-391
677
882
-60
654
502
-997
300
-707
-770
-130
194
-315
-306
-461
606
767
799
295
-85
-215
-954
-800
-122
-123
-202
-230
459
406
465
807
13
-622
-194
352
611
-656
148
936
581
-688
-162
95
-781
665
747
-612
540
113
-394
-266
-108
131
-678
752
505
-167
1000
475
-755
-442
-639
-330
-25
-238
-73
405
222
143
-581
198
56
259
34
-600
520
402
-188
-574
-96
-291
-992
748
341
-715
261
-481
-416
364
-880
528
160
-355
806
-870
-991
-736
-677
-566
180
-755
-656
-808
-971
-284
-966
-78
666
-617
749
-133
-358
-159
516
-917
366
-814
201
-350
-284
287
52
-465
-743
-894
-851
754
-963
-984
549
-497
-670
-597
-735
333
-494
713
577
662
523
427
-182
-267
-923
-766
912
-88
-66
341
474
962
-879
63
757
-371
139
-84
72
-343
116
321
97
16
-347
-541
-171
971
-154
-637
481
252
-213
-630
734
910
-908
-233
-923
-66
-798
-88
-721
738
524
-748
-634
-347
928
-724
-572
-1
-457
-595
-875
686
435
-597
-600
-188
-47
576
916
-140
-818
405
-348
-994
-102
-772
689
-159
948
627
940
-812
-847
219
-773
998
451
-121
231
303
161
835
438
351
129
430
896
952
616
-62
-127
595
-452
-551
870
21
-32
260
447
-86
395
-966
-67
690
429
-479
-320
748
-567
-514
55
-795
-896
-524
713
635
-414
949
906
-820
-600
-81
-663
383
-276
-737
695
260
-436
-248
633
154
-517
-60
-797
22
-120
-1
581
-608
464
208
327
179
-261
677
-770
-98
-795
40
-95
898
689
-865
448
450
-38
180
914
-171
-588
-899
739
246
97
-57
573
606
984
298
648
710
753
-454
-153
-665
513
-795
967
49
-339
427
756
-573
711
-974
-206
-710
-66
112
651
-169
-674
940
-342
508
155
47
528
-484
-997
-218
437
-220
-794
680
402
-470
532
-29
153
-625
571
-902
296
-83
743
940
-617
884
484
852
948
691
646
22
-382
639
-417
720
585
-838
747
661
-607
-369
313
520
380
888
939
178
-213
-367
936
-742
-994
-4
152
628
838
420
-480
-353
-61
-492
-284
-713
654
592
22
454
787
-38
-119
-958
837
869
547
788
716
-372
813
803
944
243
207
-111
196
-878
89
-404
602
-843
566
-41
-356
-996
751
-826
-266
-536
-715
-991
441
363
395
-341
-306
-912
-847
-252
829
424
-266
-938
232
-843
247
-903
-725
773
334
80
-613
-787
-359
-730
696
-295
842
772
-19
275
-853
-524
-667
-158
-390
-483
620
-534
-781
-369
451
-726
225
-453
410
881
322
-903
321
24
577
-449
-274
857
606
743
-436
374
-747
-437
308
-781
-588
598
-483
141
-438
108
-249
-855
-422
-847
546
-741
847
119
33
14
-313
58
-829
-30
-914
-943
-2
815
-954
597
-282
372
843
-988
-840
-968
869
786
681
169
170
-573
-714
-536
551
846
807
354
-609
917
251
868
-573
480
929
849
674
-6
772
-917
-271
892
182
-192
-217
-149
899
371
-572
-50
762
-224
742
-770
-78
640
84
-76
678
-554
515
792
635
-78
321
233
659
-880
-819
493
297
-553
-726
915
687
-827
-372
519
-617
-679
906
-524
138
330
410
534
135
-577
-959
-943
-615
-220
352
-485
613
351
-49
779
49
-291
-78
670
-347
467
175
-470
873
994
335
-214
-228
474
792
236
-262
-957
3
-91
616
-816
-870
-621
-703
-761
237
-122
-72
-831
-577
48
-514
634
-687
-283
-84
860
-203
-88
332
66
770
956
-929
567
-922
-598
943
-348
-929
472
247
-785
-905
480
275
282
516
-458
476
-209
-20
-824
-568
-78
-649
89
328
240
81
358
475
-941
-83
-874
889
-531
-349
-22
293
-473
-326
990
785
6
-32
211
26
-374
-757
120
-828
-351
-121
-330
-341
3
-285
-704
930
25
-678
359
-784
-417
918
54
285
860
295
678
668
-649
219
-976
847
620
383
357
-338
452
318
242
647
-122
-138
659
673
623
-610
130
635
148
874
-801
-52
-272
928
505
-954
239
584
-593
594
332
63
196
390
-160
726
-993
384
807
26
-391
964
309
857
569
-348
-304
-81
-612
669
371
-63
-388
230
187
-869
-227
170
-492
-53
454
24
-9
-285
351
-611
-601
229
-761
-637
532
-497
-726
-179
56
959
-658
-512
-22
827
-311
321
-362
-286
-75
-381
-30
805
242
94
-647
-821
-103
914
604
-864
772
-774
-566
-873
948
82
383
695
20
-857
982
868
161
-344
364
-197
-423
-828
922
-358
-927
817
-433
-37
-459
366
-42
123
767
-839
649
752
39
263
-209
-910
-129
97
-91
10
-615
-541
-344
-532
410
-42
791
-506
-400
329
538
-556
318
-962
-505
-374
-676
-262
-35
-770
865
-884
246
-539
727
-737
-218
41
-11
591
-53
168
-743
1
610
-993
-524
-104
-479
-963
-879
327
521
-71
479
-636
311
900
-140
-544
889
-679
308
-540
-397
-667
-792
93
473
835
234
-868
-324
-81
109
-47
-121
-711
655
20
53
904
866
713
-533
36
121
-323
185
536
-335
-793
656
752
-905
-127
339
-670
-852
-846
-604
292
337
654
-835
-237
-203
-381
289
-315
801
5
-44
678
-208
-801
430
-16
-984
-17
-238
888
-126
484
147
343
380
-716
-397
363
-309
110
-626
548
-557
-115
-642
-893
108
-151
-85
-273
81
713
884
375
-103
-405
856
-240
567
683
572
783
299
164
-445
-51
-899
-397
-270
488
-891
10
-16
321
746
865
-417
943
-119
517
53
848
-312
103
751
-843
-438
863
-232
383
837
111
481
117
217
-491
392
555
113
-334
-880
-328
24
463
445
928
677
-975
686
-18
767
-100
-736
-413
556
-886
632
891
-264
-813
-539
740
757
347
-387
267
202
-855
-27
688
319
23
-869
688
316
684
-601
7
-566
-945
-64
-780
-463
-435
480
833
252
733
260
10
663
713
216
289
510
78
-918
873
-884
802
-641
-324
977
-66
-717
898
-167
-425
334
867
73
621
-899
-526
-481
834
-696
-571
-26
360
265
-220
95
-475
-718
460
-697
188
-267
-203
-70
815
-484
-760
246
-361
-851
424
790
557
-130
-9
-393
-113
-599
704
-346
730
246
-409
632
-392
561
-36
-835
516
-647
813
869
-284
-290
99
-645
168
735
-296
-557
-704
-996
-605
-46
-760
-62
624
-6
462
757
-132
18
-473
-507
894
-986
259
-309
461
-668
383
849
-347
371
99
32
-33
100
-605
487
750
-679
-372
-843
-843
302
-625
-951
274
-190
-988
-768
-336
-782
-234
65
759
617
-117
324
331
491
182
582
99
575
913
-571
574
-398
-858
750
807
-167
359
-844
778
34
543
-347
-370
-864
-568
126
27
889
881
-58
-276
975
521
818
-536
181
899
-872
804
326
758
989
-250
-185
927
-435
-801
-64
115
-108
384
602
134
370
977
241
772
571
-375
-598
628
-754
-562
336
-994
-395
-125
-250
358
-319
-972
511
333
27
-176
-959
659
-837
262
862
813
-640
-167
761
-282
-324
-7
813
840
-431
-775
460
-783
394
985
-699
-738
758
282
-846
701
277
-961
-119
430
241
823
-520
-522
102
-452
982
-731
-240
-927
297
-518
-465
619
542
25
-21
-725
463
942
193
-286
660
214
145
987
267
91
-927
852
137
-351
-698
295
-739
-211
-694
451
-70
851
-406
733
911
-926
-171
414
708
778
604
-192
-364
491
909
419
-683
-312
331
52
-946
-791
-573
-145
-912
-269
-608
-625
-231
399
124
-416
981
-750
-14
851
-576
-837
84
96
-897
852
14
774
605
-133
616
767
880
387
731
-674
481
650
926
337
211
-743
302
807
-351
631
59
576
12
959
438
-833
806
-360
193
468
178
-210
464
-637
-383
231
60
-673
-579
-626
279
-24
944
-905
433
117
-414
978
-548
-345
-773
420
740
842
510
754
-735
218
205
749
900
843
-796
-395
879
-4
-565
114
151
722
795
99
42
-784
558
848
421
-483
-528
-945
61
408
288
57
-214
-564
-840
997
-316
220
350
860
-75
-30
779
-868
382
-57
441
325
-929
270
917
824
-350
995
-146
-91
-672
118
368
-946
-12
-767
244
-83
-857
341
-95
-941
-761
-151
623
742
319
-188
-244
-66
-664
-818
274
-526
463
875
266
-864
-535
75
537
-356
-145
504
147
951
-380
-726
574
273
-909
367
-493
-559
235
396
-63
-655
-885
-190
552
309
-634
-999
-738
-52
564
-841
-221
649
-986
-575
4
-344
629
917
371
-224
-221
-679
-357
661
476
-830
669
-197
-962
-421
-927
-350
-910
-466
-683
-259
238
-943
386
730
636
314
751
438
46
-544
600
-642
-641
231
969
850
-906
656
451
437
-21
-327
-898
-758
-937
-173
825
-199
-278
-136
243
-542
148
-824
-770
-433
580
627
-83
688
70
-352
-949
93
-424
-611
-980
-257
-141
362
999
-686
-402
-990
-936
-636
418
34
933
-130
-519
532
-142
88
887
-400
-829
188
720
-842
-359
-935
521
276
-231
382
213
-174
-104
171
15
-979
242
454
940
-88
365
63
99
-698
144
335
426
181
-93
995
179
-217
312
-5
-555
898
838
181
-810
-154
91
-705
756
574
484
-285
-828
20
443
-40
834
376
757
966
-472
186
-684
-249
567
-290
-10
259
901
273
-139
-755
797
-944
-770
464
612
-704
-814
497
-764
807
133
168
83
-561
-4
-180
-9
217
686
698
-698
-756
-384
590
554
-784
125
-338
-527
485
67
-842
799
609
125
995
484
803
-875
629
908
-500
-566
-985
-51
888
-686
-76
979
-971
-820
498
614
421
-3
-405
-769
-659
-942
-774
687
8
245
-959
-257
-130
-827
883
277
-215
470
-736
881
-119
-143
882
725
-175
542
853
559
571
-331
303
112
-250
667
962
-713
-435
283
-819
-734
238
-308
158
-118
-445
-561
358
-783
-24
733
316
323
-586
-800
-321
361
806
80
421
480
-547
-163
-368
100
-907
-629
720
10
218
263
386
78
894
-185
-527
-42
959
676
-28
-220
-101
220
-326
395
598
568
-860
-275
6
-604
314
395
26
-380
-844
395
557
-527
-501
-540
995
-994
-708
-918
-716
690
373
-640
519
226
-472
328
-699
984
-818
-241
841
963
-358
-216
-880
-683
-404
-773
-192
-547
417
190
-523
598
912
-466
-355
-692
238
259
477
-271
-948
-862
852
386
873
-946
117
482
-31
258
39
925
946
-422
960
-73
313
234
196
-883
220
-423
-577
423
-102
436
-835
331
-368
-273
429
-544
70
-717
-86
256
-910
-708
706
-112
-1000
620
-311
-419
779
-212
-662
409
-268
-827
852
165
59
404
-667
356
471
930
928
531
-769
730
-870
-622
-395
439
213
-846
22
333
-710
255
-802
-780
-94
-355
-418
-673
-16
696
-859
-279
698
-609
6
-973
-456
821
76
-205
-787
-196
-227
-870
-399
-820
961
551
-74
783
-718
-149
-873
-250
-96
646
210
-207
-917
402
838
194
169
-878
798
-334
740
-727
-260
-251
-432
595
354
534
-103
-212
460
255
-210
-745
-165
-412
-409
-610
-478
-375
-640
-469
218
-533
800
597
947
-143
302
-934
-577
-433
35
409
691
-879
-178
548
-960
89
-783
338
124
992
684
564
-273
-572
736
-774
-960
-498
179
-458
989
367
604
-342
513
-886
-701
363
551
-708
504
-448
109
-156
621
489
-751
-231
908
-611
-547
-486
-98
608
164
-202
-606
-374
331
493
-484
-589
-610
598
-765
-469
-444
-508
557
-257
763
-853
248
-258
314
871
606
47
556
976
-905
357
493
622
-957
-764
841
-113
477
-280
696
-368
672
-560
-215
-36
-47
-479
819
-701
-849
442
689
-384
754
690
460
468
639
-91
-44
286
882
392
-121
-493
404
-646
964
-690
-786
-362
517
369
-168
393
501
-998
822
940
-46
-323
837
-636
-909
-857
-967
-596
-105
148
661
189
-482
-696
-835
928
100
793
163
977
900
-418
-339
-840
-367
-284
31
641
91
966
-759
-232
-468
604
158
-866
805
849
-982
-69
984
-369
-714
110
-898
524
777
655
997
-97
604
-298
-613
17
-502
746
-436
555
-433
-532
-81
-475
-663
132
762
-623
-916
-605
217
461
-369
-796
-953
285
246
451
-214
-918
953
-752
-439
423
148
366
-424
158
-532
-941
-734
589
777
413
748
-554
-407
248
-538
145
524
113
-293
-110
338
457
-669
-671
-454
-468
150
-372
-203
-722
-701
663
-247
641
-910
-691
228
-876
59
485
568
-134
-773
-597
680
277
218
392
-72
-986
-355
901
-624
501
-236
97
833
-475
-66
-909
-920
-906
333
14
922
482
896
-975
53
-388
956
-693
-232
618
-951
444
186
-9
100
-670
656
-977
-896
-260
-304
591
-606
625
117
-142
-344
571
801
-86
-22
495
947
441
643
709
-933
997
78
247
916
422
426
157
-680
134
-759
-296
-352
-833
808
111
-441
481
848
934
707
-633
-614
436
-580
-135
704
87
-672
906
383
402
554
-929
24
545
-279
-933
-410
-850
986
687
989
-937
425
-64
-535
862
191
57
472
9
-476
687
-962
349
752
-650
-95
605
765
-455
301
-898
-105
-18
407
373
-122
-200
-717
558
-206
-712
-445
430
-493
-350
104
254
774
620
-620
-548
45
-625
-404
-402
-147
-185
631
9
-699
366
-290
83
377
417
388
-767
-892
147
813
-367
-759
338
-507
890
814
-923
36
-397
910
-485
846
157
189
817
737
-765
-207
269
95
-508
-927
-158
301
-69
620
-41
133
-881
103
423
434
-932
603
12
-242
703
-285
377
-321
-936
-888
-478
-734
-543
-718
-783
512
544
761
331
68
-791
414
661
629
-957
-906
-267
919
275
690
735
630
-752
-117
871
-388
753
177
295
815
-771
91
707
823
392
198
140
308
181
266
149
-983
804
-1000
107
-461
85
-840
-137
-690
-56
-210
-310
-46
920
-856
597
0
532
-230
-81
360
-473
-376
370
-523
563
540
26
754
550
-323
155
587
-108
-513
-386
-281
90
-158
102
-491
855
401
-629
420
350
-554
774
750
249
893
-219
-429
-882
672
998
651
-228
-963
-300
912
400
-789
-521
-163
909
838
280
-261
324
-633
-464
9
446
338
909
-766
-885
836
-4
385
348
81
653
768
-966
-488
994
484
-751
-134
-20
856
-238
-111
-226
-640
807
-82
-888
-229
907
877
531
874
941
450
-592
89
832
-283
-960
-922
274
-926
-124
373
572
-877
519
337
-773
-956
-744
642
453
-710
-776
725
646
-313
-94
-198
-823
-216
-17
-474
-51
619
-714
-105
725
-722
-734
-12
187
203
-584
-969
733
147
-123
401
756
-553
737
894
243
747
649
7
298
-592
-265
647
-507
426
-496
-599
-522
-129
951
-482
825
638
155
417
614
-17
563
712
-766
875
813
-104
91
342
-327
-886
-293
733
240
440
-107
-74
302
536
787
349
-6
655
-104
-594
-130
-913
-674
-301
-340
-866
-530
568
766
-220
132
368
110
-492
680
-701
-874
276
-590
-280
819
474
853
-829
900
763
-243
350
-400
399
-565
-948
342
-495
463
-823
-978
390
-743
-363
-620
-295
122
-511
101
-718
-985
861
-735
-201
647
-541
194
-817
318
288
890
438
-396
813
510
121
862
-684
534
-576
-130
344
-267
321
735
-287
854
425
557
177
-273
-142
-564
472
-545
152
-352
-70
689
421
43
439
486
-366
845
890
-418
-280
-762
418
888
-895
698
-306
956
510
-346
344
-953
223
-732
421
31
741
-287
-392
-595
-833
-221
-168
-9
746
941
221
800
323
119
896
467
300
-927
685
-868
171
-335
920
651
149
640
366
350
37
978
-528
-444
351
639
626
443
-908
750
-137
524
562
952
-884
-459
351
627
432
457
455
-308
615
-229
469
-609
-210
-836
-658
353
-931
-312
76
-472
300
-500
-467
218
566
-577
686
-836
-679
-765
358
-102
-698
652
-562
-116
-296
608
-682
-912
-832
-52
608
688
770
-364
580
916
541
-675
-490
-646
-589
-777
660
758
-422
742
-836
-815
-308
-987
156
-320
848
-424
666
463
-525
804
-1
-18
416
19
-835
906
567
-254
256
605
-455
793
935
-772
-309
406
-949
-147
84
333
-809
-122
249
96
-833
779
152
271
-916
251
211
-560
-9
631
-268
503
6
244
-363
-611
-339
822
-264
-835
336
-309
-737
-672
-227
-140
-565
-688
-724
-897
643
876
-881
993
-446
930
42
-300
742
-183
195
472
-982
178
-408
318
822
165
-633
106
-825
-434
-599
302
266
-866
-788
368
-674
282
547
986
365
679
656
-850
178
-89
854
161
571
709
32
739
143
113
437
266
401
534
204
-913
160
239
-903
368
763
5
-874
487
464
837
34
-508
774
-691
973
822
-278
-718
-483
537
-975
-579
58
596
-603
-44
297
447
736
140
-381
705
-959
98
261
-738
-323
-466
803
357
888
386
-95
-658
-436
767
545
-309
-729
756
124
-550
270
-529
-5
-194
-706
-732
855
323
852
916
856
704
-91
-518
-535
-678
188
552
-967
-406
4
-691
528
617
447
-58
835
474
-945
-964
-929
-251
300
534
-185
228
-626
898
593
843
-254
-214
838
943
-406
-167
-110
-534
607
-821
869
-386
245
740
149
891
-294
629
224
825
-116
463
-245
-588
-459
342
-850
-820
-309
-382
243
-991
-368
-941
447
-124
91
-953
-82
-399
-510
91
389
-883
-875
466
-257
634
884
-176
924
-760
647
822
286
559
346
-487
-703
330
-473
-311
-656
-845
-325
840
-292
522
85
-45
-385
-30
215
-431
-389
-991
923
807
703
-309
106
226
-564
402
164
452
358
654
965
-987
-905
-17
-776
802
473
-477
-539
-196
941
692
111
243
-603
417
710
-463
-370
916
-800
362
-983
361
419
-512
-446
944
-27
87
-857
-204
867
-797
82
892
-518
-609
800
-218
936
-427
-743
513
-62
-702
-546
120
-43
-833
780
717
499
-909
307
-224
115
-778
694
-663
152
-668
93
666
551
-492
402
-747
-679
547
-668
948
86
-805
569
-37
688
280
-634
154
996
-964
-93
314
221
-533
893
-672
718
-375
-802
-464
-383
294
354
104
-889
816
-221
125
-502
-700
-521
-866
-8
-537
71
-947
-821
415
702
-368
471
-61
465
-463
-997
977
-718
-159
970
91
534
-155
135
528
398
-212
-554
-420
120
-660
-948
-614
-268
819
938
-879
-220
679
-308
328
-642
-12
-655
42
151
954
-500
693
-91
-444
-633
-316
30
658
-966
43
277
548
761
-233
68
299
-476
-598
351
389
123
896
-785
999
-301
28
2
-477
-271
-179
254
143
-757
-821
179
-565
-198
-429
482
-585
60
709
-341
-668
251
297
-576
-965
509
422
-943
746
-22
-125
-192
508
163
-736
25
-344
630
649
-110
890
-578
-848
-219
824
-689
-896
541
8
57
172
-874
260
-110
-119
415
-731
-880
-990
50
-23
328
149
-888
394
-216
766
487
80
938
-613
-300
-842
-902
578
167
429
713
535
855
-622
454
-262
620
102
-66
899
122
-703
569
-292
706
642
-422
15
-144
703
-629
-834
580
527
226
-675
459
-900
690
82
-572
-999
-660
481
318
-984
-326
-124
455
54
-918
452
-435
-697
191
228
49
-213
-246
-553
-974
-656
608
-492
852
-335
791
-463
-410
-145
851
-325
232
-456
-884
-195
522
548
-508
-330
-284
-258
929
255
402
727
-502
580
-663
-648
-976
-301
445
-408
721
-374
-489
817
594
-295
577
-77
873
-853
-856
998
-157
461
97
-8
-155
800
-322
-265
-952
121
38
508
560
-651
-676
200
942
270
51
388
-233
788
-509
587
363
-407
960
-987
-198
-466
-769
-301
-410
-112
141
-551
704
-755
-526
487
838
958
571
-607
-274
796
961
-125
296
884
-200
941
35
674
-79
988
18
197
-333
785
646
-853
-157
296
536
567
-686
-549
-260
-497
-759
-626
-696
261
607
-15
-292
-673
982
189
795
627
-858
-535
-352
-975
582
908
-512
889
-403
-937
613
903
98
214
-996
19
913
301
824
-779
-254
-65
-817
-225
692
-466
-568
-335
71
330
-211
321
443
-900
-424
992
340
-475
856
223
-451
970
888
655
-876
25
316
205
-613
-156
-115
768
367
518
558
307
36
-186
-645
631
-761
17
-717
-852
669
-483
647
-632
-125
190
426
311
-617
831
465
-283
885
-176
917
-652
610
-421
-408
-118
-5
-635
561
-823
872
389
-335
-489
969
-932
-686
310
-763
