324
-575
867
694
563
-161
890
-518
-162
687
541
-772
-762
-104
674
-850
-791
-35
-959
224
-101
-805
742
389
544
91
-89
-459
678
-433
15
198
121
913
993
659
352
595
-397
-786
-718
-944
-977
622
-576
373
-370
473
-99
-588
239
716
857
-465
-723
728
587
788
-958
617
495
236
722
-619
593
969
799
599
664
291
-28
-666
548
-506
819
-342
729
880
728
-908
567
384
-847
-647
687
-631
-355
-229
570
82
-645
-432
-982
-288
225
-936
563
508
-791
-113
-722
-36
357
-74
-891
75
-752
246
-464
934
-839
578
-775
-922
-480
-93
-152
-487
922
-978
-834
-350
-197
-779
-69
-703
-156
-660
709
-409
-711
-544
-283
686
451
-706
390
-130
-437
775
388
-754
446
488
168
-60
-559
89
620
-675
638
-421
845
423
815
512
933
-163
321
180
17
-713
752
228
548
-667
-266
-466
-189
802
367
848
130
-388
328
-667
-645
165
504
297
164
615
-511
779
-92
631
846
931
-672
850
271
671
-235
123
914
775
255
-969
-334
-450
916
43
-647
765
-748
786
284
-365
859
-604
-890
161
-473
607
-248
432
999
-773
-600
123
553
17
610
-395
713
782
-197
103
-416
613
-961
702
541
4
-278
-593
-103
906
293
-872
-464
78
327
-935
945
-132
-101
-566
133
383
-201
942
-483
515
-259
643
704
-593
836
-148
-773
-778
640
570
715
868
-424
-453
-933
-977
-146
-825
-355
108
144
36
-453
-891
-191
417
654
34
-476
-362
662
707
-837
149
355
-849
75
520
742
-514
844
694
730
233
-898
466
287
-818
52
234
142
591
706
249
927
-410
626
554
839
393
89
655
-942
-750
62
-177
-392
310
394
447
607
-627
-384
185
374
-218
965
425
-219
-405
-792
-830
-989
-768
166
255
-909
178
320
-936
852
945
928
89
225
-121
-995
-440
-966
-162
685
371
626
622
-300
-889
899
392
29
888
661
-293
16
-131
746
-520
193
-405
58
19
575
-9
244
-573
-740
-474
-136
-184
-286
-442
902
551
-497
739
792
980
-34
188
-623
239
-806
600
543
-976
50
132
176
664
322
919
301
749
14
131
129
386
-243
-982
-119
114
-59
-912
85
-296
435
-741
-612
-321
826
680
-339
934
773
987
-637
-616
641
-807
790
-797
826
-858
145
-792
-987
-678
-968
-727
603
410
-120
-622
431
740
305
-513
-99
775
-895
259
731
-34
-364
-468
-684
-165
-908
324
-208
433
-595
-750
459
-204
-424
-541
842
-982
511
592
-172
-195
-849
-135
314
-2
-671
-662
-205
-194
621
-252
-847
-261
-27
-333
-906
960
529
329
352
-195
212
642
710
-40
570
-450
-537
-558
-441
-690
920
-482
154
80
-298
510
-958
617
-552
92
-467
91
210
-571
935
-86
-310
842
-909
-799
221
-103
-609
938
691
-733
256
683
170
787
-97
368
699
697
920
423
-846
246
-622
873
633
-89
-363
-973
560
262
910
-953
476
788
608
-386
54
403
5
781
562
-488
-49
-437
-272
-991
-803
777
475
-341
959
-456
-543
16
-439
-194
-965
-495
-897
791
596
988
-548
-585
-810
509
-376
461
319
424
-775
660
683
982
-751
-375
-645
-325
428
-876
-522
23
753
190
499
881
990
391
302
-379
-528
914
-741
19
486
986
971
-998
843
961
60
960
508
-990
413
60
-920
294
-990
-511
-556
-975
443
91
750
663
-652
130
978
785
-779
-725
-699
-268
-318
-977
-437
180
583
-929
-696
759
160
-976
-784
-289
-680
-430
-386
-855
39
-548
263
-251
140
-195
-725
424
-351
-719
-521
302
-737
-52
-708
-197
921
32
-692
-849
-224
487
-320
-752
-392
379
301
-862
-200
804
244
-120
277
808
715
-539
958
309
-935
-240
-231
-23
-214
830
-525
-538
325
441
722
879
232
-591
733
331
109
875
-597
-549
-573
181
779
-352
-35
742
-288
160
-805
-800
93
395
-624
272
269
-110
191
538
-713
68
496
-711
-946
406
-267
-783
-701
0
241
-566
557
-786
-284
908
593
-493
943
-363
597
69
211
123
-439
-438
-846
282
-758
760
526
-523
690
202
-484
336
682
205
-633
903
762
-400
-399
154
-266
233
-732
-450
-806
-137
712
-293
-975
-92
-540
-507
942
860
-864
-15
-139
663
-100
-981
291
244
-768
-140
-862
-102
964
379
65
774
626
-595
347
-989
517
-764
-37
974
-11
497
-602
-677
-718
-714
487
316
764
176
-220
-486
-499
-803
994
162
-503
-65
225
70
-548
567
-751
934
206
0
-306
-923
147
-750
-714
-229
24
-4
-761
-496
740
-47
-372
854
263
713
763
-524
849
978
-898
482
841
749
666
-807
321
-504
890
-971
-950
551
925
-428
-490
513
-242
338
-220
754
-871
-941
70
599
-576
98
-240
-541
161
-734
438
236
-960
-840
261
-857
-155
-25
-666
-154
509
65
-459
864
-984
131
721
245
-865
10
417
-56
533
810
224
982
-720
450
456
54
169
32
931
-689
-931
-444
256
-251
710
-309
447
949
127
240
-395
-160
-849
-710
-324
613
256
-796
68
190
308
747
-350
-524
-183
180
-72
-491
-392
240
-574
-613
-517
512
96
-976
-258
-47
187
-884
340
-474
245
72
445
274
999
586
923
396
-750
-763
671
-528
-52
-686
35
-333
-45
857
-536
-531
-848
228
942
443
-997
-815
-121
456
-423
-675
623
-907
-514
-155
-171
983
-108
417
-574
-498
117
-304
56
2
554
-558
-712
-904
250
61
753
329
24
504
-69
864
455
192
-158
-289
85
562
856
814
-899
712
-476
483
817
-210
-850
-25
995
-582
-350
68
-602
557
217
863
248
-463
584
-728
-721
-948
-747
799
-60
-399
-472
660
-24
-383
616
-137
873
-184
-887
-331
393
-954
-537
620
-307
175
-507
345
590
419
489
323
-512
-59
85
206
542
-396
89
-16
90
-635
675
598
956
787
359
-834
744
451
-804
912
42
-614
600
-89
66
744
705
51
748
-326
605
-739
715
557
-111
-774
-816
-677
-909
-841
579
514
-389
-906
-365
-432
591
714
719
-411
-795
-825
-281
165
-513
478
897
728
160
702
-528
515
756
-93
-429
851
127
-87
-538
163
830
717
269
980
-718
434
-56
35
-844
67
-227
311
137
585
948
-159
227
-137
739
-763
-719
-769
681
517
614
-990
-327
844
-13
428
-73
-413
-72
-237
-728
-892
10
65
-725
880
-823
-274
-823
329
-565
245
-158
-897
639
559
-518
-125
-40
612
749
869
-713
32
64
-17
231
-827
-269
771
-112
876
348
-595
-684
912
-423
-423
-670
804
-516
274
-751
-298
-367
556
-996
320
-995
-109
-70
-609
405
-459
-893
-621
923
-57
823
688
-999
-727
-613
-484
657
-461
-404
-778
-60
-334
-998
657
178
329
-721
145
-557
-963
442
645
-100
758
-521
55
-565
-232
-865
986
782
-742
-251
110
750
-578
-959
-463
204
10
-713
87
133
366
889
631
521
-285
-337
993
-377
245
365
197
368
-624
727
537
-855
335
485
259
663
-117
48
98
862
-612
77
269
-945
-921
125
-424
-796
649
255
-41
-492
-580
230
8
-176
241
-432
621
-137
689
474
-338
54
278
268
-55
-965
40
937
103
-809
-37
-749
-76
823
153
322
349
-975
-574
-141
-889
-69
-657
679
803
510
365
392
398
-194
-860
57
-702
-625
-345
-858
-643
-286
-573
-876
95
49
932
-533
-772
-640
411
71
-788
446
629
203
-686
-40
439
921
-574
519
365
533
-2
-296
673
316
208
-66
463
-765
-945
-89
710
-200
403
-652
255
-492
710
162
-542
79
572
398
-260
560
-943
625
-697
316
784
-790
715
144
186
-546
-664
-857
-713
872
86
-539
31
551
58
-648
477
722
605
603
-444
326
-561
-922
-581
-168
561
211
-332
-715
-926
433
797
636
-643
-764
492
606
-685
-528
272
-424
-652
-110
552
294
168
-234
652
-388
-816
-804
-765
-141
-170
839
194
396
968
29
-354
-369
-552
921
-916
-818
-122
-51
855
26
-412
-387
-385
-172
-262
381
608
952
-767
82
-82
-548
-227
557
-211
15
822
-313
519
-972
-860
-635
-809
-317
-549
659
32
-516
308
-673
96
-802
-899
940
721
-590
-71
947
493
-521
-492
-467
-839
701
-391
828
-424
-136
-400
-683
588
645
996
-268
-970
-111
666
280
-506
-216
924
-145
-226
-71
140
572
462
807
119
-959
750
-848
699
-248
-253
418
283
-97
-785
-579
-345
-1000
986
-368
317
33
769
318
-797
-956
563
-424
12
-596
-893
-335
199
965
-847
485
-97
366
11
-246
-588
-919
-446
258
358
962
557
150
99
-254
-292
-801
540
996
-440
-39
810
222
-819
479
-489
472
-283
-538
68
290
-287
-495
-493
812
9
282
-369
-463
360
317
660
-497
958
242
-211
-361
64
664
552
729
-819
-877
-175
-949
167
-411
-270
-52
-572
-880
188
-302
-613
896
346
-304
258
-875
-511
72
691
-812
628
830
-751
-531
-78
-867
-662
125
-289
-289
-818
812
-74
68
-270
-791
-280
640
-534
-389
100
-610
424
165
712
-291
-349
-380
841
947
-885
772
243
-337
571
-49
-597
-259
-787
-896
-888
-444
-858
-779
84
589
860
-967
742
-930
-635
932
-261
-652
226
-88
-776
795
653
-895
-435
632
110
-291
317
916
437
-400
490
-430
743
-998
-612
-340
-125
89
288
-436
-570
-622
-642
-944
-295
-105
-184
638
-897
450
550
537
-263
463
-639
-421
-46
-637
169
123
-533
-757
314
-420
-935
840
-791
-153
164
-944
-402
134
499
433
536
-445
-521
669
471
504
620
304
403
-405
838
240
-426
538
500
0
-580
-74
227
221
-226
482
-418
399
-117
226
265
-552
-43
885
875
-117
-91
-165
162
171
591
905
-26
67
-52
-145
-706
-265
-349
-497
978
-744
-377
223
286
764
-330
-769
-359
-697
188
611
466
709
-537
-73
117
776
723
53
841
415
-827
-924
548
-758
598
72
-309
439
-825
-109
-756
384
-863
137
-830
612
-44
-502
-329
381
441
-633
414
947
714
-544
-196
-234
-489
681
733
376
458
-30
32
-458
-247
460
-927
412
-370
-881
170
-773
-854
-332
424
220
702
637
527
-360
-335
495
-933
351
-943
448
316
-414
-902
907
96
-291
886
505
-834
289
-383
334
292
384
-14
852
-92
-806
273
477
886
404
-67
-957
15
307
900
122
82
484
-65
-814
810
140
567
-329
968
430
46
-526
514
-610
941
-429
266
555
-455
988
-28
-593
776
808
191
-321
748
50
551
803
-841
-527
700
-879
-557
-960
29
480
107
-550
947
209
-97
-82
-629
638
749
25
-288
211
-252
649
325
393
457
-901
169
-382
-244
-921
889
-770
-253
-751
-144
-366
211
63
-148
-384
-275
438
-493
-796
5
945
753
-100
-800
-800
31
746
112
913
-204
-806
-751
845
227
780
-106
-456
507
-409
564
244
-434
-748
-162
-828
-751
-211
-744
610
-6
950
744
-214
-618
766
-890
-791
-362
-537
457
91
424
673
-466
-533
629
866
-754
923
321
705
107
52
-913
-576
879
604
739
-776
-182
616
-303
-791
-947
640
638
-706
-69
672
117
-92
836
765
246
673
-419
224
-674
-977
2
899
930
876
-331
-428
-526
-283
24
505
-80
-648
784
105
-793
-652
822
-475
-363
894
387
-126
948
-785
412
690
-459
-607
-420
-82
-653
-68
-564
-108
72
-496
-754
-191
-215
496
638
679
195
-41
-38
457
689
332
624
-534
361
295
43
-227
-838
625
929
-760
-684
843
384
951
-927
674
348
1000
950
852
-367
-184
-300
692
-636
35
536
576
-473
-857
569
798
406
-292
-838
92
-285
261
227
-298
-657
616
-312
699
-947
85
-715
760
852
-337
-451
992
10
-847
891
111
-354
-819
11
-861
-843
957
-848
861
357
-293
-136
-711
171
-175
-136
167
-265
-319
-611
496
-445
-906
-225
31
-355
284
-500
-859
-56
-733
-310
-915
-674
730
256
887
39
856
858
-671
527
7
-320
846
544
-189
220
-568
-752
-516
-811
-3
701
358
285
-517
-940
805
350
-492
207
-391
289
-23
-200
742
455
-154
-387
-978
722
-224
189
-731
-839
333
-509
726
-380
611
-681
52
194
-780
592
-778
776
-3
251
-204
-380
-269
-880
-668
358
240
-498
328
515
800
-783
-681
-928
-450
376
168
-122
710
-149
58
-646
-398
725
-18
960
-916
724
855
-858
849
845
-69
-830
-598
-949
859
-146
27
-620
-939
-598
503
897
376
485
555
178
93
-553
-682
-192
-92
30
-30
-550
-460
-956
-59
397
335
-179
-526
-825
202
-670
737
894
-560
236
-442
465
759
-320
926
662
-786
-886
-147
431
72
510
112
445
-763
-359
-230
-60
541
-854
-820
-999
-790
498
576
-582
-342
683
871
-670
-493
-655
143
779
856
761
-465
-625
386
762
911
-844
49
847
-352
-850
-730
-797
-698
-817
-691
-96
-182
-741
-26
-956
251
-484
-604
-847
-784
568
775
-447
-355
-328
-510
563
485
-149
-812
-17
-201
-255
-506
550
326
743
-45
-362
363
-717
630
615
-289
-295
-782
787
795
-183
988
781
-21
832
683
23
926
-514
844
-738
401
924
861
-296
-860
433
-977
-121
-163
-906
695
921
-30
183
997
-712
-224
766
717
662
-590
-414
-384
-672
-268
659
175
-182
60
213
-44
293
-695
164
-829
-547
-329
744
40
-479
729
-382
796
458
702
667
652
-732
584
-582
960
-76
-160
-432
723
236
-48
411
-650
424
870
809
256
559
127
468
109
294
-674
786
-186
-694
-26
11
-477
-45
-708
-923
-430
-339
-26
562
-943
-34
544
-446
-382
-563
155
-199
221
-420
560
834
569
-738
236
394
-149
-720
402
401
-306
-12
435
524
-564
-41
-831
-811
-433
85
-943
-145
657
694
-423
-699
-510
940
420
-247
-637
305
794
305
824
-987
907
812
278
837
669
-388
547
-733
324
-608
649
222
583
453
817
566
766
155
-880
13
929
254
-97
-491
-786
720
-996
-554
75
777
364
244
-525
-457
991
-349
-766
-413
642
-457
335
-447
-736
196
6
-800
-425
-901
589
-353
257
983
-19
-264
-716
999
812
215
439
760
-200
168
946
790
303
-820
-911
506
-979
-645
-95
-94
335
-121
-136
-448
27
-904
-556
-763
732
-659
-117
-158
-903
-72
107
-11
662
-522
326
-712
-154
598
-759
993
-906
-876
131
273
-227
585
593
524
-940
788
813
393
938
314
284
-439
-851
-607
722
399
565
-465
-615
-234
-64
27
878
274
-405
-676
240
871
943
-294
-48
851
-318
-335
775
-500
-636
815
290
835
-57
427
664
-371
195
558
553
-949
997
261
-551
273
21
-3
-408
-181
-608
-441
828
131
-302
-829
-544
501
-691
-350
936
335
694
-863
-849
-837
290
236
-47
917
-497
-655
389
391
855
-490
889
-959
831
-746
-456
-158
-120
-730
710
-411
181
-576
696
-1000
358
-514
-868
-131
-211
600
-382
-650
659
418
181
-425
918
543
-996
566
115
-98
18
125
647
753
-559
-315
210
-563
-722
98
-941
-913
829
87
-139
430
-269
830
393
20
-548
267
731
227
-451
-493
-130
-554
-285
315
593
-93
732
-896
-227
-449
466
-873
574
-610
69
878
-988
-24
464
-723
522
-673
-644
-46
730
-317
-243
29
770
574
124
-967
-942
-989
613
-214
204
-278
212
998
-517
-154
650
-625
736
-180
468
32
228
-887
552
312
951
-931
-240
-592
-9
-128
-631
49
501
713
-566
562
86
468
-264
-780
768
-375
350
242
-532
338
-623
-977
-912
-218
803
456
-160
-725
-329
299
926
356
-763
-675
-279
-956
-698
-232
-875
-32
-646
935
98
654
573
338
625
221
145
665
111
264
-136
-241
382
-431
238
823
715
179
-376
-945
-572
-481
731
740
412
-512
-851
421
-64
851
872
-93
-738
156
-846
17
-293
-837
922
-657
396
455
-19
605
-896
704
-843
-253
-716
-456
-997
694
-932
776
49
547
775
841
-716
-954
764
-783
-937
185
-983
-297
399
-438
-377
228
82
-678
-710
-728
175
114
838
12
810
-326
-834
-980
-504
-386
-979
314
-120
-479
-196
424
-301
195
-537
-855
594
-842
-603
701
-426
-171
-673
620
-101
-235
772
0
-281
230
182
830
977
-482
-387
197
-287
-343
829
-304
-313
-978
-516
-113
-908
-111
-111
-480
317
849
443
477
-751
-510
10
-686
-493
101
-331
240
743
-351
203
731
-188
365
425
156
217
-131
-406
652
82
977
-586
3
798
-509
240
900
198
-669
258
-777
694
719
-877
-146
825
29
-434
320
-749
-948
-12
-965
804
-989
-554
-8
504
327
-407
-820
-485
790
-137
-687
325
932
-85
-809
-913
-951
489
519
-801
-895
-786
827
569
184
-226
369
142
317
188
-18
-532
371
100
-223
-363
774
380
-45
-115
843
-610
54
157
-357
-394
504
-502
592
210
-879
-791
-309
970
159
-921
685
127
840
-111
-873
670
-342
-393
-302
616
917
-62
8
-226
-439
265
45
21
372
169
-492
123
-749
-540
928
797
-101
456
540
187
-704
-308
976
-941
-280
-343
234
802
381
-706
-532
-42
952
113
746
674
57
-934
-473
-576
-861
201
387
-186
767
254
-24
766
904
127
437
-349
-575
-639
-873
643
-385
-357
-89
-354
164
661
744
-559
-1
992
-562
-830
479
123
-507
-10
-23
-202
805
-866
955
565
-794
-847
-409
71
-766
901
-193
39
-677
-669
860
296
592
551
752
60
957
-278
62
926
-410
956
-678
-112
-451
-221
957
-328
-806
-173
-458
-375
135
-693
304
217
997
-421
-79
-225
-764
-116
278
-352
939
-125
299
-621
-21
367
196
903
-879
-80
96
-593
-470
-494
-920
527
-370
-316
168
111
372
-801
884
162
-875
690
-263
553
-409
572
-686
-474
973
-321
821
826
373
125
341
879
577
-76
-610
-346
-645
-399
900
305
802
605
63
687
-615
853
-108
-129
-393
87
451
-144
-367
434
914
986
427
81
89
205
-293
668
-562
-608
486
-358
25
-139
934
-480
986
111
789
-675
-545
317
-429
-177
75
962
695
93
682
-808
766
934
881
-43
815
-850
733
563
167
366
-5
-731
-654
-507
285
753
-12
-168
130
-784
-451
563
566
658
-304
5
196
-428
-848
-195
252
-774
767
326
6
-108
946
26
665
318
897
-15
-169
180
321
507
-463
123
-65
968
-842
326
517
406
-556
891
-767
-143
906
-417
940
-480
314
550
-483
-4
-907
-260
614
892
-154
-696
-142
848
-844
-510
770
-935
391
644
-765
-580
29
-993
576
753
-157
-920
-729
380
977
526
-661
968
-504
-717
-49
-727
768
-642
815
-711
-83
-23
644
928
603
-904
279
32
-293
682
348
-499
994
952
515
459
-80
-258
316
-165
464
743
642
-125
-257
-372
989
211
-34
702
-941
-21
821
770
365
960
-527
109
191
-927
120
-204
-270
998
-514
-166
-847
-18
760
-498
-226
449
454
-767
-957
-993
390
173
558
636
82
-441
535
880
327
-317
-849
-181
-364
824
82
716
-250
-98
533
-515
-39
348
842
-160
853
70
-758
-119
397
526
-440
-667
-516
12
-42
-177
468
182
-317
125
73
732
-601
-973
-390
-980
-49
252
433
-878
789
319
-92
949
-234
779
588
-244
-988
-255
925
-205
-78
-357
-207
392
-610
656
-396
675
-359
-330
-820
389
-29
298
80
-894
695
723
-959
-688
86
173
591
-904
-395
-6
275
-596
821
-192
260
776
475
-144
-395
649
-702
863
43
-277
545
-919
183
-240
-985
-894
719
-235
298
-702
628
471
-277
495
-934
657
-657
614
627
871
720
583
-127
-957
-467
-537
-223
750
209
749
-960
-348
-533
-537
60
560
-244
-480
664
-167
-137
515
-213
849
18
-187
-387
27
-477
-110
-800
812
855
-423
397
83
-837
-814
23
803
-971
-693
964
136
546
-441
706
-88
-889
825
-601
-3
465
-195
-816
606
442
-18
-13
644
450
432
-682
-317
915
175
-970
282
192
465
-553
-149
99
-252
925
698
-127
-906
-384
284
-716
84
-31
704
953
985
56
41
446
-953
-43
201
-493
-280
934
490
-616
381
-374
277
107
-525
-574
55
885
950
-468
-373
-323
88
-877
702
642
941
824
139
-974
481
-772
-619
7
-394
-637
482
848
425
646
-146
676
0
937
-130
178
533
732
848
9
90
662
-745
366
-843
-382
427
-681
-98
198
-711
-734
636
768
919
662
907
218
-750
-674
558
329
857
750
768
-446
-18
-758
-390
-534
694
-300
781
540
-134
774
710
652
-983
571
197
-410
417
-691
633
373
-175
897
203
-781
956
795
665
-419
-950
610
-190
999
-935
-847
972
765
-968
-110
-72
-359
-50
-855
442
715
-27
-36
681
-11
-509
-342
497
-267
861
-176
763
535
-67
-909
-494
-338
-400
-839
-823
-59
103
9
-265
-661
-607
-358
309
572
7
765
-496
-244
978
-583
-352
742
723
-363
278
959
867
547
-680
-792
-876
501
-552
-292
277
629
682
151
951
-287
-684
-227
-418
670
-784
961
-883
334
-787
-726
-487
-250
-765
-587
374
-808
-138
979
281
916
216
630
-78
-425
-96
-231
210
-679
-269
893
161
-238
-313
-123
151
-948
605
-78
192
538
177
948
398
535
741
-166
-675
-260
186
-657
426
-698
-594
-49
-453
-909
477
-776
-818
533
670
151
164
-653
530
27
598
405
838
183
-479
-190
-230
146
-196
439
-137
-649
-601
188
-25
222
-632
-230
-620
898
-441
482
-71
695
-652
769
-454
-327
339
-516
734
-882
-807
779
403
446
353
-150
687
-16
99
-226
424
66
-44
448
766
912
-870
277
181
-348
996
-713
-467
449
385
-328
-247
-310
146
-1000
-293
276
750
-974
112
75
111
324
716
-399
40
428
213
368
-397
559
-555
758
999
25
-676
560
-227
427
907
955
-720
-53
-704
354
-532
321
351
290
-640
-876
-77
924
-162
205
947
-574
-632
-17
887
-869
-45
431
878
153
865
750
-172
-876
25
-633
890
-724
667
-356
-393
217
555
-644
726
-520
-701
-508
-851
369
186
991
295
-10
73
-320
-681
-460
489
294
-636
161
464
37
22
-472
169
659
-421
503
-865
-893
644
-615
312
499
-378
-281
887
79
405
-307
-587
-133
-872
-270
276
339
-994
-209
-82
221
-490
223
370
368
-85
65
-651
-269
530
568
-359
-828
-10
847
172
-486
596
910
-586
-909
925
-297
-300
-587
-558
-99
-978
-94
921
108
-690
130
-936
-396
-168
-267
908
897
379
-411
-577
-113
112
-851
245
250
774
424
350
476
-87
-730
728
336
572
-271
796
258
349
65
-249
835
-44
-258
-184
-871
117
647
40
845
-42
761
237
-949
824
-188
-267
-589
870
59
-653
882
-127
-852
179
-930
211
844
345
273
-845
-187
-396
858
-581
816
-205
-434
-424
960
-619
-860
46
-268
-93
-885
-705
-697
-270
-620
171
608
-320
393
-185
74
378
656
-796
-431
435
474
-553
988
-36
873
-327
210
-453
-818
-642
395
183
689
290
382
696
604
-27
709
-540
-93
410
727
-396
-589
-635
-450
-395
976
-927
-923
-177
429
395
526
459
-786
765
-998
-754
-953
-965
-664
-967
-846
955
-753
-737
239
-805
309
-392
468
-104
-694
-10
716
-393
-769
616
245
338
-423
35
621
328
-860
-568
-588
-350
442
334
-35
452
661
362
908
225
691
-532
-966
720
-251
924
-996
-814
-193
-99
168
748
-104
-694
-123
-178
172
-888
525
-140
-176
-891
-587
-91
843
-438
-847
-962
-166
35
-320
-655
983
524
784
-775
-243
20
42
-205
347
-823
227
265
191
-874
-867
-515
-180
728
-305
738
993
558
764
-475
-240
-892
-556
460
714
649
295
367
-357
439
814
124
220
-180
928
695
-291
386
-978
-973
581
-909
350
493
346
-643
-293
41
-95
-304
579
-695
-8
-18
-681
45
-826
-87
232
159
-760
166
-439
252
940
-805
125
281
874
-673
-878
133
612
-705
583
-65
562
145
-873
-566
-616
-464
-777
-624
-699
836
161
-419
208
-843
252
-290
895
-107
866
641
61
352
83
-952
909
684
551
-949
-167
-396
82
550
-200
-718
435
675
-275
585
790
760
-460
-591
111
872
858
508
420
-988
924
-167
643
625
523
96
-299
373
-941
-666
140
32
-411
958
501
882
-378
-51
641
597
-137
-744
-25
-308
809
487
-204
874
-714
173
294
-308
-397
-819
503
901
-39
165
52
-660
-593
818
-854
-178
909
-611
-517
-455
961
-95
-578
-306
208
896
611
-966
-763
486
-438
-611
-543
185
750
-553
-685
643
-489
826
-713
771
356
-82
-477
-319
757
542
-285
-658
130
380
787
-926
493
855
-601
-84
-719
-257
488
102
-93
-327
-491
-644
-494
650
-70
-417
453
-223
959
-997
323
-286
790
971
961
971
574
359
348
-961
-484
991
290
-553
-182
-120
-969
-570
-245
-164
981
253
408
-203
-155
-96
-1
781
-189
-818
359
874
534
-27
712
952
-231
-774
-689
-492
685
-196
-713
-182
325
-412
-504
482
165
-773
370
664
-727
102
-596
883
164
636
966
-913
-653
-261
-22
-3
291
-615
685
71
-654
735
-703
-805
-430
936
-792
544
-709
635
311
-876
-875
612
470
-631
274
-293
427
-553
-634
417
-368
610
-163
-41
-394
-304
624
-648
-23
-173
-619
-855
146
711
-66
701
784
-581
188
514
806
-363
-186
308
-397
-967
-145
820
-262
-361
-694
-673
108
-650
854
-536
-465
-693
985
837
-179
-789
255
-121
-818
-631
-303
841
558
-194
-814
862
868
-419
-580
63
728
841
541
-795
521
786
-237
-75
-240
-305
277
722
-4
-989
-679
-210
-490
-287
-993
625
894
-379
-391
-871
-401
-862
-491
-356
784
-425
261
700
-299
388
-415
81
280
-189
675
732
880
-959
-833
-705
-609
-919
955
832
-292
132
-888
229
-625
651
-572
-382
-478
203
625
32
176
777
-106
-286
617
-53
-714
772
69
110
-3
847
365
250
147
-115
-130
110
-59
601
656
625
-89
105
78
-521
989
-484
-632
179
884
-121
-918
-55
800
934
-710
382
884
54
300
-369
-257
978
-682
920
-185
425
589
-341
-101
271
-634
981
106
922
111
-88
501
873
563
10
-526
-997
-201
-35
797
385
-751
-560
-651
509
171
95
65
279
-208
-175
-452
863
303
95
669
616
833
592
-655
-641
746
82
194
447
-375
-16
933
-479
-452
648
550
886
-763
804
-218
423
-559
745
874
698
326
-280
807
454
105
410
428
-224
664
-223
74
-952
683
967
-821
-735
-363
-819
-801
-910
-316
-571
78
404
-368
-461
-447
-378
276
130
597
-858
-257
-27
-753
826
378
569
-580
63
849
-790
848
226
861
601
995
169
329
934
-453
-802
-727
-552
755
-409
-713
-601
543
-510
-339
-31
-874
-633
636
460
-669
685
336
-614
249
535
-836
-599
995
-642
252
-518
369
118
489
-981
522
165
-128
-689
-339
-267
615
-372
-916
270
96
-68
-276
142
429
-492
885
-596
-451
-840
-449
403
-504
267
512
-728
86
355
445
739
-996
988
852
-841
927
-449
124
116
-473
754
-204
-115
