-653
47
-233
288
624
-718
-962
853
410
881
668
-827
-728
-259
-217
461
-919
788
-121
-134
-913
-269
572
856
-1
-79
-448
50
372
-778
-515
-164
-651
-782
104
-920
-157
229
753
674
-94
-846
-464
62
-469
-351
738
-678
-379
203
-630
-828
-625
18
-102
615
865
-717
-77
-825
609
514
-570
37
-197
-873
-319
-669
715
895
-816
-249
-685
754
-756
356
-389
-215
532
-832
899
951
311
-235
887
-121
-172
-594
-460
-64
802
363
831
284
562
943
-676
-191
-671
-548
283
-192
-444
-651
569
367
-499
474
917
-284
-821
-406
473
49
506
855
-153
-363
559
-25
790
-307
-78
497
-414
998
742
31
944
16
-774
-474
166
831
-567
66
962
-634
826
420
-682
-308
668
-442
-190
-882
-870
-747
-188
-714
-241
-908
-219
70
-695
-340
392
-952
917
663
-425
301
-577
-999
683
189
3
-490
586
481
106
-330
186
-408
-243
770
418
89
30
617
-624
212
-82
-309
-529
-654
-586
1
-807
-320
-427
-210
-865
-881
209
356
-1
168
-207
626
399
138
547
-97
-984
24
-23
783
-385
-778
125
398
-13
608
745
10
-318
155
290
-355
-213
-380
567
657
588
285
-11
-691
920
-860
-393
-793
634
-979
969
-636
853
441
688
605
-859
201
618
844
-3
538
283
-326
-869
93
224
801
-654
626
-474
-509
-339
-329
-330
-306
-609
281
122
-393
960
282
818
509
-466
774
-868
-874
-810
853
649
-291
-74
-618
-705
-770
-181
-276
-586
474
335
509
938
764
-294
593
121
-699
394
-285
-846
972
526
-28
779
167
-490
-184
434
-606
-65
-614
-709
323
853
-439
594
826
371
-590
261
950
326
202
47
436
-893
433
-549
823
232
694
468
562
444
-435
-710
-336
590
-835
-765
-744
-406
940
-884
47
681
-449
94
808
175
185
-672
406
427
-150
108
-226
-603
-934
-836
-879
-10
529
919
931
585
-398
-874
-107
-738
-562
-902
80
661
78
-119
322
647
966
-767
-764
-180
-331
-507
421
-638
-615
-18
-628
817
-795
576
923
-839
-670
-635
-709
-518
93
770
-757
512
62
-266
-819
442
490
882
205
-742
909
238
193
-125
498
-917
511
-913
-976
-888
845
785
70
303
-59
-676
637
811
-138
104
-648
723
-415
198
-879
-224
-365
-5
-697
107
385
-636
393
-565
-312
-705
-456
-781
213
481
-651
-497
968
-830
-122
-625
648
893
-853
961
636
-822
729
408
230
147
759
-816
720
909
-68
-387
-868
875
722
499
-754
640
-105
805
651
-755
658
404
816
901
805
749
-736
581
147
-859
644
834
-907
-664
-514
710
-234
-392
167
59
215
808
-373
-279
577
205
637
443
723
158
-131
-348
549
890
-430
-627
-620
-457
506
368
930
-589
795
-875
106
624
433
-640
161
-48
144
652
-925
179
92
480
-481
-331
970
-30
-989
-359
-587
-605
-544
-180
-475
-114
-395
-990
418
-352
553
-216
-362
430
-90
576
-387
-803
959
567
-700
552
700
694
-688
775
-3
-811
26
898
-344
-186
-404
-816
197
132
-642
964
391
806
-347
-255
-836
-541
-867
277
-176
840
-286
165
-80
635
-591
-854
-541
-317
308
16
-280
164
416
-177
-175
123
871
536
-335
56
-983
366
-68
-808
177
742
777
-518
257
951
364
382
739
-724
-152
-477
-378
-69
-92
-758
926
592
-303
-307
-491
-516
-65
-860
-104
987
-94
28
206
-530
414
213
614
221
271
730
-72
186
-204
-602
928
-440
837
212
460
-379
638
-424
-748
-833
-705
256
427
573
-667
-4
173
835
663
504
-827
-807
-802
808
-741
314
284
235
-881
-921
-402
-531
631
913
417
-636
502
-559
-362
-670
-32
-684
271
322
-297
266
373
458
12
636
168
-758
-939
277
-310
457
176
-204
-537
-938
283
874
-5
-348
-752
761
324
-978
813
269
-466
816
841
725
739
-214
-907
-202
-378
-656
-908
8
541
624
-953
711
891
87
-378
456
-313
56
-45
292
-275
-286
247
-914
251
54
-133
-489
-126
480
373
826
330
-317
742
520
-512
-671
-774
73
989
-700
357
157
188
175
898
-568
222
-179
-883
630
-309
-917
-103
-511
-637
-983
-704
958
174
502
-176
559
619
-383
43
-542
-583
549
392
547
-406
346
-727
397
842
-99
-714
-641
187
578
537
-819
-968
-626
320
-735
-320
758
592
-548
487
929
-269
-94
-831
-980
-137
-215
-516
819
87
17
701
-487
-53
798
717
-285
-555
-403
818
-211
512
-687
-17
-41
-641
647
-581
-468
-929
-546
-636
-605
552
427
211
-315
461
580
929
-255
148
203
661
-909
-49
-879
-769
735
415
164
738
805
696
635
928
-863
-789
609
-437
-107
-966
-697
15
-139
-174
-415
688
-983
-809
844
833
590
-188
754
498
-567
308
-865
251
-14
-17
-586
333
-762
802
53
-862
116
-787
-396
-498
304
606
-199
-126
666
-91
-380
-609
-330
605
-561
-28
664
-662
882
-820
522
-840
-213
750
722
454
-468
706
-947
30
709
-742
126
717
-218
993
268
-8
519
798
-166
-909
-465
-304
-998
-573
-15
152
-59
-802
6
236
111
-764
-146
287
-548
-480
-231
-707
611
-840
-6
-985
162
-980
-790
-136
461
-317
-920
894
388
864
-570
257
714
817
779
475
-28
-608
-541
312
-557
525
144
-620
508
-990
-56
-405
-55
699
-306
699
721
260
943
-832
792
-873
827
977
-224
568
165
639
742
-38
-342
454
124
-104
508
-28
211
-609
954
-861
198
-372
-986
-631
262
-979
-569
-369
-54
-845
78
504
-103
-393
-754
-450
-19
179
-871
-415
-460
713
343
476
570
996
-540
210
218
-840
-16
897
60
213
-740
705
-683
-976
221
-37
227
-969
328
785
603
-865
-95
195
-702
932
-416
892
423
911
-46
238
161
-572
415
322
497
-4
-296
651
-69
786
852
-332
576
988
899
-758
-366
-637
370
303
-765
214
-883
-528
580
-818
-336
563
-165
-593
-679
-804
-513
417
208
-746
459
697
522
639
91
-95
479
733
455
-724
-18
-366
483
-384
-93
-434
909
-153
135
-82
32
-994
714
701
-986
886
-850
-802
826
-292
774
330
722
-633
304
-963
369
-893
-71
-571
-179
147
190
-749
513
-750
424
-571
-675
621
-141
-26
920
702
-32
-653
922
379
-358
-627
389
655
-67
-339
-462
210
-89
-540
-362
-980
63
229
-662
730
172
591
-586
-857
749
435
773
-830
613
141
47
235
561
381
-991
925
-697
747
794
600
41
164
-664
-591
-931
-297
37
561
718
-899
-59
654
443
-48
-480
511
-19
-757
653
-85
-677
510
-179
-721
764
925
586
916
766
885
933
539
-61
-958
-41
252
510
281
-394
224
-418
-477
526
-10
324
629
-805
-310
336
708
620
194
6
-397
-917
-703
-333
-973
-203
585
681
-836
-594
-571
-997
-22
712
912
-684
656
978
260
556
37
289
700
-718
-233
-518
421
-864
-75
-393
226
-137
635
-478
-897
93
-455
-356
-697
415
301
-181
870
486
578
-916
-104
529
-297
684
49
-718
395
307
-490
194
-121
578
-461
939
-958
574
16
-649
377
-921
-194
394
711
296
665
-534
473
44
-2
-594
730
517
-511
-462
309
319
577
-249
-765
-689
-563
336
-664
-906
-269
137
-841
-432
426
547
-314
-172
-994
-310
472
-233
176
-523
402
485
-144
616
15
388
-16
499
222
760
777
-176
-319
249
251
936
652
507
-81
-516
-579
-362
-814
128
-921
845
-734
-196
633
-680
-155
-589
575
-126
-456
86
918
159
334
415
790
668
758
-155
-412
-941
284
47
-700
380
-846
431
544
-282
-472
658
-38
-454
-162
387
758
149
472
-26
-374
-623
936
150
-935
863
-381
-76
-260
-375
-434
849
-288
-884
67
-252
-140
-559
365
-409
866
590
-919
-612
-864
-415
-17
-599
107
546
852
547
9
909
-807
-274
851
-830
470
-691
742
663
43
47
-369
542
-491
424
49
-111
933
804
825
475
-168
-431
67
536
458
-68
654
570
-883
717
-538
-19
300
966
-373
-67
855
534
-1000
66
-891
167
37
535
267
-830
-370
416
915
-671
-472
377
-313
617
-789
-81
803
-775
820
102
-114
943
882
980
-752
-913
170
413
962
-605
747
376
-617
497
784
-990
91
171
752
943
767
-350
189
399
657
-762
-15
803
121
68
53
612
432
732
678
758
-276
205
-270
531
862
153
315
-447
-902
220
857
-749
569
-820
515
477
688
710
-136
232
-250
963
916
843
-315
-741
-302
-129
665
409
394
-9
-463
-566
-226
-304
-940
-176
-211
870
-428
147
99
-795
-23
222
304
492
-288
777
962
411
-850
-473
-800
-886
571
-433
-209
605
808
-742
833
-721
-894
337
327
556
-618
-380
-664
-780
-122
262
-475
-655
-470
-742
-900
515
633
206
-60
855
893
879
680
855
-217
-132
844
-144
-252
383
-565
-306
-742
-899
121
-18
73
283
123
-528
-487
358
-379
-362
940
318
920
809
451
677
-230
-732
-747
-519
769
861
537
-126
423
-367
448
-285
-945
-155
-162
36
894
-366
-93
991
344
-542
-858
-852
549
826
-162
372
441
-962
-448
-752
38
856
766
134
467
-526
794
-702
-384
-404
683
849
225
-392
-344
919
-735
-222
-380
-715
741
126
14
893
-90
168
941
205
309
902
-264
213
133
539
-281
311
-1
1000
-50
464
-151
-973
-502
-408
-774
-503
-549
-105
777
-879
-985
-763
343
771
352
747
851
391
-917
-396
-676
558
-808
-684
-350
49
163
899
-247
-627
694
694
462
-256
783
-787
-536
452
647
-891
-725
-326
-605
-491
126
103
619
730
616
852
-5
-122
-183
985
780
901
-806
642
973
-994
630
272
-574
-70
885
931
-780
-360
-29
857
-669
766
-199
-586
996
560
-646
-294
-672
178
331
-296
713
-419
-279
-519
143
77
629
900
-603
-803
573
-211
762
-532
-896
938
932
-874
88
-714
273
-65
155
407
646
-482
721
-872
-277
395
346
727
197
-890
-397
664
-649
254
845
606
-761
986
-820
-874
151
-986
760
-770
-873
986
-266
258
364
-870
-717
524
189
-26
404
-626
-328
-673
-83
-411
245
756
-289
-68
374
-514
957
-744
851
-787
-832
-146
-118
212
-848
603
921
131
77
-498
-562
49
592
171
37
999
461
-894
-913
-447
-656
780
-76
39
-667
863
517
402
-526
-14
-702
-632
574
942
-744
-860
-971
908
713
657
673
-646
974
663
739
-514
600
405
-300
605
-758
81
-445
418
554
76
597
-690
-737
494
-433
576
-969
-468
-188
813
995
-480
-491
368
40
-742
-335
310
-743
573
889
346
816
371
14
-441
497
-556
-309
399
411
-318
815
331
-711
662
-579
-589
-395
635
-519
512
-403
-6
523
190
-639
-759
932
929
-663
383
-94
-726
-747
385
510
138
577
-42
380
-23
-240
479
163
-212
666
-97
448
-785
-328
-457
345
339
179
331
-684
-796
64
351
700
-514
-998
456
33
-624
-567
574
653
367
-56
816
-563
-439
286
421
-327
131
-763
-856
386
386
43
451
954
477
-765
390
687
-435
-917
-132
447
605
194
550
-874
-799
-535
359
-777
-565
-963
128
818
-707
618
1000
789
637
176
533
-205
103
-992
-427
1000
415
-330
206
821
735
-702
430
623
537
-434
-451
-368
821
-954
575
276
-462
624
247
-436
61
487
-38
555
927
164
-553
557
-946
-608
-781
-574
-955
651
-478
-13
274
310
204
-462
539
941
927
790
398
-135
283
463
321
-218
480
-25
842
76
163
383
-160
978
-34
669
357
-787
525
-174
-224
823
-672
401
-405
-546
-202
174
675
-465
84
882
-884
269
-301
267
502
-553
-923
242
481
15
819
239
19
-303
-514
-537
-991
-602
453
-980
534
-980
-279
471
-580
-372
-251
-503
149
123
-111
960
-561
-441
265
580
796
-416
-33
-592
697
555
-679
-959
88
982
148
927
407
-663
-783
290
-335
-95
455
-656
-262
-639
517
147
-142
-148
-820
-69
642
-574
-292
973
-230
-293
67
125
-477
959
-66
-824
530
637
-380
762
-832
360
-898
-676
78
-24
921
-164
-522
-756
-41
183
-96
79
-967
-190
-308
144
-847
433
-769
-755
690
-43
-258
-385
-90
101
273
802
-857
882
380
-31
358
-515
167
-822
-971
-571
241
-938
-933
757
-3
451
-451
749
36
-568
559
893
-781
810
655
485
-681
-302
-835
728
541
219
492
100
241
867
55
-417
739
-5
-25
328
401
-59
318
-840
387
-907
174
469
631
-562
-485
-996
293
-252
794
70
-60
457
476
237
-617
998
-933
-650
15
-821
9
-162
74
136
-98
-200
-56
750
-172
503
551
-507
119
-296
242
599
-62
710
-118
-725
848
-38
-232
-853
584
783
-271
681
-741
9
58
-508
785
-963
322
491
123
26
563
-687
-989
77
-685
-951
-385
466
843
716
-326
-386
141
-552
-906
971
533
149
707
179
323
-289
166
742
44
176
764
90
-212
-874
450
450
927
305
-162
-783
729
536
-937
775
69
725
242
816
330
138
141
-969
162
-600
-721
246
-270
-700
442
100
-296
-464
625
-113
-743
981
-27
83
546
-488
-218
346
705
-538
-971
895
-550
-574
125
315
-433
-784
-342
-9
-22
-431
-779
-845
-528
695
-689
-776
205
912
-668
-211
-716
-172
70
313
810
120
-46
361
-805
999
992
-211
790
250
655
559
-987
719
-261
-27
983
761
104
317
-677
-926
-409
-375
-165
-285
872
638
648
-41
-921
558
627
699
929
322
6
364
962
870
344
-787
-538
-448
200
430
533
60
712
411
842
598
628
-493
422
-285
307
300
945
-722
454
542
973
-473
-550
-801
166
620
-53
112
964
410
688
233
-183
555
774
-305
261
-552
-813
712
-955
-479
-434
-681
471
-664
52
-764
836
502
-408
170
371
-896
239
5
-170
-254
-395
659
-625
581
-952
755
-868
-883
-916
875
208
-632
-362
-990
484
-416
438
308
-503
-752
-988
-506
-518
947
-138
983
5
78
697
-802
857
-555
572
-735
-863
-839
-666
55
-897
266
-946
996
64
137
-547
-718
-817
448
-7
899
-268
611
651
-59
491
-481
-885
46
62
472
459
-669
-155
-746
-602
-650
-737
297
181
-791
-530
582
337
628
-415
-129
-332
-974
984
5
-645
-498
-173
-355
-98
-908
447
673
968
135
-8
177
-139
639
456
79
229
76
446
-42
-866
-494
528
864
-134
-373
841
542
-868
-536
-942
-888
-583
933
863
-812
776
371
-247
-471
500
855
409
852
-430
-476
934
721
179
11
412
-910
863
292
-98
139
494
-142
94
-505
-126
41
-895
-349
292
-456
-199
544
-964
-137
972
-805
-341
944
-984
348
907
-279
151
985
-196
404
21
-745
378
608
-986
254
778
-530
-389
952
42
-428
-807
-873
673
-84
-348
417
506
686
134
609
-455
480
-261
392
-325
724
-664
869
113
-342
909
846
75
45
-472
-404
-159
-303
659
-131
36
347
809
384
-766
901
893
624
244
-151
235
-792
-517
-844
534
138
-181
437
-580
544
668
520
538
-429
-882
-633
413
53
-575
553
-901
469
-14
-445
-987
-593
-248
-121
21
872
670
-928
126
-952
-771
-428
-689
978
132
-894
-580
624
230
910
570
-28
406
809
992
-895
316
-509
-730
-19
229
-332
-412
466
-878
-254
254
-802
-767
83
-628
-710
-945
796
-354
541
-316
-961
-696
-298
491
-982
-473
-145
339
-967
120
-612
-481
509
940
420
-905
-977
377
13
-667
60
704
-509
598
324
522
577
-357
-795
802
191
737
899
-749
-954
559
516
338
870
-49
-456
68
-623
52
894
725
451
-733
-841
-365
-739
-317
500
803
-458
-552
28
-680
-215
301
452
226
368
-280
713
-839
-550
-330
-902
-53
908
-725
-697
65
207
570
-38
-51
-724
-990
-557
807
-492
918
-835
-796
646
60
-306
132
881
984
-400
595
320
150
-778
549
-312
633
72
263
860
-40
-975
759
516
-819
-776
745
-470
183
-199
-386
577
760
-168
155
600
722
511
-262
-722
-916
-700
407
-101
-418
-282
933
244
-733
360
-401
-590
-424
137
-984
-811
-674
-798
-108
-55
-209
-162
39
698
-876
938
799
712
898
-410
560
281
702
995
47
-22
-142
447
143
866
-944
669
566
201
398
-828
985
-755
41
-990
-830
-961
-785
-822
-502
368
931
-19
601
-245
-530
-939
955
-962
-888
-491
-180
-414
-387
-506
464
937
-688
-135
-410
-761
-365
178
-979
505
-368
-751
-367
-537
89
644
-856
-342
840
-131
-504
-298
178
-22
237
362
-943
686
-981
-549
280
257
485
-322
-537
597
405
-861
-73
112
458
-594
-251
-990
-696
701
961
199
-212
-44
-849
2
593
-240
-537
65
117
53
-653
-69
977
926
-73
36
-125
965
-40
931
-138
-626
854
-428
-203
-168
852
184
571
-469
834
-258
-378
-196
-163
-240
-177
-279
-494
-370
203
92
830
-182
-657
207
-742
342
330
-56
-29
106
-964
694
693
-804
271
847
969
982
767
-32
-77
-454
-878
-813
-503
282
-61
-380
-547
-468
586
-432
684
615
-509
384
-118
-122
991
-160
-526
754
656
888
755
-165
-921
338
-825
-560
17
297
-697
659
192
137
926
-906
773
-399
503
-240
483
-548
525
744
-425
567
-590
-322
-639
-999
-977
786
-848
937
-36
-496
-687
468
-285
-525
-832
-203
-675
-604
716
876
-855
575
-370
527
-380
-617
630
-870
-300
-61
-849
603
168
-192
716
793
592
-692
150
520
468
-557
452
-85
-729
-869
517
121
915
-858
-223
315
-192
610
158
-310
9
263
855
776
649
-92
143
-223
-164
444
-131
-22
736
-236
363
775
819
515
646
-93
-672
713
637
812
545
876
982
732
-126
-252
921
171
863
-569
720
357
329
128
-871
882
-952
-591
128
579
630
195
476
-895
623
-627
917
174
578
-433
893
-525
72
-747
-694
573
203
-551
-447
-513
784
-89
-206
51
-748
687
-239
-424
16
528
-963
252
-257
307
-906
-105
-555
-596
921
25
846
65
714
-367
-846
-348
74
358
-41
-302
826
136
246
-898
-116
-34
-947
278
717
-176
-991
-8
-476
-982
626
-129
-84
158
-835
798
-272
228
-476
-416
-768
139
738
284
785
9
-831
-279
979
763
603
-854
231
147
310
-756
904
143
977
658
519
67
-16
583
-37
-9
-954
-186
632
-871
190
-316
-119
-625
-646
408
-495
191
880
-354
193
-572
-937
-457
-890
-780
921
-691
426
607
897
579
-600
252
-233
-505
-525
622
246
297
-156
-656
-70
-947
-618
-995
56
-161
-106
-272
780
553
-703
412
621
-945
-723
891
-399
819
-106
-890
-268
-753
830
650
-120
579
218
379
-517
-731
105
34
-900
327
-989
-137
-94
-124
805
-734
-900
-271
-912
203
-926
-551
709
845
170
884
-491
614
-6
510
-394
-727
-675
-167
526
-869
157
-997
651
192
-886
-891
38
487
-522
-914
284
793
-239
748
776
-297
-541
50
318
-930
523
150
45
300
-97
-582
-519
-839
789
-120
128
-444
395
728
298
-496
881
-898
-114
-869
224
960
807
-397
676
967
558
-150
1
-281
492
-758
365
696
-835
-729
505
646
-452
-922
517
-344
372
868
-341
799
-463
28
179
318
908
209
507
850
-397
369
-918
-593
-627
-780
811
-159
-488
853
-350
311
294
395
-178
-274
-741
481
303
31
201
924
952
-132
4
-585
-121
-381
-560
-28
866
572
414
-581
258
-603
-352
-62
-783
-594
129
-466
907
-62
832
677
405
749
349
-26
-336
-805
228
591
253
473
-176
960
237
-316
-79
201
366
294
-753
-651
586
696
-131
-653
515
10
-883
-328
-667
803
470
451
814
192
-191
-622
-979
-35
335
684
-460
-561
-778
983
461
-817
-724
-8
-702
295
217
287
-204
-63
627
-462
236
924
-779
544
168
-845
-35
-237
-188
355
43
838
390
-13
-204
511
840
469
236
-758
-529
44
159
-191
302
-204
-835
-513
4
-103
469
-682
715
-128
527
305
-428
-399
-195
-646
-363
-201
-200
194
634
275
-616
-777
63
427
689
-188
378
606
451
-616
-174
-112
932
690
-108
185
786
256
-820
-345
435
839
788
35
-910
386
845
45
-368
760
671
668
-438
-133
-784
-182
-166
84
805
518
508
332
701
-919
386
-415
-721
-138
-171
478
-506
46
-276
221
506
711
91
550
223
-478
163
225
364
960
-690
-650
178
-376
-646
684
-151
857
-444
418
135
954
460
615
830
613
-455
126
-609
618
127
498
912
265
-967
-196
-131
-17
-54
-475
-861
481
-66
907
841
340
480
624
408
-215
-841
-621
-719
201
-68
-153
-760
279
-1
115
261
-908
-245
-469
858
-574
93
-837
871
394
-723
-484
-622
480
-708
11
160
915
-641
486
-732
-139
-822
-665
-219
996
-7
1000
921
709
368
90
-226
618
-406
-745
262
776
-138
891
-299
-482
914
-408
687
-378
-345
-976
-663
566
108
171
-974
659
-530
-607
765
886
566
180
914
3
-10
599
-956
-794
71
455
300
439
572
-261
-335
189
531
-973
-433
-824
444
-484
-969
-390
524
225
-936
-65
520
619
-51
-805
-819
-668
105
603
415
214
-254
-751
697
167
-509
921
671
274
852
-163
319
238
886
-688
-734
856
-633
720
851
856
831
348
21
783
-159
-134
-842
650
324
895
-712
-883
-17
-380
227
-389
-654
992
-59
-92
-211
487
287
-568
283
425
-854
274
636
748
977
-369
-936
-860
-692
323
944
-973
132
535
843
-229
580
731
-755
61
-784
-586
814
-837
417
-225
-389
784
-820
313
-741
688
-811
-367
128
-797
878
-463
639
-626
823
117
67
-998
-348
-98
-320
481
414
-860
-803
185
887
24
944
874
729
237
151
-523
-228
270
-766
-272
-131
-773
328
-693
641
-953
-858
-66
-127
235
-376
-739
911
-659
51
775
-751
-82
687
756
154
-811
577
601
-639
212
306
72
-41
-390
-857
-343
-471
56
-542
-540
-721
778
-477
-274
-317
-848
-392
708
-17
-712
-811
-328
769
490
-301
673
87
-21
25
-981
448
17
-75
-422
-844
857
-212
209
-271
473
943
-488
661
-290
243
871
-183
426
-119
-429
534
-929
-343
-820
-436
813
-927
924
524
-598
-666
-248
246
-391
-735
-5
927
404
-935
799
257
-240
-557
-764
479
-680
-284
-796
776
683
26
419
-627
-611
-983
876
419
24
279
19
560
474
-565
945
-47
-341
-926
-545
452
237
-706
-419
-799
49
36
-178
763
-702
-852
12
-455
-248
188
986
-751
-764
435
310
-717
973
-819
814
-127
-451
308
421
289
464
-823
-807
711
474
282
976
464
304
-483
6
-112
48
551
152
-236
-767
577
-762
712
921
-350
276
718
933
-360
401
-991
-483
-847
-986
-909
153
547
-466
-308
-712
-828
-26
341
425
-930
-993
343
-338
716
-356
-64
293
-918
719
-792
415
659
-80
-508
863
-670
707
529
-575
467
144
243
497
-587
354
-1000
96
704
247
210
519
-42
560
429
-753
133
784
-181
-303
-671
-143
835
-636
-248
37
-686
-692
716
-294
653
-974
-332
218
-834
236
-649
572
384
577
241
589
-610
959
556
-285
842
42
-797
461
-243
-265
604
728
-494
-693
-836
194
-76
