-480
-684
-70
-980
40
-237
-528
-266
-851
-262
602
549
546
578
-886
-589
519
-922
415
745
-584
-741
-613
-720
567
858
762
-416
-851
587
-379
724
-297
-217
-492
351
-340
-345
993
-168
289
358
-481
-926
-307
-173
-964
358
602
982
-44
-905
-366
-162
901
370
-794
407
-864
992
-413
281
525
325
-882
824
453
-427
831
-880
-258
66
-542
752
252
999
832
210
-84
197
350
-651
-367
971
-199
105
155
-225
516
445
-951
103
-785
-249
509
-23
-667
-992
682
427
-781
-50
-792
-181
857
-292
-54
549
873
-10
-477
852
-337
-468
662
-905
-847
379
863
-241
605
-299
684
-839
699
940
313
-127
519
491
-63
73
-656
-121
-719
424
-707
-471
-324
-692
-941
-375
-63
436
-737
-955
545
-905
127
557
271
-272
-219
366
-492
333
318
262
103
-445
472
755
343
187
240
953
926
43
-489
-983
-789
387
-512
695
951
-503
462
381
590
-284
635
540
592
518
-674
250
-480
-552
1
581
-418
-2
303
478
-587
-615
399
869
-639
660
-608
325
-96
331
-132
-667
947
-639
-225
1000
730
350
896
-849
891
-831
546
732
516
-569
-203
-356
611
841
518
71
535
-628
583
989
-156
-712
718
655
-447
507
1
-586
927
-233
-379
-68
415
627
501
971
-469
345
-679
-475
-928
897
441
-918
-849
418
-250
-804
575
626
-555
-682
-265
210
-418
-607
480
-667
735
-215
-672
-495
317
655
-106
646
-412
990
831
-442
-189
589
250
464
-333
751
845
-153
322
974
940
-647
129
-520
-593
975
-743
85
930
-472
-705
809
7
-767
160
-319
481
-512
50
551
743
-72
-559
586
114
-883
-258
-790
346
118
-632
-614
-674
-438
146
452
985
86
-400
-833
126
-890
-692
72
114
-712
-979
-331
-344
611
-276
-259
72
-567
-70
306
955
939
-580
424
78
-83
-114
703
491
601
-896
947
-535
-869
682
-214
-20
511
-348
-386
-418
805
33
453
-654
-934
391
-45
-399
-108
-844
-256
905
-535
-469
-289
61
-654
685
778
137
-615
-520
-318
814
-742
-144
360
-207
130
-881
337
72
910
-327
585
-38
-413
-338
946
96
232
-929
-1000
33
396
132
353
290
-971
480
806
-172
983
820
-601
-472
-133
827
-443
273
642
554
361
841
141
164
152
936
752
-234
-205
-682
-742
445
873
-967
825
-937
575
-257
459
-444
-834
582
-568
311
-351
733
547
366
-418
775
873
589
-533
755
-284
-839
534
-781
-450
902
-74
605
-843
762
582
-469
-950
-836
298
806
-947
-647
626
-306
916
998
681
-686
113
-730
991
66
-241
868
371
107
-777
423
-1000
317
467
153
727
651
-827
-592
527
533
-220
-201
689
122
695
69
-367
-183
-149
-735
-587
684
-665
-154
-873
98
540
850
958
-753
-472
431
-870
-79
-791
758
-589
203
444
900
-930
912
828
589
-278
-693
-163
-272
60
821
-230
-936
-590
359
96
76
-774
-15
-300
993
479
795
87
666
72
-362
944
-634
-52
198
-300
-621
568
-152
736
-95
760
304
679
-49
840
784
-672
-799
715
952
15
-573
-429
-819
-290
-697
262
-677
-311
273
-371
1
-836
-558
674
331
-778
959
313
-257
-96
897
244
-74
-103
-152
481
891
-876
-414
555
432
188
909
-910
450
-167
42
144
-915
-597
-65
856
-219
-915
434
515
-456
-341
203
-820
399
-246
944
-919
-944
653
157
814
-321
-363
306
-943
894
588
528
788
-438
-378
-436
770
-356
494
155
-639
-753
-115
634
-965
269
448
15
743
365
-825
-684
-186
589
-41
-470
721
976
-703
562
-413
-516
-953
558
956
-82
952
98
-170
215
989
-841
-101
-700
-530
-631
-720
799
639
-768
61
428
-991
707
-982
463
-472
-730
-441
-392
-303
-889
306
-817
336
-888
-674
338
44
-664
606
133
118
349
122
314
-797
-226
-209
94
-447
497
979
-182
-865
514
-938
105
-15
658
326
830
478
759
833
-708
-298
392
-113
-471
477
-494
12
256
51
-419
-171
-253
-631
438
-562
-833
-603
-161
195
570
-155
9
-239
-249
-106
78
-146
392
-427
-958
-124
883
-356
138
-688
436
-455
477
495
727
-711
884
721
137
-932
-805
497
449
152
102
-848
-517
-654
135
-631
513
-74
948
765
-775
-854
96
418
179
898
-460
-834
-325
-201
-537
335
-583
36
-654
536
503
374
476
-315
-726
-242
-375
58
690
10
-136
600
-703
-595
772
201
768
201
888
993
-656
-666
801
-502
-260
385
986
894
758
-127
-456
581
-720
266
979
-123
50
349
-340
-280
693
88
512
-686
282
867
-548
570
-877
-6
885
-171
548
-485
-425
-456
762
27
316
724
145
534
36
536
644
622
55
-233
-374
-657
599
842
-421
-508
166
-435
-333
-545
511
605
-353
-69
-566
222
-821
-62
-243
-843
798
-885
287
-708
-628
979
-392
413
-92
-938
-260
-876
-200
345
-617
903
-182
-496
309
862
992
552
436
-455
-316
-444
323
-806
-511
931
470
-223
-326
-544
-411
886
544
-206
-402
932
-999
-568
-307
-478
812
920
-720
-143
-773
-136
531
248
393
902
-382
314
-690
154
-153
-381
39
692
944
-527
486
899
-448
804
568
559
-701
585
-983
-642
-624
-644
179
-706
-51
-610
-471
914
-544
813
-248
422
978
-644
-679
-650
-832
-151
-453
-466
-831
-692
-701
522
620
633
139
-361
770
-3
156
986
450
763
315
-760
539
-554
-708
4
-471
-101
25
398
823
-957
114
-709
-700
-78
141
38
442
207
518
12
-463
461
399
-598
509
122
-365
-98
639
-963
-975
-315
417
775
681
511
15
-905
-447
-305
305
-603
-397
-816
-86
169
-353
313
106
256
676
947
244
169
969
-361
768
359
-755
-731
478
211
-77
495
482
718
829
-888
975
797
-316
905
-443
378
24
-147
-984
814
-48
-609
647
86
995
497
352
-980
347
174
-742
315
387
103
-686
-683
-76
-791
-571
375
-326
-319
557
-998
-426
-151
-713
-277
872
413
-219
-204
-248
155
987
435
-496
359
-670
-365
-324
-977
955
-86
93
-113
-930
157
-452
-723
-490
336
-696
323
-61
-655
-561
797
201
-665
308
771
-207
2
475
195
-984
-857
-768
326
516
271
860
629
530
-620
567
241
-304
-450
547
-754
-102
-224
893
-747
-858
254
84
369
87
-537
-207
-885
-987
486
-753
645
316
-113
-254
430
358
610
712
975
-696
682
563
226
641
-50
-586
355
-901
-963
-663
711
261
3
-909
-851
53
-355
-145
786
821
-413
606
-634
572
-338
991
-722
-488
55
-954
-562
-49
-938
951
954
423
994
-629
171
94
208
-482
592
691
901
-245
889
-892
762
-461
-973
-902
-7
-529
149
-707
247
251
-382
-617
-5
-568
-468
-283
939
-982
-856
895
989
425
641
-592
539
477
799
-893
-625
661
960
564
-122
-570
-436
-245
-285
421
-661
-346
-936
-813
-560
952
-94
-106
-54
959
745
-146
445
62
202
-86
626
899
529
743
-257
308
-161
234
-46
97
-703
351
394
-622
-534
218
-610
-119
931
5
-145
843
298
292
-218
-491
847
-650
-745
252
988
-199
-697
-722
-951
57
-431
-505
-855
-952
-123
-578
174
-131
-369
-565
377
-20
508
-367
-587
-96
745
-105
-258
742
-327
-294
-285
722
-810
-488
-728
-669
714
-784
-616
-869
-252
979
-297
887
-962
521
-553
922
-555
62
-767
386
757
-729
-490
889
64
79
-380
-158
420
-70
-398
-235
282
344
-690
-442
-385
852
-601
-7
-818
-372
-161
429
420
-95
-425
230
941
287
-167
-165
62
-546
858
542
-639
-83
281
371
-265
-109
-389
527
594
576
-634
328
46
-884
863
-267
896
999
-280
-283
753
-319
-861
-919
-191
-165
85
-541
655
-827
898
-308
73
-186
-396
578
724
-6
-620
151
124
890
225
-405
298
120
-1
-277
-336
-703
-142
-320
-729
629
440
-564
470
33
989
-730
-578
787
-973
-500
-650
-344
733
938
-873
-886
-531
-94
247
931
173
-805
-504
-861
308
-224
704
465
50
884
-798
-354
-877
-35
-568
975
721
290
475
-730
935
545
-648
-334
-898
-163
338
673
821
742
-129
77
-756
-840
-307
-568
-707
-434
843
-663
-423
-891
484
778
993
-806
-430
-893
133
486
512
904
-974
445
269
414
-457
952
-637
253
-842
-989
-639
-980
-694
496
18
662
542
-787
-154
-532
517
390
-584
803
395
126
768
-918
921
238
-267
-38
591
368
-737
740
445
-245
-980
378
209
724
978
439
-399
279
112
600
-45
235
-637
-747
724
217
675
-25
56
868
-774
469
-795
-607
-460
167
-165
301
-839
167
430
198
-247
161
550
-248
-520
922
-989
113
960
-246
4
100
12
-408
-482
-718
254
230
450
-172
-633
-368
-667
-828
-189
597
-343
-360
-310
-973
998
492
-117
600
-949
-111
398
456
-414
226
118
178
-555
281
-585
-334
-756
-796
-109
295
-41
950
181
909
-8
-982
714
-985
410
550
-611
384
-774
172
389
-182
-52
650
-213
469
550
925
-339
-126
-27
-989
-941
-673
-25
-336
-716
-177
818
597
844
-399
-358
-832
988
-121
610
418
720
-996
-228
297
-102
847
-173
465
313
774
27
-729
-348
-866
316
-483
-589
-610
561
-484
-418
-435
256
-400
765
745
937
-928
-994
224
195
426
67
-302
-629
666
193
693
479
522
384
-18
-545
-252
320
65
606
764
104
-998
-767
-6
-202
-567
-114
-602
685
-765
461
-490
-824
-233
-923
749
-385
-191
646
-921
819
-499
336
-455
932
-762
845
167
-679
-428
-899
786
150
216
-318
-335
-195
385
71
9
668
368
-329
138
-887
-882
-218
-566
777
624
-697
302
-436
-770
-914
113
-69
307
716
-437
-520
432
480
949
771
-562
-420
-986
-859
-683
-353
534
-891
-215
-164
-388
178
-231
-838
368
387
273
188
-971
-649
192
-883
-303
-341
118
-680
666
292
-385
292
-290
271
-582
565
-757
-257
210
170
-285
446
33
-504
-427
326
841
-22
-657
447
-226
724
805
-783
879
796
340
-304
759
788
-96
-325
-3
305
-696
401
986
-866
-188
-168
520
-922
-521
315
959
-961
125
-351
-375
455
-108
869
778
109
-162
-936
-333
575
-713
454
-521
-363
-1
-747
22
-214
-79
545
-890
-791
-44
-522
479
-379
74
76
294
691
-637
916
-448
-761
-325
409
916
-995
303
-845
26
51
-637
-16
-962
677
309
-533
-159
-94
-740
527
-385
-625
-594
-446
-136
-775
-674
-99
-145
726
-688
-547
823
571
-49
631
-717
90
-558
-197
933
-824
81
221
-159
-735
-919
864
-588
740
241
-568
414
481
-483
827
-760
-906
357
-548
-974
-681
-983
697
-631
-41
941
269
190
-669
-961
-388
349
-461
51
60
191
-157
-69
103
857
-614
311
186
518
-977
938
849
886
911
308
-664
-572
837
-854
-695
-176
-819
-609
389
-269
-776
25
801
-762
-201
349
284
-997
-51
419
377
-569
-640
913
364
915
-906
582
-762
-922
756
440
-727
-32
657
-462
398
129
-200
-866
-36
-949
550
-984
378
-459
-149
-828
923
-706
-615
650
96
550
-672
-560
71
973
-541
245
-580
507
-514
-331
-738
871
212
693
344
154
-18
-817
-648
867
514
-246
213
-886
-852
-531
216
-525
425
421
-908
747
-241
899
-803
734
983
-361
294
-381
769
-93
-559
-147
-555
-897
-996
-688
-587
-55
419
708
982
-184
501
-903
197
298
230
527
-827
-306
661
685
508
949
-501
498
946
-52
391
517
-677
861
749
398
-289
313
213
615
-943
-381
756
517
871
454
-100
-658
-672
-857
976
531
-35
-568
654
111
-818
441
946
-357
394
941
-289
674
-25
-705
48
-716
-577
24
135
154
-106
-394
-77
-822
-272
-312
398
-845
-928
654
-605
-250
-636
629
-691
641
217
-902
452
58
-966
576
-163
122
-661
198
-404
201
375
-174
-134
153
746
-330
643
84
-721
555
178
556
709
991
-253
-702
313
149
-515
28
-358
-418
665
-970
492
-47
179
-246
743
186
993
-908
-309
-351
595
339
-278
-791
465
-155
577
808
561
-50
860
-966
-926
794
315
986
-845
947
972
44
-219
990
242
94
705
-661
481
-962
582
1
-446
-508
976
642
-780
-155
846
942
684
-665
-178
-561
488
-113
-815
-851
229
433
97
-972
-963
392
-801
680
778
-825
-747
210
181
-314
-15
653
805
328
428
892
93
-335
2
-945
307
932
-903
-350
377
-566
-955
-964
648
29
853
-587
-620
-71
10
-127
-324
262
3
979
46
-325
995
-559
295
-162
-261
-823
468
-996
992
-755
490
872
485
647
-103
-334
584
462
431
-169
535
-998
-874
-182
-716
839
463
812
75
-39
-2
-485
482
-757
-756
-459
923
539
871
-539
888
572
-167
-354
-101
367
-178
391
14
-190
-275
-180
907
110
-349
38
324
-204
-70
263
622
143
-516
-599
-564
-459
455
978
399
533
202
651
709
901
776
-71
817
905
210
-764
-770
888
-419
729
658
484
-363
-630
-389
14
906
-187
942
-238
720
376
-640
-862
737
-704
-802
701
252
-706
-179
394
-499
-529
-377
-334
989
-813
284
-358
271
-220
156
-829
-107
561
817
-886
380
956
415
-337
389
293
-96
-360
659
-345
-178
901
616
-368
404
-853
-422
479
-347
-300
-613
-940
-968
235
-670
89
-945
91
-985
-825
-46
-415
-470
-902
-314
-632
-570
477
-143
413
-502
821
559
-904
824
604
-723
655
-547
-666
-936
-433
-580
186
-997
772
505
-599
197
325
612
-596
701
599
639
-278
-108
-741
414
929
41
741
406
-654
920
-206
-29
-110
-423
522
-779
-517
256
161
420
-852
414
-490
428
497
-124
-84
-894
893
887
-511
-518
277
-423
-984
-118
-644
903
-967
-340
-375
749
-62
11
749
-887
-558
-740
665
713
840
-144
480
-832
-390
212
487
873
-523
254
-591
670
-801
617
-496
317
-245
-625
968
-1
-331
-972
523
-227
561
120
-521
-506
105
364
407
-841
-139
-580
-107
-281
-310
-575
-878
289
-469
-224
998
131
948
561
299
487
-948
569
-587
-708
-446
645
532
621
101
467
560
-327
355
-495
544
-430
333
508
-994
-796
266
991
-469
-527
-98
-637
-502
-121
417
-341
198
616
577
834
-809
350
982
356
-24
-171
-272
428
881
280
279
226
887
297
28
-364
-949
121
877
902
201
769
813
-513
-872
618
40
748
965
-221
-51
-610
47
678
-14
459
172
-136
984
-929
-157
-945
4
643
798
581
-175
150
-811
-152
441
-233
-607
-781
54
-438
209
642
-274
-405
-192
-420
75
-588
-253
-268
122
447
-141
483
84
83
802
-72
-592
85
-974
194
-648
-584
-869
17
729
497
120
-223
-602
-857
822
489
-346
592
578
711
947
-827
-918
-146
-729
-596
580
-237
-105
-789
812
-783
-113
-200
-750
907
361
965
-494
968
-485
924
-648
799
875
39
-587
197
404
-230
-272
232
-201
276
542
-905
103
-295
-211
260
344
567
149
595
476
720
-819
-470
860
575
939
-397
-930
-755
-2
-735
731
554
-249
-945
-390
188
-667
760
-932
-885
805
-140
-414
832
23
-960
-186
121
-517
918
-654
643
940
-983
-798
-920
-209
103
-999
-508
-665
738
368
-900
183
625
-501
874
226
-754
-402
-329
455
779
-326
492
669
-705
563
735
828
-923
-327
908
-541
-444
-615
237
-492
271
-903
-381
-887
583
-378
390
-990
244
-830
-560
-692
-980
533
-259
-508
-955
-501
-161
-192
-600
-234
-294
122
-72
217
58
363
859
953
-260
813
-386
-597
-614
-132
610
361
92
-499
-401
879
-154
-154
-583
232
514
975
443
762
686
-666
852
-741
742
-169
106
474
754
-362
-457
-550
-465
-677
-709
-132
-923
37
311
-689
755
-978
-896
-280
-627
-705
-15
-338
908
228
59
377
-88
-98
136
29
224
68
-148
-554
353
-532
-949
167
843
450
898
-112
479
-271
-934
974
397
-420
-8
-900
-379
546
751
581
371
637
-866
-121
310
-166
-772
-626
-765
822
249
323
969
-572
-244
-266
240
365
-889
743
667
389
-162
456
373
-175
37
53
-149
-422
602
-925
431
769
358
536
854
513
21
181
-558
959
-422
974
504
-200
723
810
452
55
309
-512
-378
-644
940
364
-531
-881
-829
-776
-322
777
166
-82
722
88
880
999
-590
851
738
399
-391
94
-672
-278
977
-164
-764
-275
-442
-124
-978
-689
-216
980
-27
-361
-514
-472
-363
-173
550
198
166
-852
-691
-208
-243
214
641
-634
-418
196
-20
566
202
233
-210
-80
386
765
887
-809
-293
-452
-163
-44
938
211
-949
75
-848
-753
346
725
909
801
-957
-237
-7
856
572
644
-940
-898
-254
727
-8
-968
-583
-3
664
88
-231
-145
351
-945
-209
-550
-707
-180
-853
942
145
-365
-777
-382
-507
986
455
0
-71
-616
131
-809
-246
-962
-749
568
-975
142
262
-767
-585
280
-110
100
-390
-81
763
-778
-478
11
-14
-302
24
-642
-975
616
-527
-338
191
385
-796
157
696
582
-346
-663
-715
650
-93
-114
-528
628
-629
979
26
52
-422
952
-1
747
-13
-844
467
-80
-496
121
-753
-224
251
-234
929
-638
-592
-494
-297
876
-168
100
-648
933
-946
385
-171
-711
614
-742
-710
-565
733
-915
859
-987
-609
-221
-560
-817
-912
-407
598
-151
25
479
809
-808
196
760
62
-912
-549
-455
-535
-429
-116
-789
-969
-790
-813
745
-572
8
-589
784
710
206
977
-656
228
-572
39
-729
430
-477
468
500
-553
-790
-134
-553
-375
-271
902
130
-876
932
-462
-705
391
-946
903
-404
-170
-707
359
-880
861
293
-104
239
-845
-175
179
88
-675
-145
-132
376
157
118
960
121
-442
398
-402
-2
504
-170
-488
315
-529
882
-651
-765
495
-721
-203
-687
-671
144
-579
785
-648
-220
850
-344
-665
-877
199
370
-386
-171
553
-428
-530
760
-768
-343
597
513
247
573
142
551
-231
806
379
-716
-663
-60
-815
-643
96
-140
-555
445
468
-706
-418
-444
881
-604
863
-320
438
-762
-151
380
-295
-249
674
983
515
-319
-76
834
-200
-490
-96
256
-680
-957
403
161
184
-747
-29
-966
-965
-635
-686
906
-414
-69
199
-239
690
-8
383
-967
-173
48
-847
304
-323
-713
-395
894
309
237
-906
-561
-114
-968
843
-660
837
-401
902
985
-551
571
531
566
859
-227
290
-290
214
-110
-176
90
708
-3
891
-780
44
-498
398
-669
645
-72
296
-402
560
-410
-826
-611
107
-381
-893
463
215
262
726
770
416
-209
-618
408
468
770
-955
184
805
926
-349
671
339
705
923
-161
875
-294
535
-943
706
36
-157
-124
-760
713
-618
501
748
-843
979
318
397
-852
748
-861
-735
459
104
584
991
-420
797
722
-516
-967
-737
875
-445
845
-651
-603
926
-759
845
928
31
-707
-147
606
-375
153
627
511
516
130
468
104
-901
501
-842
-9
-939
881
-197
938
-493
-721
220
-304
-867
50
479
856
-660
-529
-453
496
465
721
722
-696
98
896
374
-406
-749
-51
79
386
-899
-725
273
131
-409
-217
566
520
746
-774
482
662
-207
596
806
282
-542
-678
452
-38
747
-164
-608
402
94
903
-900
980
-141
-267
20
-727
-60
-705
-466
-555
-555
576
409
769
-268
-393
359
96
487
309
704
133
-606
-110
525
-929
739
-886
717
620
606
-23
-448
-909
857
719
-700
-517
621
123
-402
-633
-230
626
-228
859
-158
647
543
-792
837
-354
988
-214
4
306
-405
981
225
77
510
930
357
-598
-41
748
861
-609
142
403
862
-529
342
-226
739
668
405
-51
-516
194
-152
913
684
171
143
581
-985
-632
-552
873
-538
-342
398
-710
832
658
-812
628
373
-388
877
129
705
-312
-515
-268
-793
-460
-30
-58
633
892
-205
-200
282
453
-950
919
-551
83
-924
903
-313
497
-277
-705
-859
-427
-384
935
141
589
702
407
821
-461
-237
56
936
-532
-798
780
882
-829
-76
913
802
149
-5
-420
-453
545
853
23
790
409
-104
-902
831
11
-469
-625
-899
718
463
146
950
-389
752
953
-533
894
114
-260
70
382
399
333
147
-940
497
-925
-981
-949
-922
-719
944
-220
-430
713
-839
544
-315
-238
-401
-966
-706
58
-984
777
345
584
-418
-797
-138
-497
892
190
246
-763
-704
-296
324
549
349
456
361
433
66
588
717
469
-984
-689
78
-610
-712
-108
-713
-128
383
279
-685
261
528
327
-973
-38
-399
-770
645
217
-682
-698
649
271
180
67
-89
891
-315
-446
631
956
-268
332
-928
-959
76
783
245
678
-880
-227
435
368
-187
-886
-251
823
504
-420
-584
-282
877
-703
-276
-535
-221
349
991
31
-29
499
-52
-766
976
892
-125
-256
-9
-814
-213
-389
-140
322
902
-13
-761
-948
-392
-926
754
929
568
-122
-471
-168
-615
621
-196
749
-592
472
-617
374
369
984
-879
798
-874
-711
-143
96
-441
566
324
675
-20
-502
-86
-164
-398
-780
-174
-99
-95
23
-229
412
264
-443
-985
-818
-836
-175
169
270
-704
235
1
-585
-262
827
447
577
-345
360
213
-603
844
436
635
979
-814
-51
201
203
-720
446
-518
-1
-375
-882
-241
-457
-198
545
-649
-551
-69
394
826
-791
-822
-115
-212
794
498
-415
-992
-610
-153
538
367
-70
83
-206
694
-108
-880
-139
-612
-506
-972
-961
271
-453
906
-435
-873
-778
528
847
-204
-476
-892
810
-176
-165
481
705
-555
700
-650
50
68
-219
48
-116
-763
-285
-197
-642
913
765
161
343
858
-523
322
273
91
-127
-7
-721
-644
201
-415
733
-328
4
-485
-968
-86
-717
625
331
630
-510
505
-968
98
125
-226
243
-85
296
-166
353
931
-273
-930
699
314
511
402
929
674
319
-51
955
-196
-527
562
991
-802
-826
-585
834
-720
-310
364
799
958
466
-608
384
-48
-419
30
-435
-130
329
-694
715
802
670
-116
-887
197
113
712
-130
816
-379
614
-331
-975
820
-839
167
-590
796
-505
655
18
398
-262
459
971
-502
457
-417
-561
-267
95
580
803
-76
645
-653
-748
676
-524
-926
-660
290
-328
779
285
-77
864
-706
-677
904
-956
925
506
-731
489
239
-696
-583
368
685
258
45
235
908
-718
136
-891
-165
-537
-937
744
-94
325
833
734
811
-486
262
600
-293
874
-653
729
262
-137
-939
967
-766
-234
-171
-661
-421
-658
140
674
881
-201
859
563
-198
-110
69
-931
59
-647
-912
646
-878
600
-575
-79
-468
-135
33
106
4
146
-943
-399
-631
380
-261
425
-333
194
360
624
566
659
3
-89
852
-241
293
-321
185
-901
-83
653
28
-589
541
-988
813
157
420
-304
-482
403
79
341
255
315
454
-633
-734
152
-448
176
133
909
-982
-863
816
-626
-899
-452
-769
-625
113
-864
577
-347
261
-397
71
198
-145
975
-910
510
457
358
-422
694
336
647
-526
-597
-561
-496
725
64
-226
-875
-226
613
556
-746
-445
890
877
-839
570
-791
-386
442
693
129
-680
-454
249
-354
-212
486
-338
-749
-234
27
650
-51
684
-785
461
-552
-722
175
319
-865
-452
419
-795
-756
-679
659
-409
815
-212
503
-269
668
980
75
964
670
-243
-602
253
109
390
-75
511
-478
-840
866
319
-740
-1000
-247
215
-450
-411
591
872
-912
10
295
-604
539
113
-791
-816
-997
925
859
58
13
80
-820
-531
-393
-993
-483
897
821
-517
170
-198
-737
-413
519
422
-397
343
-512
684
81
602
447
633
178
-359
-46
123
23
-297
-975
715
-62
-945
-467
-123
-85
420
110
-114
-77
975
-522
54
-577
171
-423
-932
875
165
20
543
-779
887
-831
-843
-784
928
617
-453
112
63
712
-570
-355
-730
491
46
510
46
573
138
665
-21
-136
-141
825
-484
-459
-994
-811
-61
-229
319
-567
-961
394
-875
-410
-816
-395
-377
-614
249
105
938
-166
770
-475
590
279
584
-627
-931
-915
414
665
211
990
882
-258
422
399
-773
-275
-421
-596
-306
-887
-999
693
743
26
767
511
-602
-997
577
-532
944
523
-120
-39
4
679
-793
75
-688
207
-239
-297
-620
346
378
-338
416
774
-155
-310
-972
134
-980
63
-878
244
-676
-726
-834
-539
647
-900
338
-195
706
-120
716
-275
-935
534
-927
670
174
-111
835
381
-160
-110
722
-764
-517
508
321
936
4
103
-268
792
671
644
564
-591
640
-713
275
673
-58
-6
260
908
-678
717
18
-575
-981
115
894
-852
-582
117
624
-710
709
-656
314
-363
78
-863
-713
-971
-213
130
-325
464
-91
-217
408
581
-175
-297
85
42
-504
93
-564
-338
-757
826
784
-927
-734
-303
-493
628
-814
-615
483
178
528
275
-799
345
-543
844
-504
-399
871
-162
-137
146
-436
-465
-379
-877
832
971
-838
-748
-34
-486
-258
-64
-539
898
-721
-93
-11
404
440
-924
-461
-925
-976
-664
-464
336
636
-94
-234
-749
531
-548
-543
113
-12
363
-558
607
-362
225
720
79
312
131
-122
855
528
-108
-957
484
252
936
426
999
959
443
-633
-13
588
80
624
-556
-939
-461
466
804
784
-620
791
-240
76
279
-294
236
557
608
997
-748
888
-976
-863
-242
-657
645
-483
557
206
-359
827
-474
-119
581
-126
-728
568
-600
258
-354
-608
135
-462
-485
187
-217
372
-226
-444
738
-25
495
156
486
-117
523
-818
327
744
475
-49
-176
-577
-782
-555
-154
632
-705
-82
-70
-364
953
-840
-990
261
89
714
-746
-439
207
285
200
-568
30
291
579
-666
714
-538
-574
-323
540
-719
-525
-430
-839
640
934
962
-80
283
515
-358
-247
-807
180
241
-75
-273
-117
-465
-308
651
-768
-499
-601
601
140
-880
-16
500
-230
697
32
188
-324
-99
-392
51
683
-877
-460
-713
-995
-970
568
126
-88
-903
976
-275
543
244
484
596
917
586
544
-186
-712
-97
463
14
-464
-599
506
620
-909
-332
-506
975
-253
817
-566
411
325
-431
369
643
830
497
510
-144
-605
-312
-353
898
465
56
-271
-426
741
355
-320
-983
882
367
-975
-57
-720
725
-10
520
259
-136
-436
-11
256
556
-578
182
-239
-406
-235
915
-687
966
510
-858
-762
991
943
799
-622
223
-268
978
-443
-532
-5
-428
868
-512
936
-577
-764
415
234
-89
736
955
763
-506
668
113
22
-312
569
-352
286
90
-472
404
32
-970
-752
-406
815
539
-678
-874
105
447
-394
-182
952
592
307
-275
-19
585
-998
990
-17
-815
945
46
178
94
-219
272
208
522
958
-46
-583
-684
154
-196
585
-734
-104
108
-147
-89
-918
529
10
-549
-823
-662
223
492
34
443
-996
-578
-780
90
421
323
-982
720
-622
-189
996
-287
-910
-597
-89
-139
311
105
-753
-209
660
92
-936
66
-782
166
510
172
-764
659
595
-916
384
971
-772
55
68
-345
58
-951
915
-570
-939
-32
-668
703
-43
-352
-485
-510
-781
-544
-134
-765
-582
681
-495
967
-551
466
245
-33
-510
257
257
953
35
887
-948
851
555
441
707
856
775
514
-977
220
192
-484
-795
-37
-963
919
-229
-100
-800
888
-456
692
778
-173
-734
474
88
814
40
-83
-305
435
247
-463
-385
137
462
-48
-673
-236
-778
709
505
879
694
-884
-72
395
569
76
865
-120
-121
-666
496
-497
-936
-883
586
-907
-991
-116
-745
856
106
62
165
507
-640
637
-990
-633
-305
672
195
91
105
-307
746
-264
-467
-826
-326
-22
-131
692
-971
294
-453
-87
-322
-78
958
-329
-42
-266
356
350
-414
107
-219
-287
-581
401
480
-296
-146
-453
-165
-198
-414
-6
-561
66
-902
-507
164
-995
-692
-432
258
-174
-492
-139
-502
768
-301
-478
17
767
289
854
81
292
926
-47
387
127
264
510
-990
-378
-44
-542
-991
637
-366
-133
876
-957
253
828
643
931
40
-495
570
266
-228
-193
907
892
-340
319
-339
178
602
865
783
614
187
-627
-434
-226
733
33
-517
513
727
520
174
191
-436
-738
417
-182
-189
-212
482
555
-1
-549
-297
-604
815
-983
432
179
-595
-159
-149
-753
-370
-541
-446
-264
-228
-578
-334
855
-985
673
-964
844
-725
-165
144
-295
-126
-442
265
79
-310
669
-509
-161
-602
-295
559
22
725
-168
577
776
-899
-228
-827
823
643
765
-686
444
-778
-691
-483
384
-73
-403
600
-413
365
-163
-2
-35
112
-581
-810
-664
999
-549
151
-671
-721
-986
107
-48
568
-928
46
-803
-773
-596
104
-513
250
-1000
-831
568
386
311
-785
534
-865
-438
117
390
-775
-36
-845
-626
-97
829
807
422
-616
-850
-504
658
402
-403
749
-321
577
-4
736
615
-507
-565
121
-629
-360
404
420
-756
792
474
-851
801
-88
176
629
847
-859
325
429
-500
235
-120
-727
199
-632
72
-401
476
954
539
272
931
-985
-318
45
-837
-667
793
195
-793
685
133
641
-554
-156
142
721
-799
567
766
991
-565
122
-726
-161
-386
-950
-504
828
-199
-778
967
276
-980
-726
-485
-405
860
722
477
58
-677
193
752
67
979
-521
605
-983
-160
846
60
-407
-827
-122
779
353
-391
397
-228
-480
-564
-530
-695
-584
-310
-622
-102
-508
651
380
-875
821
-755
-585
392
-608
693
138
-400
376
729
197
401
474
514
-971
-922
664
263
743
-229
201
182
495
-468
427
111
905
-354
752
41
542
978
-660
196
697
413
262
-266
-877
269
677
-297
