360
-920
643
712
512
-81
762
-739
894
140
-279
943
913
736
64
525
-760
-276
-276
690
642
-980
955
511
282
252
-677
-703
-255
-555
-375
-916
506
-123
-644
-971
258
-7
551
-901
-186
-271
674
-887
-966
719
-38
11
283
-527
-829
658
856
204
-981
535
684
-46
-373
-691
-714
60
538
-846
597
-866
-745
590
533
581
617
214
-165
-276
306
577
-738
31
100
-908
586
506
-725
197
-603
152
-855
-927
8
790
-510
-590
-329
-125
-438
-921
214
-304
835
-835
-905
502
-851
939
-423
-346
759
-852
-623
-71
-654
478
272
68
-806
651
899
634
-12
315
795
144
230
650
500
-463
223
530
998
-625
161
375
231
-248
924
-470
750
-110
-733
380
944
782
446
759
-366
732
-300
-742
384
539
-918
-786
259
-3
779
205
-262
914
-779
993
943
-807
671
-629
84
615
563
898
389
-625
109
562
-609
529
-561
62
-901
633
747
-35
664
589
-461
27
-475
-863
-928
-587
735
-357
687
-627
211
380
275
-34
954
-587
-262
129
-961
-41
-424
96
-739
-336
497
123
-234
-928
-614
-199
-936
-428
383
682
960
374
-970
577
989
651
489
-42
-70
-243
-837
-979
-675
646
-937
246
779
566
-571
-645
46
442
-311
230
-680
901
-546
284
-150
429
876
650
-39
-706
439
-930
-69
-662
-819
-477
-139
-993
-441
929
-893
193
377
-830
311
630
254
926
749
159
-256
471
985
290
-188
-65
-666
-173
-395
443
-12
687
-673
908
682
-739
-315
-83
-962
-781
201
-846
137
249
-285
475
-560
-191
411
112
-956
-910
612
175
-181
-513
360
-614
-215
483
-443
-297
-420
-594
560
-613
360
-249
-641
232
841
425
89
308
-767
-215
680
702
-50
88
446
-182
-618
-591
-299
-1000
-585
310
-721
489
909
770
-940
486
-495
-215
497
65
-718
-232
-510
218
361
-921
747
-729
-357
-626
-173
672
993
-752
-900
814
-537
534
-93
331
827
165
-611
881
568
-287
55
-649
-317
-63
525
-50
473
-297
503
-35
659
91
-699
-927
-990
453
-886
-200
-704
74
-786
369
-344
337
436
-22
314
-84
-741
-742
207
-712
-215
662
-880
375
-889
-328
290
-125
578
-513
-467
127
-376
-377
431
285
-740
-247
-310
47
-990
936
353
126
-140
743
688
521
789
755
152
552
925
-220
-816
-910
487
-577
925
953
13
-315
-376
-95
-143
718
226
-209
602
-236
-683
-577
611
329
698
152
-932
-596
340
598
1
557
-807
-52
22
818
-118
-391
100
-109
-436
416
81
-337
-984
-222
221
360
597
639
882
853
174
-407
596
-513
-738
-7
690
241
-343
-547
-844
113
927
353
369
-597
-302
-951
907
511
764
-835
749
525
-579
738
764
474
-113
324
-383
-520
-881
28
-200
187
320
812
851
-379
-214
799
-782
451
593
71
-360
-24
891
-148
-22
701
-70
620
-434
199
851
-854
271
811
-279
275
758
771
-925
194
28
-1000
943
-420
505
-412
-334
-60
527
516
689
-773
183
-89
116
820
418
-237
-218
-56
-817
964
-819
-424
-651
-862
-701
-272
349
-826
403
-843
467
998
-739
-358
-1
521
977
-788
-855
-24
171
557
-162
-310
960
283
676
-450
387
450
-165
438
-632
483
5
-820
363
-262
-611
29
990
-514
120
-770
-226
-988
-128
-119
232
-462
311
371
4
491
-571
-963
-648
358
746
219
815
-98
-694
396
167
404
949
-493
-698
-581
-535
335
-806
408
-505
853
247
-320
-889
-837
-746
-194
-669
497
-601
-928
114
-674
889
-680
-462
322
831
-461
120
593
-361
-527
-172
397
-955
517
14
210
182
-303
541
814
575
647
319
-415
-340
-297
264
825
-40
-495
277
599
-741
-471
-429
431
873
-89
-903
-918
-49
-334
-349
982
332
-220
162
-433
-917
-735
-622
-277
-565
-34
990
658
-49
791
918
352
-818
534
-142
204
-981
-997
-51
867
-399
-368
553
668
944
-760
-981
-86
70
561
-272
-320
-425
-728
-257
417
469
-793
586
160
855
-46
-360
277
-808
679
223
488
595
125
-446
-128
-229
-368
-116
-398
-781
816
-571
336
440
-27
-958
636
168
-741
335
-867
37
-892
625
987
-965
-33
208
1000
-709
-254
-778
-118
-831
200
981
-148
83
-800
-313
-222
-670
963
-487
341
396
-258
-983
-524
117
692
-483
499
-630
-106
118
-585
618
425
-832
823
-707
416
-174
159
-847
-402
429
-357
-623
-20
264
37
-609
-103
333
-682
-303
601
-389
207
-41
-356
-717
683
990
-986
-433
-438
-928
696
173
-5
210
-6
-742
847
-143
-468
141
-921
-302
206
642
524
-120
-674
285
901
457
-289
98
-849
-569
216
-94
801
-272
-32
-574
155
918
571
-352
433
-259
-655
822
59
521
519
-313
659
-317
-238
893
-259
869
-471
839
-16
-130
85
-738
657
-660
-778
63
-173
-646
348
-422
-58
672
255
796
-84
234
900
453
24
126
38
15
882
-264
-278
68
-707
465
-79
-999
400
-188
799
993
769
-38
-861
-571
-903
21
959
-742
746
-594
952
39
-47
-803
-403
-267
348
537
-16
118
-662
-281
480
-133
-460
-125
-501
-732
-487
-397
545
881
-501
14
573
520
291
211
-289
-441
-399
763
-977
23
115
978
911
312
-429
-455
-682
462
793
675
-80
-274
-135
-84
361
751
-528
753
-688
-443
851
852
312
-769
808
611
-295
-724
979
-763
-168
-502
-390
-131
-187
549
652
596
958
164
807
621
-930
54
-168
-740
853
27
311
433
-598
834
520
569
-4
847
-711
47
-797
-683
-796
382
63
439
200
-514
821
682
-373
-736
973
478
364
795
-432
-648
-609
-102
684
699
318
270
-105
-339
272
-27
-268
-373
-586
8
5
242
86
593
-942
-193
-977
-410
-577
3
-884
10
-873
678
467
217
165
-75
-450
-324
-972
-424
734
964
922
244
-26
492
737
545
945
-554
-729
-74
497
-278
-478
776
563
503
590
994
982
998
860
941
-44
-625
-515
-319
-355
-165
792
-868
-502
-439
477
-466
313
-969
-154
587
-937
182
651
-760
501
-955
563
-936
-404
746
-677
357
-388
527
135
-831
-686
653
719
551
617
937
525
-995
183
-552
594
-248
-385
-541
147
-452
-159
801
609
728
-988
262
-558
-190
421
-626
-581
130
-514
645
865
-958
-322
990
-315
-140
-429
-420
749
17
13
-555
298
742
671
590
358
613
437
-853
748
428
-691
-571
123
684
407
900
259
-316
-215
-529
-355
4
291
-919
-966
774
-549
-479
-750
782
378
-379
-988
460
120
-772
-755
-697
769
215
216
-641
970
-969
499
-17
-652
-688
-648
-197
-705
56
-60
23
-175
807
-834
142
-18
3
339
160
-897
-254
761
192
-603
616
760
11
-314
-49
93
-747
339
976
-242
-363
-834
718
-832
765
147
-514
480
96
-77
-151
-45
306
-692
-170
409
-568
-544
718
-79
-90
448
599
223
887
-490
905
-797
-485
-581
-264
906
741
-589
846
-538
958
-177
90
652
-504
387
548
-820
-812
431
214
-757
973
-234
-727
-220
110
571
523
352
-576
410
695
-523
867
-48
-37
-179
443
219
-172
130
-970
-651
-665
567
554
353
628
-888
125
-981
691
-594
857
914
-337
425
-633
700
975
100
-480
-422
-139
283
-670
-970
-412
613
-846
832
-793
-220
376
-684
940
-120
-709
-411
803
901
-15
469
927
707
-243
-230
643
-808
378
356
916
-443
-785
700
530
-371
-652
357
-599
392
646
-841
-706
-74
-647
-829
656
-262
-184
638
-397
454
137
549
263
67
445
484
735
-411
-308
48
762
-988
-520
668
254
132
-316
-753
762
-564
262
-447
336
-180
-135
-74
184
594
341
855
-256
-534
-519
631
-867
275
18
183
374
766
-46
341
645
282
567
793
-216
-371
-217
177
-421
-297
241
286
470
-17
-787
-774
636
470
-372
665
160
-963
-997
62
13
108
-833
-818
-127
-782
-834
371
611
211
282
-47
438
556
699
-605
-449
-202
914
797
594
397
748
726
566
884
-710
-993
240
-11
609
-204
-424
-644
-29
500
-176
-712
-668
587
671
-672
963
-3
-817
-485
708
312
-805
539
-70
-676
-855
273
704
-161
-223
-338
-600
-316
405
-657
590
-400
378
-329
261
754
10
999
-76
500
799
-441
-538
-903
229
-603
374
843
-283
750
665
524
-447
-627
-402
891
-740
69
-494
-219
446
-511
-852
-592
-476
730
973
383
-167
460
498
863
-346
-907
-599
681
310
144
-147
-927
225
99
886
-111
-154
-859
927
652
905
614
78
-115
-259
-928
123
929
638
698
77
592
-512
942
-992
654
813
-353
214
-347
478
265
-578
-667
878
-61
-50
-691
-852
-415
-482
-61
-677
731
18
594
808
-547
-805
720
374
-897
799
242
661
-362
-930
700
-500
208
444
-914
489
795
41
-966
63
736
-661
968
-133
-677
774
-838
-746
-423
-282
-73
277
894
-580
646
-644
-651
892
-923
-45
-20
-646
118
845
-374
-820
190
-318
-7
-873
811
