-812
620
255
-841
669
405
-476
-78
-987
407
726
-627
90
-341
-102
811
-455
-539
175
287
451
105
-77
-85
-761
390
-790
383
131
-366
-144
-365
-56
935
-887
-889
-989
516
221
556
-910
357
-75
928
-740
-43
449
-472
405
-465
620
511
-587
116
-515
-819
560
-525
337
158
688
741
-380
808
-105
688
418
172
-719
482
-640
-753
556
632
616
-911
942
-461
834
458
-699
95
-677
-729
656
999
-926
-217
-257
-209
-715
840
-893
652
728
223
-455
744
472
-882
279
-618
-394
-951
256
-12
-721
183
-425
897
682
780
872
-136
140
28
159
-741
-628
615
-85
568
380
-142
137
302
790
-867
-859
-748
598
-39
-18
241
-554
409
482
237
-959
804
756
776
-852
-989
658
27
-276
643
-466
48
-153
835
575
-426
-513
333
912
-906
-923
-239
-359
890
-772
-95
-483
-635
-738
-916
-424
786
941
-6
-128
688
147
77
908
-922
-987
-149
-563
-35
530
951
-533
-243
-341
-117
-981
703
-445
371
-239
-373
-809
396
427
912
-554
495
-952
-983
117
-750
8
-614
-851
474
406
38
713
-819
-6
-524
228
-802
468
88
59
339
-885
-335
88
-517
129
484
923
-212
-219
803
-446
-474
416
-294
586
893
-546
566
999
-594
-878
-79
-896
897
-980
-260
-298
-479
684
315
99
429
-262
-873
-53
-651
397
-116
-697
-918
-731
-353
617
-990
-783
54
700
-849
-849
-144
637
-445
-442
207
982
-835
-498
-955
-257
-43
247
132
-679
-651
246
-361
-509
-771
-547
796
425
-264
-767
786
38
305
-131
-12
-804
-139
408
592
-736
-607
8
26
682
602
-266
983
-905
-46
-243
34
917
-17
613
-690
-83
-87
387
246
-692
-784
-638
2
104
332
-528
-815
-507
188
99
674
-793
-648
-126
130
-881
-640
954
233
-47
-129
194
-77
543
-546
-425
-776
-149
294
-786
731
901
623
-127
-966
847
728
892
-858
123
961
-66
-497
-445
412
883
662
50
28
300
332
-36
968
271
57
-317
654
84
6
-865
60
-532
-7
-662
-176
470
96
78
-571
-752
639
532
159
527
-846
-850
330
-103
857
314
-237
368
-318
465
-199
683
-897
519
654
868
974
-336
435
313
37
280
452
447
-56
-215
396
-317
236
332
-996
419
493
379
520
780
-366
215
663
326
-445
-305
445
-415
-594
-5
-561
-232
905
80
601
992
-594
-52
176
805
539
576
196
744
401
-54
973
585
861
67
778
-410
-555
-121
487
513
-304
656
-903
-585
701
-122
-690
-827
253
641
-728
-101
673
339
401
-934
-314
-176
292
-730
0
-422
524
-788
-162
-148
-658
-928
814
-712
954
-76
335
-38
-338
49
-298
-30
-315
-326
-351
165
-255
641
-333
273
355
78
494
529
-705
241
410
900
-332
-244
761
-112
-104
-409
-997
-361
827
-381
-413
12
-536
-705
-299
-663
-968
-640
320
-190
964
-378
563
-66
593
-667
146
761
-634
784
-888
-687
-895
360
-983
-876
574
910
936
-953
-94
-962
-72
-84
-67
-48
703
694
10
690
765
49
527
851
925
-306
-884
-418
148
-614
-293
-416
-641
458
-574
-990
978
-397
-520
-697
466
679
-627
-665
-383
-478
-768
-900
-438
120
-537
783
-643
692
818
27
-926
-908
695
860
-315
-71
844
471
196
-244
-425
723
121
865
-475
619
341
334
378
-606
969
-229
497
173
901
615
-568
-750
106
-780
-45
975
294
-562
-95
-418
441
32
16
-838
-770
637
251
-219
60
-948
896
-860
-139
485
77
875
452
797
-649
135
228
314
-524
-69
545
-716
985
-199
7
578
251
-57
749
-254
27
-240
-235
-867
121
255
-150
797
616
-965
-115
-270
-754
-61
329
353
-287
135
958
-791
863
-514
797
622
777
-171
-850
-750
-74
-269
-573
291
-367
837
-10
277
-803
440
187
-446
866
-821
-467
55
-413
212
771
678
872
-88
753
742
765
-113
-133
684
-826
-382
508
979
-610
-918
75
-575
60
388
558
856
808
19
-302
-809
819
787
-423
844
-521
895
388
-558
-483
-762
-925
-519
543
4
-663
358
-384
179
798
650
-163
566
-985
-264
632
594
-7
-247
-603
-389
-352
687
-96
-39
188
914
312
-122
-503
-194
-65
-881
315
984
-642
404
966
-148
-436
-278
-278
837
-295
-16
850
416
-161
-98
480
-16
920
799
77
-380
600
179
260
201
-939
879
658
-781
-398
-867
-790
-476
-564
-291
329
-900
632
505
760
-284
715
-622
976
201
-916
245
809
-810
389
766
-510
-309
649
-312
882
999
-797
-168
-701
679
-402
-129
-817
-649
-454
369
-717
-547
-813
-351
-396
-833
644
-353
814
668
-126
456
-945
739
31
103
382
335
354
-733
361
-235
985
-50
-173
944
216
390
995
240
-319
-652
684
113
878
49
-999
-646
510
258
-642
-418
784
-928
402
162
-964
-583
-991
-733
-42
707
-141
244
707
40
488
541
265
342
54
-79
402
-7
583
293
287
373
789
-70
-623
804
82
-711
-786
868
919
-255
-91
236
999
-198
570
-595
353
272
482
-724
841
58
234
878
-598
124
-155
-94
-200
-103
741
254
-999
-931
461
300
842
-868
917
771
-837
-200
637
492
-603
-478
483
-747
204
784
764
-779
-261
-438
503
233
-648
615
-859
48
309
-959
813
811
-709
-892
-699
779
23
707
975
-31
-950
93
135
76
-295
411
-730
-141
-167
735
-641
750
-951
-792
60
-575
120
644
397
-640
-561
-793
79
353
752
-646
120
-693
-86
477
-550
520
558
-502
393
977
441
-570
408
45
560
-9
-340
-449
766
-162
489
-257
-650
571
-904
-46
1
341
226
516
-624
-497
25
-614
-583
-567
479
-108
-516
-857
-771
807
689
-539
-599
372
768
-539
-871
987
72
-102
255
-557
-696
481
622
512
-884
31
-792
260
-952
672
970
343
450
804
31
40
-527
-209
410
277
738
-652
37
588
456
-104
-981
-486
264
-771
-185
-853
693
767
-373
-436
93
635
-571
74
-293
592
419
-778
336
115
-434
187
209
-857
163
-191
379
-357
-970
553
679
-776
-117
-295
714
959
-331
-658
-696
126
-246
-572
320
715
50
712
831
-922
10
877
-996
-453
587
346
93
61
393
323
-385
350
540
-798
-420
-318
100
-848
-189
-633
-733
768
-717
850
-458
-858
442
-493
908
794
766
1000
-844
125
851
-35
843
562
-4
-863
266
954
-84
576
651
-566
665
824
875
-147
-384
975
-492
-396
523
-442
-208
-622
892
391
777
-840
-867
-246
833
-787
945
-761
-994
-888
364
-692
-584
-185
564
196
854
791
323
535
-432
605
814
493
-356
436
-404
-352
-212
-740
-759
-387
786
-780
888
679
-115
461
-527
479
994
437
70
-744
-715
-515
207
-145
812
313
925
598
-51
-126
281
429
-427
214
-750
520
-153
-183
923
-673
631
-856
-351
738
410
-17
300
-357
751
-442
633
414
965
-465
-503
-998
-114
516
-610
475
-771
343
726
236
-148
912
-327
-351
-133
665
-788
-756
168
493
27
-284
761
590
198
869
698
693
-504
519
71
653
943
27
640
-920
0
-123
903
596
50
-885
887
47
-583
741
182
-663
-311
-540
903
-392
-987
132
-152
899
-670
713
-706
805
239
569
576
720
-824
-242
197
792
-876
-899
-520
263
-994
-97
63
-761
320
-134
-27
511
406
816
205
-593
-105
-32
-493
707
-285
-109
935
219
960
-115
88
926
215
-476
259
736
-926
600
-86
-372
-528
404
-397
197
535
-559
664
316
980
-920
972
-713
-965
-956
-714
141
945
-56
-816
420
702
546
-1000
931
31
-553
-144
420
-780
529
481
711
-324
255
-516
717
-1
-23
189
995
949
211
888
549
500
853
-268
-919
-990
276
-537
219
488
-42
649
293
-352
424
80
-181
886
-9
-96
-536
945
551
855
-749
898
776
-628
-475
-732
-973
502
361
875
477
981
782
817
-323
611
902
640
-764
193
966
-862
1000
468
563
-52
27
-508
343
-176
-761
-157
583
791
626
-827
376
851
-846
-11
369
398
880
-579
677
25
-219
353
-244
-433
-65
-123
700
-324
-513
674
-71
-758
-374
-930
430
-257
167
764
733
73
-777
485
-878
-411
385
-618
944
932
368
315
932
-529
-778
-334
772
-696
-299
334
851
-622
536
694
667
-918
-52
-286
-958
493
-565
818
543
80
-313
-753
838
-699
884
635
305
-648
666
-622
172
477
178
121
843
-145
64
-624
6
-551
42
825
942
271
-897
481
235
-774
982
-255
706
441
261
335
35
-621
-771
913
-711
-862
-965
548
-818
-600
-177
366
719
488
-633
164
-685
-810
-132
610
996
-323
-624
-37
556
-30
565
754
576
841
0
980
270
-744
872
-71
-804
-421
-314
-176
-644
-704
185
-628
542
79
277
197
552
454
224
-472
843
-170
-1000
49
-968
193
-574
-262
-674
-424
-143
77
173
-201
426
303
-41
296
-105
614
197
374
453
-752
-80
-940
-22
-538
-568
-163
-594
-663
433
-440
-729
285
192
786
-961
428
891
-121
-31
-739
-638
180
376
400
-822
508
-815
58
704
-882
801
389
-292
869
754
-154
990
308
-571
821
187
-254
-677
231
-693
-469
170
-829
344
341
-967
-151
-525
566
500
-694
136
-414
342
-477
-861
-3
-219
170
746
993
-549
593
658
-950
786
409
238
774
675
-705
-208
884
-70
-800
-811
-656
-137
-441
-499
516
826
733
883
598
-973
952
-670
-623
-326
663
-115
-27
-222
-755
-370
-183
448
326
-410
451
571
567
820
-532
707
533
981
-632
-966
-451
464
-153
426
157
-332
686
130
945
271
21
79
-543
516
-892
-953
-467
-745
408
91
387
638
731
857
-538
866
80
845
11
-826
856
-380
-336
-35
106
-65
453
-566
-239
-839
41
-884
251
774
-81
-291
549
-918
959
-278
-7
232
866
515
-219
-361
-73
378
-783
552
995
877
393
657
675
-379
965
609
543
-263
276
-737
-726
164
795
-708
-81
985
-997
685
-237
-6
-18
818
-986
681
206
70
335
123
438
216
77
-747
683
-284
500
158
94
642
534
430
841
-287
-966
334
974
865
429
-755
709
31
-838
24
-331
-728
-662
-449
607
544
945
-209
-770
615
768
-588
-944
-686
-798
939
-704
910
-130
-341
717
-403
776
-928
-103
-935
-759
659
16
-20
-818
-207
268
-777
-718
-168
-270
482
-280
-837
844
866
451
717
-17
-27
-696
257
570
437
864
-611
-743
-122
794
-786
336
-490
-75
-609
133
-924
-908
-485
190
242
228
870
-29
-684
-513
418
-604
-388
-383
995
133
920
-245
302
-683
-61
-535
568
666
389
642
-416
270
699
-799
-949
-744
132
-340
-238
941
492
-762
-720
569
-70
-766
-102
-276
-278
832
551
319
-364
557
-452
-519
203
-142
280
-731
-322
-395
-761
-884
-994
-867
-561
-478
-830
7
-351
-870
-736
357
-735
-63
-32
522
783
516
664
649
44
668
613
-729
700
940
987
504
990
-355
13
253
551
-156
-496
400
-442
470
-264
67
-826
-215
650
616
78
-771
-380
40
-98
612
-48
-546
-266
-670
72
-495
959
-507
763
-641
-695
-496
540
-157
-65
899
700
588
-298
-465
219
527
-386
-682
223
289
958
390
820
382
790
-54
270
-606
381
-248
-791
-720
281
-887
88
95
406
536
-373
349
525
443
655
483
939
-717
552
599
506
-203
625
80
118
330
-439
296
180
-802
781
896
-513
-738
973
-599
-704
-103
-180
591
652
888
-194
-100
51
405
-517
35
971
345
373
-955
690
-219
-963
91
-367
10
125
506
-324
746
111
-298
-332
673
30
-325
-553
48
-827
-670
-820
-172
771
393
-878
-694
766
535
967
-704
-564
-515
183
-456
923
-916
608
-558
-959
-345
-269
-767
179
-148
-767
80
486
42
-786
249
852
59
380
284
-342
963
907
427
458
699
-549
-187
164
511
-808
-15
962
-276
-651
-164
87
933
-771
537
-962
45
906
-327
-984
-671
-976
492
-195
587
-677
664
481
-810
-92
550
-153
742
21
545
887
526
-255
600
-631
344
493
741
-290
392
753
-753
-312
-40
967
-794
639
16
-431
-930
379
946
742
-571
188
-725
-94
-632
-27
-975
-534
927
-769
725
922
234
-356
33
-861
575
-760
158
67
315
-123
-254
320
-440
342
-912
-309
499
658
-313
-124
748
106
-519
-345
573
-334
17
-42
-72
-253
577
-643
918
565
-426
-71
162
-476
454
-1
-333
-114
-996
-232
323
252
-670
-737
466
83
674
-266
9
427
135
-455
69
840
166
60
303
-320
-100
10
459
-798
-974
471
-600
-81
505
-371
-352
853
506
967
126
417
-839
478
823
261
-463
675
-483
-351
662
-223
297
707
212
262
-218
94
759
-911
141
-58
-153
-519
-147
377
922
979
-566
205
963
722
320
252
-434
390
945
624
-468
-710
-846
856
496
-503
-86
604
944
454
-32
-188
-926
368
277
-384
86
-488
468
533
-789
136
492
-384
-589
728
-139
50
458
309
686
-308
-53
948
143
918
824
-304
689
406
-818
359
195
933
499
986
425
235
-991
818
322
805
-159
537
-773
-156
659
-452
-909
-192
385
-28
-515
-791
570
76
186
551
-262
-506
648
-243
329
-322
-476
-856
227
-35
-763
-415
359
38
-389
-420
353
20
-405
-995
-548
-636
-614
348
77
610
-276
323
-391
316
163
413
-410
-47
-676
-430
232
543
-522
527
179
3
86
541
589
916
-341
-913
676
-850
-30
-70
593
77
-62
-248
906
979
686
191
551
226
656
479
827
-254
-967
-327
84
-766
703
-414
-987
184
-344
-645
413
-402
-368
-404
47
430
-3
521
-231
404
-59
-346
-131
968
-792
-481
696
-510
-194
-68
930
-988
-416
-169
-714
-702
801
888
846
-237
972
-448
879
422
918
-612
257
-357
-949
747
-530
-788
140
-949
-550
-42
945
-146
-703
249
104
-368
-591
393
-95
706
907
-493
316
-310
-550
-691
-592
142
-147
-380
-669
-717
36
-542
-459
-921
485
-367
695
439
-182
-154
977
268
501
270
-599
-435
327
-853
664
-50
445
-342
-332
644
-587
693
3
-814
-272
176
995
-601
678
25
725
243
706
956
-974
-996
-110
619
-957
-436
-356
-113
-909
-901
-682
-875
701
914
63
989
471
372
-134
213
662
-941
-921
-297
23
449
783
-595
-416
831
410
205
244
808
941
-89
-332
766
-740
-81
714
-253
148
29
876
273
-743
868
447
-796
716
345
210
-967
417
365
573
-506
248
755
889
33
-931
823
-237
265
-250
-210
-653
448
-446
452
-483
100
-670
762
856
258
312
569
745
-284
141
858
-556
-442
-312
56
675
-194
-393
906
-586
-436
650
807
-625
-62
544
410
-681
-728
799
599
229
358
263
501
-674
253
633
-697
-716
-710
-750
760
-509
-344
989
-398
1
712
-952
-293
699
-650
404
-474
-239
722
217
888
-406
-893
640
-204
-679
-729
999
-354
-217
550
-340
440
-599
-291
-894
967
-628
229
-324
-100
307
-199
-327
-806
-53
429
857
-907
-678
-521
-310
-500
-972
33
231
523
-949
445
185
716
-893
-973
877
-659
80
101
239
2
-452
257
-426
-704
457
-666
886
426
-90
942
-64
-264
134
-49
-768
212
-906
836
-958
-559
678
-516
-912
-228
-297
-230
-281
-406
-320
-857
-112
427
-665
15
832
-870
-83
751
905
115
-851
-885
-150
-253
651
658
-323
744
-535
-647
500
-46
-141
-344
246
-863
-244
-65
-740
850
-934
-485
598
-804
-137
753
511
-934
827
-786
963
-578
153
-215
331
536
878
-353
-157
-807
-24
-323
73
-133
373
795
-268
-920
403
784
684
403
445
917
319
738
-663
-855
284
375
-570
-667
189
-165
291
-993
-700
246
-820
-663
52
-906
182
740
-471
683
-654
296
515
-762
107
-806
-255
384
684
248
988
-493
740
899
-463
109
-806
476
-944
771
-945
-225
-101
57
665
431
-145
-315
826
871
761
-463
341
-639
-133
-315
626
-895
-861
-216
-296
144
-730
842
-830
-222
893
-775
-44
-283
-478
-600
371
50
29
141
538
134
-348
398
-870
-470
-246
355
188
427
-132
381
862
993
868
-773
255
846
-211
-280
62
-649
710
728
-593
-958
-931
-490
-592
554
525
742
805
-79
506
-784
257
-329
-518
-150
-313
970
-935
63
946
-491
-406
-114
936
466
-826
700
822
-288
-437
-709
190
-265
-570
579
-193
-670
686
-618
410
-646
62
378
-132
154
49
-812
705
258
122
-482
-442
-618
-417
933
-470
-512
-735
454
-661
-871
-86
700
215
-93
324
-95
-829
-821
-446
-602
31
116
-435
-501
3
139
861
501
-425
-392
406
506
145
-98
-273
-855
-640
284
-409
349
-74
-190
202
-794
336
560
-111
-597
310
-600
-520
-959
319
-329
100
-419
278
-20
271
-715
-628
-644
329
633
140
-755
150
579
-67
-887
542
-140
-541
-101
-763
252
-276
-563
-107
527
-357
-27
274
-309
-758
-204
-93
-206
-64
-150
-510
-789
244
-898
-471
528
651
-851
918
-475
-266
-848
-395
19
720
47
369
461
-61
540
531
121
-203
-598
774
417
657
290
937
-640
799
-211
621
576
-499
695
-979
326
-415
761
751
642
-913
879
86
149
841
-677
814
-580
886
81
667
-727
-643
-149
-541
-348
-482
-216
-630
-243
597
-545
-160
82
669
23
-814
-460
-532
178
-379
807
945
-301
850
414
720
151
108
-813
822
331
-776
420
-70
-710
242
-579
119
-273
-634
263
796
-916
-596
467
292
-895
-491
32
924
-187
-181
-74
-712
503
-742
-366
867
-96
-45
921
709
-94
467
352
-307
943
195
-403
71
-529
-322
-424
-345
839
-570
120
-79
103
388
-519
-493
-311
-674
-81
-534
-315
6
-164
-433
-240
724
331
-80
837
-710
-747
919
-268
14
20
639
311
-743
357
-873
442
965
-330
-596
974
231
-721
651
-330
103
-906
-520
-368
14
-181
-531
-451
913
-161
90
-816
221
743
-453
34
198
-681
603
180
-702
-845
-557
121
171
-763
261
366
183
937
849
-400
38
913
83
25
376
134
-402
963
-282
-21
-577
-444
-40
400
727
877
850
503
924
629
-625
-949
635
486
661
-702
-316
-744
159
-880
290
398
-441
-953
-608
495
109
203
14
91
553
617
-411
-841
-366
-266
624
-244
-140
998
-629
-197
908
135
-467
-62
-129
228
-266
-797
481
325
-46
-926
147
-495
770
-587
294
378
127
-334
786
317
-257
872
-964
189
653
827
494
-736
-717
-83
722
-898
-972
358
676
-533
-608
628
-725
173
144
660
402
-320
-817
56
-414
-63
-566
623
883
-929
695
-371
805
-281
-244
-986
909
60
756
-830
818
747
-741
986
591
449
697
403
-511
795
-506
90
3
497
-245
224
788
-194
349
919
-466
-152
861
-393
-304
-841
643
-162
-923
-596
161
619
28
-803
388
577
-434
-380
-61
143
528
829
-807
780
335
808
347
-324
-791
78
-103
349
636
-509
-741
937
-435
-158
760
-606
995
421
-556
354
-567
-52
639
414
-418
329
82
-444
201
185
781
245
-769
-451
304
588
-558
-385
404
390
255
-433
295
-788
-977
-991
-121
244
-863
-42
-37
-897
984
522
600
282
173
349
222
-817
-268
-369
-606
436
-949
374
-742
928
-285
-663
828
-627
786
-340
895
108
-564
243
647
-949
-866
-319
781
-864
125
381
-333
-66
861
-384
44
-476
-274
264
144
-238
205
33
-128
630
-932
241
173
692
-249
-263
-538
-128
722
591
640
318
-652
153
-510
568
-606
-313
-139
-903
-936
493
906
221
328
31
147
-154
-653
-963
-259
-192
589
-876
683
-786
688
507
509
57
-491
923
-637
-336
-21
703
-54
-783
471
-44
-208
-355
716
452
-787
-375
-775
793
-73
-697
-93
-408
565
646
999
-300
2
302
-884
622
-470
797
-260
754
114
531
-673
-805
-586
-142
-367
53
-445
51
-330
-255
888
-683
-608
-896
-417
899
624
-392
-840
-668
986
81
-16
-747
154
349
-863
-591
-589
543
-553
-234
-653
688
633
-544
-324
478
-231
-847
271
-66
-99
-112
12
-457
977
-252
-34
-235
-262
-992
-347
987
497
-666
553
-629
542
457
-453
-226
380
-30
585
-679
-945
922
-984
-988
-239
-912
-173
-145
125
-102
709
199
-189
-445
338
-921
-884
-137
606
-559
966
-409
-744
875
-395
23
-699
-820
-785
-185
614
877
-318
182
592
889
133
174
890
-909
577
783
-397
700
-934
565
-713
215
561
243
828
295
-635
792
604
-251
278
-356
-19
536
543
485
547
344
859
424
596
-140
910
549
-746
13
-239
22
-867
642
987
429
-173
612
85
478
-376
129
949
716
958
844
130
479
48
579
749
301
136
169
756
336
-970
-651
59
-28
399
-892
519
-409
-516
93
-258
803
649
-642
958
-741
-509
759
-240
891
635
692
391
918
630
965
373
557
734
598
389
631
-133
-601
725
-80
-125
-268
-477
482
658
-602
447
632
554
-322
219
742
349
902
550
-424
-526
-58
-574
-48
-437
-777
79
475
407
52
-700
999
-992
-969
-291
-355
599
188
-933
29
-285
830
-935
-852
-774
-858
946
-19
-42
-774
577
-463
170
148
-854
-653
364
643
358
882
-886
266
698
26
996
-281
446
742
70
770
609
-689
-232
-230
219
472
246
166
993
192
-532
-893
494
708
-98
378
-686
463
203
-846
631
-529
-837
-775
115
-917
161
973
-336
782
-386
-324
-950
271
-744
631
-324
-760
-931
901
-313
-972
-425
-784
670
-343
-57
187
-115
-596
357
700
-571
-542
-50
-11
432
-136
538
-767
325
-974
665
-317
321
-10
-368
505
276
959
599
187
-327
-452
-614
-619
-962
622
-642
-485
370
-697
-120
713
-943
26
-243
-481
-691
-571
882
439
-628
-145
-49
-758
821
33
680
22
-335
938
-928
462
-843
-217
116
483
603
664
-220
727
105
-645
-251
529
905
180
42
-362
531
15
-2
570
-710
285
845
-349
-499
58
672
-732
-967
-61
-252
57
184
-357
-746
967
916
-946
725
245
-11
-808
-426
569
-974
-509
-301
418
-679
597
519
984
476
545
-163
455
456
-407
-722
229
-375
205
234
-775
425
639
19
-155
-570
-319
874
98
35
275
-114
15
-97
-855
236
-963
-885
511
989
613
996
274
709
-210
-279
-344
865
-360
-166
-269
-153
-213
794
-812
-491
-815
-484
-310
-555
403
815
583
330
364
53
-781
39
-476
986
631
-496
490
-190
20
964
-146
-537
309
-119
-974
-815
48
847
-388
-793
-165
-987
-904
-350
-650
883
205
-840
335
-357
-969
-633
245
226
841
294
161
-326
501
266
-537
-265
651
-725
479
422
-625
448
-199
-104
724
-236
266
368
646
393
621
-169
801
676
-82
-894
618
954
-762
-201
532
-8
748
115
894
-938
717
-957
-253
197
641
-587
-800
-39
945
-135
-873
262
-407
-872
165
999
927
-337
-574
-867
-304
6
-230
-836
913
620
-628
267
-446
947
6
152
-764
330
-352
-852
-27
-235
832
103
735
-593
-853
-628
645
-867
157
234
-141
-252
-133
255
-160
333
-955
-320
-680
123
473
-47
758
-177
-342
-773
939
-567
279
-97
-759
-625
-610
864
116
657
378
-510
-482
-793
244
178
-235
-413
108
-494
-202
-502
-306
891
501
-596
-611
-624
-214
-814
749
252
240
-924
662
897
-481
-798
-655
-228
137
917
256
-335
-177
-973
-612
-213
-93
-524
-657
908
893
966
575
883
418
-730
-207
760
-460
380
740
-532
86
-863
-770
471
183
-374
654
712
-148
-190
357
-439
-52
923
176
986
-582
-182
692
-121
806
657
-27
843
136
124
811
299
-654
-116
247
-337
27
-270
917
55
-594
-106
891
420
-617
865
976
376
578
-948
-107
968
-624
-380
158
-229
274
-939
885
736
65
-669
824
648
123
-930
165
-522
261
772
-248
-533
-66
-363
552
325
5
-338
779
-985
-978
288
-757
-961
-552
976
425
414
-94
234
-790
-612
540
-208
931
-898
-607
-810
-536
-806
-922
571
-199
-971
902
-119
777
-375
-815
-450
724
782
891
36
-803
769
-112
296
-227
811
-341
-175
532
-260
-730
-243
-695
-909
-839
564
873
226
708
-215
-611
459
-394
-502
31
357
417
782
163
877
-303
662
123
682
-139
624
-403
-149
423
672
221
279
441
-823
-534
892
988
307
750
425
335
-485
534
-732
-218
-189
529
-948
670
130
-552
405
712
174
-932
261
-636
269
-932
41
948
-815
374
97
21
-694
79
-107
578
61
-468
648
-464
-797
590
-523
468
-487
-601
-726
-917
-959
716
990
936
169
437
270
-82
946
-512
599
-461
866
747
-549
-387
-505
899
967
-859
703
-732
-862
883
470
-31
-166
508
-692
-849
291
170
-207
275
760
458
-822
145
173
-954
478
25
-876
-246
-716
-845
-942
69
804
937
398
-413
-517
379
502
500
-156
509
793
975
420
-451
188
702
884
518
73
-955
583
-617
-369
-431
-776
249
852
654
-701
-757
231
-588
-532
737
-976
-734
170
-54
716
-849
102
-289
-988
105
-739
-331
-891
-911
198
545
162
-122
-957
319
665
-896
834
707
925
-59
-500
806
-247
987
75
215
922
9
-838
-755
512
-289
63
740
602
396
650
37
287
265
-382
-138
-53
-801
-265
-156
-100
-64
-373
-138
-873
-341
-193
-71
476
130
803
-705
209
-875
-950
-763
795
-396
-126
-620
-116
428
511
946
73
-93
536
799
694
-454
529
-73
-311
-675
966
848
-336
766
-170
-529
-684
-716
383
85
294
-710
598
-32
438
-805
313
-107
18
845
-668
-915
436
-934
572
-455
-307
898
-802
232
-15
405
920
-528
271
-165
831
-432
-117
315
910
-589
-128
-846
838
-499
-562
261
-868
-404
488
170
479
-329
901
-296
981
-743
912
292
476
12
-460
-931
-200
265
-745
191
678
-401
933
-749
-312
-424
-160
601
-413
-817
448
-51
317
112
-455
127
-555
0
-387
842
-57
656
219
-858
571
49
740
561
-544
221
-565
260
-720
-705
-534
-196
-844
781
952
534
740
-660
-543
-493
-518
-866
176
786
-25
-599
-577
70
743
919
30
-90
-33
-364
-673
-834
639
-321
456
818
-974
-927
79
849
-582
-220
-506
-259
-688
-33
849
-623
-474
-474
613
322
250
389
-932
551
731
745
751
-870
-510
729
862
-168
-981
-411
654
577
-980
179
89
-639
-65
889
-49
-821
389
-363
919
838
210
256
335
610
148
-901
-168
285
294
145
733
263
855
689
298
-235
-708
-989
645
-473
-779
-370
15
653
291
-808
-792
675
921
953
681
-205
188
673
-714
530
127
249
422
-918
-298
-711
392
650
706
-918
520
642
584
-106
466
411
-720
496
717
493
-551
790
436
-525
-144
440
687
-225
548
-33
834
-213
-816
-822
-700
683
-909
-349
-298
92
481
-245
-679
-324
164
-578
646
404
812
780
573
92
966
-980
961
-994
493
536
10
201
-99
834
569
-449
444
-481
-738
-79
535
420
744
-907
422
484
914
622
481
-590
617
920
-742
-159
-713
89
-646
-507
-874
-514
-422
-428
151
-163
980
-323
-904
939
-850
825
-332
-735
-308
987
755
244
983
600
-357
549
486
-716
835
948
-340
-119
-898
-164
-686
-675
944
728
188
-346
-479
220
354
560
443
-798
-830
-615
924
625
-431
486
-667
-19
-521
-696
-206
-804
-603
89
460
-359
-687
73
843
349
542
738
383
-973
924
505
-450
898
71
805
217
-453
132
-530
-703
-155
928
957
-961
-529
-318
144
268
-111
77
-567
-368
-901
-762
-927
-634
355
739
646
796
-863
-14
547
471
-895
-665
575
296
-456
-922
174
-253
-618
-713
-212
801
752
-197
-12
689
578
-24
-546
202
168
-783
427
-370
643
435
-740
421
-791
-868
855
480
-735
-569
537
-533
52
-363
-869
869
-333
340
-443
-600
-672
-390
-63
-69
899
576
-737
-728
450
290
-328
379
869
219
-195
-545
-295
-169
-348
-274
-882
-429
-710
171
-366
142
89
962
395
394
-184
882
-616
-733
944
525
-649
-736
436
91
431
814
-994
234
-456
455
-758
790
-495
868
373
987
155
656
212
-145
-752
842
656
669
-345
-311
-828
-655
533
0
-852
-743
491
-920
77
-697
52
672
546
-597
692
964
774
-166
-900
150
-199
-163
-910
-927
720
-244
-892
-160
344
59
-141
292
196
-306
-139
-868
-951
-575
-644
-467
265
222
491
144
-202
894
813
-805
916
-637
-142
-280
893
631
-117
-257
750
974
-844
-783
-65
507
376
-483
173
188
-260
-390
371
851
-310
-934
408
464
-42
-863
-31
20
286
-986
349
-331
163
-115
571
-488
-89
-802
982
-32
-526
-553
-224
349
568
-498
36
-593
-201
-983
327
208
-168
167
420
-397
-850
216
708
973
-25
-446
225
832
738
758
-914
-520
448
-309
36
228
973
-890
511
-214
-727
973
899
359
472
865
488
446
643
-103
-736
960
923
406
546
-989
712
-215
-198
94
-950
913
580
-640
870
219
-334
-623
-420
-432
-131
444
-418
472
999
-366
13
904
-548
742
-37
-285
-813
-815
-808
-518
-422
-948
865
-412
-899
680
32
-752
303
-948
-839
-745
906
-663
717
-408
103
-263
82
264
914
-26
-451
-932
-510
670
-649
-365
-443
892
271
375
728
-347
-753
-555
-665
819
93
-494
-492
250
-521
-280
448
-85
-974
78
594
130
708
772
519
972
-187
209
978
-884
19
773
608
-955
-562
-857
788
-372
-126
630
-97
-213
551
-672
-116
-131
905
99
-699
-92
-927
259
881
-388
402
385
-675
275
579
-886
-324
-810
-753
-437
122
-16
159
642
69
-179
58
-433
60
367
-285
-465
73
951
-521
-401
-327
736
411
4
-909
210
937
457
776
77
-653
-95
951
546
-425
-742
477
414
-129
-698
35
-251
-742
254
-862
88
-975
-948
221
58
-128
-120
-516
-848
-619
744
-330
-302
-343
114
825
304
-615
-313
575
-966
-862
202
-960
-537
216
-389
-684
943
-745
-43
-762
-636
-143
937
-79
816
329
-741
-912
256
852
-874
78
-638
827
-847
-199
-679
351
-518
-180
659
-791
513
-816
77
698
-68
391
-168
631
522
454
158
831
-607
-702
-973
817
-262
525
910
-653
-28
-781
500
-548
72
332
444
-832
82
-633
-41
227
-932
653
546
-745
4
-248
3
-314
-587
-306
670
886
344
-725
646
657
493
-804
355
-105
193
853
88
-953
646
-560
-483
597
-602
-516
-833
-737
-857
-831
738
694
696
963
864
-308
-740
27
545
654
744
968
-491
28
-721
292
-309
488
893
952
94
981
-380
480
993
711
-144
-966
-677
177
-764
-781
-3
-861
-136
518
601
539
220
734
-1000
242
574
-610
-63
-584
-112
324
-365
929
861
-852
144
206
-147
803
590
-141
-286
-140
-51
112
997
70
-241
817
-191
-46
864
-601
-685
559
360
-223
-863
715
893
18
381
53
-180
-263
722
-86
-797
-74
-761
-294
482
-359
656
224
-649
-655
-790
496
-387
-517
171
-144
401
-199
-534
549
278
801
473
744
297
-109
-835
536
-717
987
457
-407
-527
-495
-479
554
179
-410
-683
502
597
585
-213
306
514
440
-35
-779
430
-74
-275
-344
-845
-701
-259
265
-166
160
-377
795
699
992
-198
80
212
658
-901
73
585
982
-926
-938
779
295
490
154
561
967
409
523
746
872
982
361
693
507
-607
-609
790
525
-308
812
-213
38
-856
996
-23
674
198
705
873
-776
-6
-283
835
-543
747
-544
-307
-21
647
-789
-901
-519
-33
395
744
-476
974
-979
810
382
-449
-507
-617
388
837
-600
-92
-537
222
-976
757
298
-516
-863
228
-524
662
374
305
-740
-380
-177
-2
682
-127
271
-266
634
497
820
813
-751
712
-48
-216
687
-757
23
109
-367
156
335
922
-260
447
962
402
-19
899
150
-350
-556
-69
969
-565
394
798
-867
521
-257
-999
-999
-278
-86
-347
-679
-472
852
526
-996
833
-710
261
424
-63
803
793
-364
-697
-708
635
-521
-57
-877
-808
-197
817
-257
137
-489
-645
-691
676
-35
-669
877
411
-789
-883
-419
280
-941
-343
-798
-80
838
-868
286
-202
-376
23
-737
-720
805
41
-601
478
-152
-948
705
-59
857
505
623
178
-503
-772
200
840
704
-599
366
-419
585
802
666
-992
-19
622
396
263
-336
70
-560
278
419
584
-15
477
-840
-393
-940
-921
-477
439
-118
179
-154
516
424
34
204
-870
-125
869
-13
886
-908
-145
861
150
313
836
-689
-147
697
-454
-609
509
527
331
-364
-726
-750
385
-893
-342
320
994
-323
913
-901
-793
69
-840
-254
696
820
-967
81
728
-707
235
-682
-281
727
-183
875
893
290
788
821
-760
892
-527
-823
150
537
-129
997
-458
-971
-225
-491
620
302
-394
307
313
147
538
957
-976
331
338
529
963
527
327
-116
-145
64
430
691
126
824
378
30
-721
543
372
-798
405
-864
-394
790
-35
129
-798
-530
-217
633
-897
593
-235
268
-680
-918
-521
-641
-454
-518
283
-619
-278
-809
-841
92
-892
517
362
986
-899
-32
-12
818
-732
229
571
-450
-376
-435
-291
693
201
265
449
-268
-826
-413
876
-724
727
735
24
-964
-956
-505
454
605
-991
-588
-981
98
-876
-366
776
169
-106
-143
633
753
667
-438
496
859
756
545
780
-507
-97
24
893
182
834
-293
-217
-89
940
433
-44
-961
-149
-331
566
409
-217
-809
912
-953
-166
-784
-187
402
-726
130
551
868
-244
-538
-590
-882
-749
259
-800
753
-980
-50
869
659
202
-530
951
-512
231
377
24
979
-40
357
989
-912
990
873
419
677
-113
968
26
720
518
928
-427
119
465
779
-509
-25
-456
-777
562
-815
759
-292
553
3
696
284
-559
-782
660
66
-273
54
833
310
828
69
403
-809
-727
-634
527
-925
-738
-710
-223
-871
-71
281
-343
561
804
959
823
962
-888
-372
153
506
597
-953
594
-279
395
614
-198
-746
-920
-393
-767
-664
179
925
-607
229
99
102
852
-58
-130
613
-521
235
-362
669
-301
-242
199
-13
-97
128
-578
152
204
-926
-980
-90
-926
-848
-860
-513
878
844
864
64
-955
313
514
699
241
207
-822
-450
409
303
-52
712
-463
86
-515
891
742
115
-171
-623
-212
186
468
198
-969
-153
199
-181
567
289
835
487
-849
-546
-601
-911
487
-774
-617
362
-701
257
300
-82
-357
605
-247
-794
-328
761
802
-763
517
-407
284
-378
110
421
-213
-7
562
874
-49
137
-117
271
-144
-833
691
952
-150
-550
270
-957
-709
-227
372
-488
377
-498
-305
-93
227
-807
-224
319
865
-373
562
559
586
-963
-707
859
-414
-731
-311
868
508
-103
715
552
-639
490
514
409
680
881
53
752
-645
840
317
-410
440
-607
-607
981
-605
479
-67
-127
817
-487
-752
-933
-799
-523
-477
-896
258
468
182
454
-623
-28
413
-955
-427
917
-68
92
-169
-878
467
-999
-388
87
-469
76
-793
-766
-98
616
781
-741
-505
-240
-247
469
311
-433
-723
-510
-884
874
259
5
-370
-801
-834
-511
-978
-551
489
-617
812
105
198
596
346
-849
-856
-877
-59
133
530
-643
-596
-763
-587
-197
-34
13
543
159
717
-218
-601
491
-467
950
-995
56
988
-476
-7
276
464
-424
-352
849
-244
25
125
-823
347
71
581
625
321
-169
122
152
-791
773
719
-533
-18
-612
-140
811
-200
-839
434
965
485
-664
-240
-596
868
711
426
697
-337
675
143
141
299
399
649
516
885
-155
-214
406
273
724
35
41
254
51
50
-11
28
-300
41
647
874
-353
753
413
751
-766
510
909
-859
-596
-849
-243
420
629
971
361
766
-248
-27
-580
-256
195
170
486
57
-641
769
-760
-695
-817
-604
-706
48
-964
852
683
-632
-45
-822
162
-787
571
-303
120
350
-998
549
560
460
-749
-971
-841
503
48
251
-996
533
-890
-912
-95
-995
874
-125
-881
-144
554
451
-534
-978
-904
-921
832
139
570
558
-525
819
-507
875
324
-33
-747
482
936
-861
317
406
-693
-419
545
273
644
430
363
23
-461
-794
-91
-691
-934
549
-298
694
-121
-602
-379
370
-982
974
-979
-783
277
-923
-866
-261
-301
476
-741
547
-414
-700
832
296
245
-762
-850
437
728
-578
663
-592
458
-808
718
-44
762
-676
710
454
-541
-37
278
310
485
984
287
969
311
-672
-248
259
209
353
466
845
-966
722
-206
-588
535
171
92
823
834
-338
695
56
-215
-388
70
-806
126
672
723
-187
237
394
-173
-166
-561
937
-361
814
932
-628
576
491
-127
73
-143
551
-895
530
495
68
-390
-632
956
-700
800
618
-695
962
743
-729
-566
376
808
-364
795
-926
-359
-27
-790
283
-70
-220
276
555
-434
-917
525
695
419
412
-849
-775
-998
-514
-616
16
788
866
-522
578
413
253
378
-43
-688
-295
306
-284
860
651
-924
115
584
-818
-527
481
510
-629
-430
-402
-683
-656
414
-464
629
-894
-333
-247
-658
-455
397
993
-521
-732
-69
495
192
-36
646
239
-788
-131
731
-79
-141
-50
595
-768
742
705
566
-93
109
717
443
13
241
-344
-607
-242
-276
-530
-799
56
-55
137
397
-261
-415
584
-139
-180
970
787
-50
609
207
-940
454
419
692
754
-911
684
-456
494
293
58
-636
-723
-639
-725
460
335
-296
515
-350
975
454
525
893
950
-702
651
-841
-807
213
-712
413
883
-962
-106
104
599
-816
556
-615
-377
-794
228
624
-50
896
-176
-380
663
143
-466
-544
-170
-639
-106
-135
814
190
97
-407
568
-821
-812
832
-762
867
-918
106
554
818
629
-879
-425
474
991
646
990
109
165
117
68
-541
-995
-932
-549
98
-778
690
306
-145
830
836
-988
755
-433
-421
175
162
-108
-111
-246
247
370
929
466
832
-811
-460
631
411
-993
314
-488
-665
270
985
885
257
597
481
-861
294
349
-391
215
-462
629
238
461
-286
897
322
493
518
-535
119
527
661
506
-54
2
-697
238
-550
117
963
-826
419
642
-557
-650
-798
211
-506
-852
137
306
853
-222
943
-979
882
234
-722
113
-934
-456
955
826
-506
-607
-216
497
523
943
374
867
470
669
668
-623
410
-712
908
-695
-654
496
-646
-179
-396
658
538
-577
-494
-8
794
-143
-532
319
-727
243
540
798
557
209
-859
-700
-688
-929
194
-939
475
-976
-631
488
-285
-141
300
-483
89
259
-371
-488
793
414
83
-928
-733
-718
522
39
-859
-325
754
235
-417
667
-220
197
509
-503
375
924
151
-794
-178
481
10
-631
-959
567
-367
172
-152
116
-991
840
278
451
-67
738
-328
-89
-558
53
-318
102
-428
170
-189
429
-334
-831
931
326
814
-770
-434
-884
719
428
-184
342
-373
733
-862
-404
482
-270
-509
-871
152
-150
-205
-279
-180
938
93
-321
783
314
752
331
490
597
540
491
609
-880
-559
587
6
736
784
-926
-432
-257
688
-81
440
-788
-240
-855
769
311
772
103
107
17
-848
246
740
-197
430
551
-867
232
-644
238
-629
33
797
226
73
185
-15
-555
-155
-7
606
42
304
363
715
-711
-619
-468
-725
-233
677
311
-166
111
107
-566
-413
-340
-8
-863
593
-58
493
-982
-392
46
-968
-642
-289
691
-54
740
33
420
972
-110
-922
-803
-316
-481
-172
-161
488
-836
-247
557
114
-743
-994
-824
264
426
841
957
-526
516
191
-498
-676
445
691
15
-236
-483
165
-733
642
-913
-429
151
719
378
728
471
505
265
907
774
-987
-195
-471
952
301
710
823
554
768
-694
2
727
-335
1
-1
53
-825
644
-557
285
336
-822
-83
-400
-242
143
570
138
-292
357
851
848
-775
-283
374
-913
-132
83
438
535
-478
-262
498
-511
419
-977
591
309
267
55
550
-64
-493
260
346
610
655
-299
-353
-351
-651
84
765
-53
-57
99
-980
-453
162
550
666
939
767
429
853
150
-170
-14
987
-899
-591
596
-433
-269
-196
-37
549
-539
-848
470
-283
154
252
192
957
-994
-690
-726
-842
521
-924
352
8
-371
-762
-328
-54
-548
-531
-150
-326
821
-259
105
53
68
-870
-940
897
189
558
504
-677
-994
-81
-357
374
-47
297
274
434
-837
915
-180
889
525
-674
-780
-335
-558
312
-866
370
-544
397
-58
-712
625
533
577
899
-719
576
-635
134
270
902
-25
-667
971
-977
-831
-184
-487
880
468
-738
-47
-331
758
484
-138
-423
983
-480
-125
579
-577
321
-122
-612
253
582
-484
315
-814
854
873
-147
903
-868
770
791
578
751
562
-645
961
626
-147
971
98
-335
802
-2
-606
-443
-372
-282
-620
-936
-832
76
-123
6
420
443
-382
-749
715
304
623
-436
-458
554
4
-499
-474
-591
70
778
885
-648
-825
-461
820
-397
999
-922
469
-631
46
769
-782
-598
-688
137
86
601
-807
-237
-658
569
-657
-258
931
-13
51
608
361
-135
-352
571
607
-842
-18
-265
882
-271
-887
751
-480
-150
-366
635
547
839
-873
536
-618
-221
118
552
-335
-641
189
172
-419
341
-342
648
-526
-402
-983
-179
237
-929
297
-965
-462
873
5
-503
845
-936
-85
36
754
403
632
-56
864
-721
-57
352
-201
-578
904
-310
806
97
764
-16
-189
277
929
-326
26
572
479
750
-967
762
-995
180
-259
295
260
447
-45
-418
-618
582
-163
-940
-692
-776
629
891
224
965
-170
-249
478
176
120
-989
720
354
990
-81
-612
813
659
-607
-968
894
132
-268
453
-822
626
106
-346
16
594
686
-748
-239
-515
-668
-911
-886
-615
-155
-475
-416
830
111
-59
677
380
-629
-424
74
-82
-164
88
-251
-223
-800
425
611
691
-4
387
-162
-546
107
-303
425
-446
-740
285
-242
209
570
-9
-923
425
291
499
-131
-277
-55
-155
427
949
452
715
-43
-753
-281
-585
350
176
-533
521
-964
-816
-79
605
-452
706
377
19
847
116
384
902
843
664
-778
607
-647
828
-622
173
226
522
425
-457
-950
-591
937
728
-461
620
-570
65
840
36
-970
-792
-742
-567
-518
-925
-722
197
-668
872
392
958
643
811
614
570
-786
15
676
407
272
-542
176
863
-819
-979
-346
-825
-157
306
-642
795
891
797
-373
-495
-227
-802
-725
-860
-181
601
-337
-404
-747
924
823
109
-467
-132
378
663
789
-360
886
118
934
81
-552
-515
14
-691
-73
25
694
-204
714
191
-163
-478
-442
246
-608
-470
-205
130
-939
-723
-355
871
-97
-250
-480
-714
-386
227
-684
643
-864
20
165
-340
291
-770
-78
-678
-159
637
-34
-134
231
-660
-835
785
-982
812
299
-731
-492
-249
-196
962
-238
947
-873
558
462
613
74
-498
-629
78
901
-498
607
-189
-967
-368
-678
458
635
66
878
908
505
-407
684
649
-976
605
-284
