493
-351
822
365
-735
-931
-95
-259
340
380
-160
-531
21
-934
-717
343
680
-481
-867
-408
531
-120
-188
393
-639
317
456
256
492
934
-589
-617
-806
-33
367
678
568
48
30
-874
-825
-392
844
-619
849
-502
-134
-622
421
639
356
-887
770
149
-131
615
224
579
395
-830
768
-883
-434
952
-498
593
687
555
-201
941
897
733
-18
-8
127
-837
-903
-754
-404
439
-872
321
-261
426
-445
352
-319
805
-288
-912
-798
232
-479
-265
-443
-348
403
389
18
-434
-514
469
-374
-793
-656
986
111
899
77
-375
-788
-754
-864
-723
-506
313
-517
-245
376
33
991
421
-991
-2
-499
-594
-826
724
820
930
-88
261
492
-424
-46
-826
-198
-152
250
442
-408
-278
929
39
175
816
-105
-19
-880
9
262
83
991
-385
-992
-315
-415
-942
503
630
856
770
634
73
638
67
738
550
265
-500
-362
657
-415
175
416
41
-919
413
-437
-319
-762
328
-198
-10
871
-573
197
647
92
345
-366
523
-859
540
-669
434
-908
99
-526
-629
357
-390
-907
11
-361
-241
-795
-332
-261
533
10
-626
-752
563
640
910
354
-997
665
-144
796
-755
54
689
-88
-583
587
726
226
578
925
-866
-271
-72
-53
461
-638
204
501
-153
51
86
79
180
-998
692
-769
330
286
-799
653
-518
-695
-828
-580
70
621
672
-66
-575
366
604
73
-818
605
-672
-331
-186
-257
893
749
-504
262
-664
-260
-153
566
630
-995
847
-490
188
-744
-201
-510
-59
-660
-339
-276
590
-430
766
441
737
-906
-387
196
415
635
920
-610
726
-251
-73
317
157
671
814
728
-853
889
721
-908
599
15
-923
494
452
769
784
-985
-220
567
-513
202
194
-232
355
-88
505
176
921
407
954
271
-165
-554
588
421
-403
332
-243
567
-784
413
977
-956
-74
2
348
-708
-126
566
107
-499
-254
768
-812
-779
-591
650
-39
204
644
471
-609
897
-798
351
-565
-415
781
136
600
140
-710
-74
750
490
615
566
67
-643
148
-896
-671
-180
355
987
-347
907
-63
664
-445
-754
-619
-753
-383
369
256
499
-399
326
561
-930
855
720
159
-633
176
303
-273
-954
300
849
-195
568
-202
492
-930
-558
2
22
-143
-266
-807
-847
-387
312
882
-625
884
32
-548
139
434
-120
494
977
326
-947
480
448
-419
-874
61
591
-680
-599
-455
-147
-804
934
37
-77
274
816
-118
225
437
518
-557
964
-683
990
-623
303
-872
955
-340
-478
-824
-36
-808
-569
761
943
-708
438
-82
-163
-570
80
-521
-923
-88
340
-918
-929
182
-542
271
-656
-290
-501
179
926
-72
-889
-461
-892
941
-769
-546
-178
-107
-61
-158
-888
70
946
-835
568
879
832
-815
-208
-552
575
81
405
553
-139
934
774
-706
689
-662
755
-838
923
-516
-569
172
-135
-138
-502
-178
115
-190
776
-769
294
-921
962
-293
871
-627
-640
-47
487
589
-616
-18
679
-779
490
-834
-509
371
723
-235
-247
574
748
-333
615
-107
-147
-95
-716
325
-189
498
-971
-901
232
523
414
678
-833
-481
-401
-990
205
43
472
-798
-388
-52
877
693
427
72
684
-451
-289
-215
-167
-114
915
-477
660
-4
-716
-878
489
-831
133
988
107
405
553
585
-478
-865
820
-760
-457
-234
413
222
-214
419
55
853
-603
-242
-382
679
263
197
380
-956
-183
-346
62
-833
598
770
-923
-448
-360
345
-316
529
-596
-286
-98
134
753
21
-319
733
846
-425
784
435
-959
642
516
384
99
275
898
862
-287
484
132
-509
251
512
-459
-947
-361
-310
-359
101
251
771
741
283
162
-508
69
158
-948
-643
172
-394
-971
-418
-623
884
-885
-718
-451
-239
358
950
275
166
-499
-88
-225
-447
756
-216
754
-456
-847
-811
869
431
491
616
-250
-539
-896
848
272
848
-617
-236
445
487
-493
631
-975
905
-964
-302
687
62
-332
-298
600
161
-625
-929
-503
764
-272
-740
-732
-390
623
698
289
905
-516
-212
530
896
341
613
534
-684
-204
59
983
688
-816
792
-267
-500
365
807
504
95
-141
551
59
91
465
-383
223
-284
599
170
-734
977
-815
-72
922
528
-44
704
-382
661
800
-153
203
-553
239
45
297
-362
-219
-410
910
45
-623
104
698
648
157
458
297
-115
-21
536
-895
-671
-378
-37
353
354
515
127
-63
982
427
573
737
375
172
-315
287
489
-566
911
887
136
411
-901
774
-31
605
493
-950
-543
831
-504
-675
-599
-577
851
187
-853
-379
431
819
899
-803
-336
-517
-609
-795
787
-164
1000
-934
-118
251
-51
969
983
-311
-779
-956
622
695
302
727
-228
561
147
635
922
-101
862
962
925
-203
403
-717
184
-7
-114
-239
248
-11
202
686
541
526
-178
657
-304
-179
-751
-591
681
-319
-61
-300
-681
444
-89
1
711
-126
847
887
-571
-86
-526
-197
-951
-285
426
-175
-904
-128
-232
-367
-979
770
863
-171
-135
484
-467
217
900
-995
698
-763
595
142
-804
-314
26
-547
751
422
960
401
-858
-591
-505
-550
-7
984
-438
230
515
125
-833
584
-646
572
597
321
-905
-71
-675
913
-335
316
71
310
660
609
61
544
-705
441
856
666
-19
501
85
702
-252
104
376
779
-568
48
454
-909
336
-107
-307
66
553
980
-698
968
468
807
378
150
688
-326
-12
492
-943
486
42
563
573
-640
862
-321
317
-114
-966
820
-6
-657
-567
-2
-892
-150
-53
181
534
-547
-429
72
-849
174
266
-779
203
-388
-310
971
-637
78
-343
-956
-133
814
690
-813
725
878
312
-106
-790
-136
396
389
-298
-349
505
-38
-295
793
645
-125
347
404
43
-543
373
930
746
-106
-159
-299
689
909
832
-736
426
-367
-705
-122
851
-97
625
-299
-888
285
-504
723
-811
648
721
706
-638
-552
440
-436
-471
-504
657
-622
-431
-656
753
898
-592
-530
-209
694
-947
122
-42
709
-468
184
-598
550
-898
823
349
-944
-80
427
-675
988
623
-660
1000
-614
-73
-558
667
176
808
326
665
524
52
-900
-288
585
80
2
994
270
397
-855
-647
-228
-96
743
547
-811
-705
126
270
549
833
920
-990
-534
643
153
-324
-896
638
395
661
-783
856
-306
-386
373
693
751
-163
494
-234
-922
-410
364
-593
-493
-510
-513
254
793
-48
-440
534
-914
-434
154
-849
79
-54
780
578
349
-541
-443
217
119
-941
-842
-396
941
-803
733
-286
875
705
307
848
498
-578
-288
-167
619
295
174
-791
50
729
-823
233
410
-282
481
-814
-866
627
460
-15
260
531
-511
-775
449
-292
-655
612
-314
-340
492
108
622
996
552
200
-898
-867
-118
806
260
148
961
-397
-245
889
932
270
-203
-429
-70
-663
-180
665
192
-145
-688
538
-941
694
-172
442
-429
106
-204
-110
780
657
-120
739
-533
323
384
-574
103
-407
928
-305
-258
762
-561
-236
-837
228
-62
-393
-287
-913
31
-791
-904
258
-265
988
711
-720
588
603
154
280
-986
830
-404
476
461
241
459
747
809
-796
-870
-894
-228
-824
-127
-601
226
-563
-369
-320
532
478
-42
-904
614
959
184
-845
844
-715
-58
-481
-705
192
-235
508
542
639
373
600
-793
569
548
-897
-100
-67
-575
204
192
484
658
-26
-540
-898
968
803
-648
-856
743
669
-153
641
965
656
211
764
571
-480
44
-665
-928
155
798
989
688
-430
-83
-684
991
117
961
-374
-953
996
582
779
477
957
-416
382
140
473
-795
539
-963
542
-72
780
-344
-899
841
-278
760
-21
-621
-669
375
-961
-150
415
-79
-632
48
902
166
559
842
-828
837
640
-997
-140
-419
885
-952
19
605
-223
521
166
998
-679
820
564
-570
-8
-89
670
876
267
968
-331
274
-963
-13
110
-437
703
422
-857
-866
-839
844
-591
638
262
79
-86
-441
-952
-601
-576
69
698
75
-730
-830
-11
-63
-396
616
-672
-233
980
446
744
-873
627
998
377
239
939
-419
338
43
50
-142
-987
-625
172
1
994
-887
344
-532
-895
243
-129
-382
-571
-305
700
-1
743
-323
460
940
442
-172
69
-45
323
771
-975
-994
-689
-656
-585
-351
-846
46
-185
437
-518
704
622
-470
638
-212
-879
455
-962
77
622
-478
-349
524
-446
605
476
-938
428
-544
548
325
-1000
9
-859
548
-330
158
-725
-44
713
-541
-34
68
988
296
529
224
-20
-488
585
797
939
-243
-664
387
340
542
209
850
-74
918
-654
-40
-182
-804
618
345
950
