857
-269
704
-354
749
-306
185
446
939
-385
-600
-980
743
349
430
-929
880
-834
-784
490
990
-677
242
-571
369
-536
759
-290
-725
832
-22
-299
163
-386
-659
-677
332
445
162
863
410
-508
-661
-213
-859
956
-701
461
-961
-265
395
-569
-432
119
-657
81
-217
91
27
-16
376
-638
807
149
-147
-276
-378
132
987
-878
888
924
328
-541
-523
411
169
493
-984
257
-94
890
-982
238
-927
829
796
477
59
-746
511
798
456
752
478
228
-45
-207
436
333
979
710
-795
782
-962
-741
303
-623
-948
-233
-469
-45
-695
-418
672
30
-730
-676
326
-947
-308
694
43
537
-931
409
-824
-601
871
655
-502
680
415
133
794
-608
515
-68
369
-731
647
451
-517
-521
-881
-574
262
-149
708
428
195
510
471
-970
-344
444
-804
827
35
-930
-470
-807
-791
-528
-150
639
-466
135
696
945
-399
126
-380
-103
739
-8
-111
679
-944
-392
286
401
-265
752
32
187
-495
6
598
-115
-180
661
646
-103
-40
349
101
725
91
69
-878
224
245
32
-157
816
994
870
-830
-91
-464
557
-913
612
370
-544
-538
-631
-531
414
-789
863
755
-640
585
-841
-601
462
526
-276
889
-582
260
-962
-687
-236
435
136
99
-796
404
-996
187
-973
844
255
87
327
292
-657
-356
-445
-857
904
647
-550
778
-920
704
702
-145
175
-375
39
127
-898
-451
214
764
-161
-681
-517
651
-812
541
-522
-661
-454
-929
294
-596
703
201
877
897
-816
-523
-453
-946
-436
-728
786
378
178
539
-582
363
979
-305
-130
-988
755
764
-208
604
157
156
-998
-677
441
573
421
465
10
458
-898
-15
-236
-124
504
-552
-309
407
-965
-222
-140
-256
139
522
-640
-311
-677
-309
-117
-898
-27
-964
6
981
-175
828
-176
-417
-696
-738
580
429
709
-426
576
480
135
-991
498
969
799
-782
-830
-342
403
-659
-995
-816
-886
486
250
540
970
-926
947
725
812
752
-237
758
-268
-662
-425
-633
-518
-290
-464
60
-515
-465
-293
-404
-652
203
-211
-929
464
-198
-690
337
419
731
-625
752
-95
-657
25
762
985
-142
486
-739
730
-243
872
562
397
589
-512
787
135
313
752
-445
979
543
-97
507
368
269
-694
117
194
775
948
84
-541
958
294
808
-639
157
166
-698
-26
-389
239
-198
-779
400
-870
-873
-485
-222
-482
-979
-535
-645
881
345
20
81
666
461
-427
966
250
150
-351
-404
-770
339
815
-106
-997
-417
-632
664
-854
302
684
779
105
102
787
-472
-609
-412
265
-621
-721
465
127
-308
-469
611
-362
-43
753
811
-87
-361
257
-83
-204
521
-766
-893
-784
-385
927
197
-524
-941
-121
76
-574
114
-869
-489
107
-587
-615
-249
-98
-985
-509
182
645
-889
917
-569
689
279
-52
-96
-575
582
526
578
-223
-596
650
490
474
118
763
896
349
778
-297
512
86
-787
434
-213
776
767
45
-481
-472
-238
-487
-360
-910
593
-83
-905
453
904
645
-967
-815
-998
-427
-424
-416
-527
502
-533
638
280
-921
-435
-85
-838
-515
201
401
693
-912
576
-475
-324
-639
139
748
360
-747
-820
-660
513
-708
753
320
-410
-217
666
-199
640
-545
-4
-515
335
-473
-454
-527
-493
-151
-259
3
555
-881
190
735
830
-873
-93
-274
61
-794
459
902
276
989
-179
709
-987
26
-455
-329
-475
905
-330
619
-734
-251
667
625
-728
-604
-329
493
236
-965
538
134
-946
-219
-109
861
-45
-459
52
59
-955
-222
533
258
604
212
-76
744
-930
-730
-539
-721
-857
875
-360
-127
-835
-465
22
779
-512
512
-684
-799
-341
-662
216
-527
-765
-218
-640
-524
653
-774
-299
909
944
-7
216
92
-400
-747
-530
553
-852
-717
536
-249
-263
70
145
187
795
-687
464
556
-865
-865
539
-930
-190
824
-638
112
-382
-445
-362
-317
687
-220
583
-835
315
658
947
67
-39
-508
695
807
-936
942
346
-233
556
-125
-971
-708
-255
-494
-309
665
828
520
709
-591
377
297
871
-130
748
-603
-146
589
476
-547
639
18
-34
-545
-340
776
-74
-591
57
122
-184
569
-986
471
-713
327
-398
717
285
-359
-123
846
-993
-574
841
941
207
946
-855
-256
646
984
470
-884
-229
-754
738
134
69
-762
859
-529
659
684
-375
-265
-913
-145
933
-183
247
720
-93
32
-872
-885
-337
380
-833
-900
-853
-818
712
-133
441
-130
569
813
890
-65
590
418
247
908
814
-776
681
-584
-823
-463
771
680
507
351
81
-299
-803
-257
-322
-873
855
-407
95
45
-36
17
-904
-432
-741
-867
601
932
-102
-215
-386
94
579
-368
898
-19
554
-653
50
-52
62
385
-487
-78
431
-365
462
722
235
698
747
993
-907
-635
-358
-293
948
-460
74
-813
-439
-924
952
841
-25
-574
656
-124
661
-702
-768
-432
583
370
-528
-788
541
-472
-332
948
336
240
726
-114
436
489
948
895
-662
-438
521
984
-964
88
-675
-1
880
-216
970
253
-507
-56
-935
-488
840
202
-833
-469
339
-604
206
734
-54
475
961
-763
-74
-951
907
-916
278
714
429
667
-792
163
534
-875
263
924
-372
984
479
-954
-398
739
-254
-638
254
-46
-55
688
793
881
-746
-814
-722
401
-475
576
-12
-43
514
354
-842
-9
-972
-86
64
801
-456
-802
178
452
207
-761
499
-48
-52
371
-739
227
939
33
-922
-835
-903
-922
311
-266
690
-496
-638
-912
937
608
630
-463
-622
133
374
-287
579
453
983
-714
-630
-809
265
-296
902
144
-822
553
-519
141
147
-731
-87
-165
-777
-698
-140
-766
353
236
399
-197
322
-385
-156
49
116
-272
-448
-39
679
333
-316
-484
106
747
-830
-854
970
-67
696
-950
913
77
745
258
-222
-451
108
654
219
326
653
292
171
-767
-624
815
144
-933
-476
637
820
-113
-222
-883
-147
377
-892
-910
-429
287
26
794
997
-751
-258
-275
-939
-607
-74
-977
607
778
536
-313
-807
-982
957
514
-96
-306
-46
-846
-655
-600
-710
-188
-875
-48
288
667
260
-187
297
-236
-247
-602
256
-691
804
-827
-73
-893
-111
-489
629
929
908
-254
596
861
594
789
-430
-315
818
654
-52
704
367
-749
-653
708
-40
544
-699
-205
-919
-818
-448
-479
-852
-738
935
655
-499
-686
-639
-685
496
807
808
759
294
-218
-892
-460
-523
-136
-55
645
244
-188
-314
270
-858
711
217
753
-60
-320
-450
384
758
-491
-252
359
-949
660
486
-300
965
-133
-724
660
-396
597
45
856
819
-970
-22
-682
-669
875
-217
-71
-684
-906
970
943
-886
-306
-701
600
-163
-307
-593
-286
114
-233
-216
-235
617
-884
-664
-440
177
-797
-787
652
249
-462
142
640
404
525
-172
212
231
-503
450
-533
783
-796
374
-304
377
811
-633
-643
-119
-650
-638
-989
173
-183
-553
783
-37
-937
521
710
11
353
250
-115
-549
-311
-808
-530
460
-345
776
-938
-563
-232
-2
-294
-243
-422
-957
202
399
-74
278
494
-112
-996
-443
647
-882
555
-567
256
-574
-876
-311
-198
645
404
874
658
786
-617
189
674
517
-720
-245
279
913
-206
393
-523
-552
-182
540
954
311
-407
485
-541
-16
276
354
906
963
776
-861
677
449
513
121
-655
975
718
-902
961
-283
-985
928
-897
-830
665
-365
476
-567
391
-991
-994
-967
-462
-255
-835
-513
565
305
-231
706
114
-387
491
810
-470
27
-275
-637
-492
333
627
-226
-74
-820
205
-328
240
-426
-358
610
420
-13
-38
424
820
606
13
-162
-444
403
350
-413
-523
233
-301
-508
928
-248
768
937
-772
-360
-527
174
988
778
219
-312
18
381
-644
516
-975
-735
-190
-435
621
28
-145
-564
789
-351
947
758
408
-212
-332
161
-860
-953
-86
432
245
831
949
-353
-961
-962
545
833
883
-576
745
-694
849
-687
-164
298
317
-142
-649
58
682
254
-694
397
582
-303
376
-853
544
-822
680
-500
-701
-806
751
942
215
-595
-981
-480
662
-867
174
864
-202
-970
856
-322
872
3
503
932
-428
-462
972
451
770
734
8
-248
948
381
716
462
894
-247
-192
147
-244
-314
-735
652
791
-782
-893
230
-735
646
282
-341
-601
-706
832
-466
609
28
348
801
-520
-609
273
-976
608
-508
872
-362
-667
-646
197
514
-133
203
-894
-685
-512
270
987
381
896
-378
829
751
555
-548
-642
-279
203
-571
577
910
-337
681
-638
938
-475
-556
-621
869
667
-602
-535
-719
176
907
-28
-719
-635
163
-545
-890
288
143
711
-902
443
741
875
132
-532
610
-104
-646
414
-103
215
62
-402
-616
390
-960
-924
-68
314
-115
229
631
80
-939
222
-614
517
127
-543
-384
586
909
235
-605
695
816
535
-547
-305
174
719
816
-256
-153
628
867
955
670
-181
-510
230
-383
-734
-708
-762
-799
496
513
-854
725
907
-128
666
46
-815
-823
-291
806
-597
-414
396
183
242
858
692
73
62
463
565
-136
-268
108
293
-454
692
694
-796
-403
338
-729
703
-136
-874
479
-995
87
933
-864
330
793
800
-776
-749
-858
-326
688
251
-205
-86
-891
-163
640
293
503
-772
134
-845
479
128
31
9
-701
-515
-928
134
-575
-475
-424
-596
-259
990
-352
896
2
-251
-901
-748
-102
-481
-540
-573
522
-707
-475
465
-23
-457
420
-100
483
319
-376
134
500
-367
639
-656
-518
538
588
-216
-784
-33
42
-421
799
473
574
-497
0
-950
301
482
-518
-509
524
976
-595
466
-201
700
216
-796
405
824
-454
-377
608
143
362
133
-823
434
890
-233
348
-289
208
-408
-73
591
-490
360
215
-824
297
-49
-110
622
26
-833
502
75
318
725
889
207
-44
-11
214
572
571
-842
921
-366
335
-952
-582
825
473
133
-420
141
793
185
278
-72
663
-802
-28
220
443
-957
-704
-563
471
-73
13
285
-551
642
-363
-190
-510
400
994
627
393
655
-103
236
52
-700
69
965
-124
272
-709
653
-267
694
-48
-317
-113
-855
806
-59
-56
-10
631
-479
-244
311
-449
130
-169
924
-422
-973
207
766
-964
170
-138
-263
-595
-500
-196
560
-828
-891
29
-322
-571
993
542
1
-177
384
-277
-669
695
541
-71
-653
-789
-928
529
382
249
-352
160
360
58
-590
838
-975
-180
-53
966
124
-52
794
640
130
-640
-403
-501
376
346
-848
-980
-617
885
998
-330
-891
560
-459
905
480
-109
586
-975
246
366
507
-188
8
926
421
300
-697
480
-250
743
-45
277
-709
-688
-244
499
-125
76
-14
815
218
-81
911
-692
-535
-62
-243
65
270
-85
-710
737
-484
-367
263
717
367
136
-419
-103
51
394
965
-352
-495
-920
202
-934
677
-23
577
145
-305
595
242
701
254
352
-936
-766
-669
441
-219
697
-260
-421
-497
-580
-879
-772
-911
101
-680
-578
-699
-385
288
-766
827
594
-862
-341
-780
22
-656
470
989
943
602
-405
-526
-684
-338
-988
-908
-678
225
-662
-770
742
-728
347
523
-362
457
486
893
770
181
-936
94
505
210
-722
969
557
-163
866
-422
845
429
-371
454
659
-828
-207
-201
671
-858
637
320
-704
-619
715
272
-465
-357
-228
-2
972
-256
877
-387
608
692
964
-134
402
-642
151
921
-647
820
955
447
-663
635
222
-755
-252
154
-456
-690
778
-246
-794
-744
-826
-797
-112
-987
-678
-231
-929
-468
-954
-436
-935
-177
-748
449
-605
-625
-907
-556
-339
-477
668
6
-352
-248
876
551
-923
-275
-811
-9
-24
-566
121
-567
-522
938
-601
-847
-576
-996
175
-869
458
259
-654
-513
-732
-31
670
874
-843
-691
-766
823
547
-830
601
810
489
105
-961
708
-272
921
449
-287
-64
182
970
-115
-266
683
-197
-242
752
-70
759
39
94
843
94
-95
707
981
723
-350
-962
311
-312
-723
195
-708
-298
595
287
-586
117
-973
-269
-159
-358
-63
675
945
346
-788
821
203
-290
-927
-626
-263
-356
699
-466
335
467
-194
-435
929
-378
-858
931
876
89
-137
-277
713
846
-444
706
-700
-554
-982
-437
-950
-891
54
330
-810
-444
581
682
167
291
250
-274
-199
472
-730
431
147
-231
978
113
-460
-734
-969
770
-711
609
798
454
966
9
704
111
918
63
-600
-216
424
791
-810
932
-383
441
106
-839
637
940
629
810
323
157
932
864
-737
-858
991
-440
-930
398
962
655
-883
-907
527
877
-617
-163
-162
958
389
-62
743
551
754
693
-455
-326
-593
920
-566
-24
-656
467
-661
28
734
886
405
-94
-148
927
-663
151
-347
-244
-675
354
-481
-783
-160
23
-708
-743
-38
46
-888
-638
322
-976
199
145
602
-14
162
-905
-990
400
-715
-130
-58
319
557
287
175
-220
-700
-251
-87
778
219
877
433
-937
-2
-886
-688
-761
-188
900
655
-348
7
431
-125
-301
-591
-924
-507
844
69
-104
-359
-987
814
-231
-464
-72
-734
-253
-139
-776
617
790
-635
-341
-923
918
-160
238
284
-473
568
-312
968
926
26
691
-749
-123
546
378
-948
-736
-259
563
-848
-270
756
59
570
949
-381
-797
-551
-750
424
365
-388
299
541
-259
472
-461
908
-134
-15
-644
306
295
-772
-190
716
-704
603
584
-661
-141
-265
-594
-459
773
-831
381
-802
876
-763
-429
13
-389
102
191
-739
-932
-940
382
160
235
-125
48
-671
-367
427
770
690
-208
221
433
63
-61
154
-92
372
-639
-354
-848
-707
450
-138
589
242
964
-678
-740
-98
206
939
-931
-833
-780
122
798
306
331
755
-842
-940
709
541
-374
666
-428
-895
-422
-381
-757
11
818
-362
-266
71
638
366
874
657
-2
934
-872
-633
924
-130
-619
264
971
-970
237
106
210
-14
510
-863
-426
437
718
8
308
877
228
-487
498
244
218
385
232
723
163
139
-930
886
467
-401
322
-725
176
-220
-649
915
705
-36
-798
610
-335
-844
584
-251
-504
-391
-870
774
870
-410
-547
760
-36
-81
-31
-935
413
-44
-886
-186
335
539
-897
-987
534
596
-127
79
424
659
511
579
828
858
-882
-819
-492
547
-799
555
568
25
150
49
372
-271
-614
240
996
586
-117
-37
-594
-370
313
-774
443
-999
-227
-45
837
-470
193
442
873
-235
798
919
-911
-230
713
-498
-281
-201
816
556
-250
520
-88
273
784
583
-495
-715
810
-441
277
-177
560
850
-816
156
319
-162
-229
-289
731
-487
-314
264
-416
-398
765
-807
-794
273
480
671
-136
-252
777
-632
-181
-979
227
618
-624
648
6
-379
-273
-526
482
-696
-74
576
643
-667
-41
-41
-459
-570
447
-906
288
965
-751
-946
-286
-135
866
1
-309
404
805
-877
22
-744
-720
810
-620
-916
739
-865
621
-978
-295
826
-747
511
-886
211
904
786
31
464
121
-15
483
650
533
517
501
-587
24
588
-820
-549
466
415
344
773
-440
-612
-896
-813
347
96
347
-103
-434
-284
-677
-853
813
-76
-796
724
-504
749
-465
234
-218
720
-40
933
541
140
-717
-164
-836
874
-142
198
162
-43
756
-19
164
-191
-825
218
502
-852
-387
-696
-744
-32
193
-284
782
-604
791
-681
996
-228
-25
505
-813
378
848
185
-916
258
-257
-502
-228
-537
-584
166
-590
-116
-88
33
-644
721
158
-429
36
-737
56
-872
402
-972
905
997
201
665
-875
-561
-338
825
254
-169
-208
90
984
347
-534
-722
-11
826
975
-180
133
619
-934
170
583
386
784
71
258
-90
-860
283
-54
-940
-17
-98
-264
-299
-860
-516
-536
-473
924
-208
302
306
762
401
762
-304
673
-265
-394
404
357
23
-251
-726
744
-677
-454
656
-942
225
-501
275
799
-776
-41
-853
350
-70
-305
-248
218
-864
-787
-272
354
-64
942
-237
712
-516
518
745
611
669
605
-876
-64
-732
479
856
-869
529
71
516
347
-12
-969
-956
-326
454
-539
112
-865
536
-666
541
627
830
-322
384
-182
834
839
812
-157
-794
-392
132
62
-275
372
440
-287
-501
-543
-844
421
998
-420
849
-158
458
-896
-939
799
-15
718
630
56
-829
-916
133
-994
-294
-880
130
-361
606
-975
-854
-736
909
-556
-710
-935
-601
855
696
-205
-323
-440
-519
421
-649
-62
-181
-248
-803
896
575
-625
-380
-377
826
-663
577
-254
684
-392
-478
-453
925
826
289
-607
-943
-624
-154
-70
-74
-511
236
-313
335
222
52
324
-61
37
828
-603
398
-573
-264
-41
-280
662
945
-802
-664
833
-8
236
315
844
-178
499
-614
-51
-612
-131
-759
748
735
500
321
627
66
-984
869
-912
-433
526
-423
-332
-443
-398
-887
132
846
765
-857
375
454
-973
-296
-146
314
40
448
785
-400
925
613
-623
929
463
405
381
-587
560
467
-939
304
-391
622
119
747
686
-103
-539
-891
-636
-338
994
-689
100
56
-373
-742
356
542
-904
-864
-718
-82
584
-337
-504
-6
194
-975
388
-468
-249
614
-712
-100
427
-812
762
-161
-917
-678
607
800
-282
-186
467
315
-722
931
221
-882
-896
-582
-14
-965
-490
619
-470
-312
367
-27
-6
-484
55
-344
-55
-840
144
-827
513
-179
818
306
-923
794
-397
-70
119
-253
970
-923
-807
-676
562
-170
953
982
929
-407
705
-804
-224
516
451
-665
-741
-174
-43
957
132
814
469
-961
1000
536
-492
154
372
876
35
-472
-621
-615
-939
399
103
551
-952
-94
415
-967
-938
-573
338
186
679
-615
410
837
518
775
54
-968
-681
138
576
182
-583
-926
-10
-34
-908
380
-789
-982
-411
44
-246
4
806
-529
-434
-333
92
-265
824
162
-600
430
177
972
511
-948
-122
676
-997
-238
516
-923
186
384
-189
-101
-496
126
689
-733
-192
869
-150
-497
549
93
709
-429
200
-13
-77
-16
938
575
151
790
625
143
-58
-576
-386
169
-3
776
-637
823
-454
135
-839
394
206
-986
-162
586
-464
286
-409
780
-594
-505
48
25
-208
-754
938
19
169
665
638
488
781
-718
866
677
803
80
540
983
-214
48
-172
810
-613
21
16
-167
-98
-31
619
729
-632
264
-399
396
837
959
145
-134
866
-342
-77
393
-263
-824
-854
-487
459
205
-886
36
-533
-487
-195
-333
8
111
563
-24
-172
516
712
-490
714
878
-89
-634
-808
-355
347
68
466
-214
239
381
-424
815
-197
-257
710
-120
-606
-460
681
807
-225
959
-709
-710
-772
-359
660
46
-682
-528
-497
926
-708
-365
790
-631
-98
988
583
-383
874
-666
-795
101
-321
-432
-579
-825
931
-616
-928
831
-665
355
-930
-216
-85
781
-610
839
648
712
-912
802
-437
226
-769
-198
-786
508
705
-501
-174
-106
387
-206
224
-835
690
-719
-257
-741
-180
-440
279
863
-203
983
163
159
890
-827
-83
-608
-159
14
455
304
227
889
-848
800
-308
-351
-867
99
-538
-254
614
-322
145
-997
-993
-415
91
346
-561
-346
381
-570
-596
336
860
-850
887
-714
915
620
-359
405
89
-441
56
606
612
782
-658
-838
409
-82
790
63
708
-121
614
-245
-53
231
738
-79
-1
835
953
91
518
-990
369
-881
-504
-561
-618
896
-773
-286
581
527
599
482
-101
825
-461
-567
81
554
203
237
-464
499
-676
572
787
-572
647
1
107
578
869
80
471
458
772
45
-990
751
349
686
-862
-608
505
331
-198
-931
682
851
378
189
74
98
-253
-660
972
314
-742
560
-376
580
-7
-437
279
-629
-632
956
245
205
258
19
-89
755
60
-397
-899
-533
-270
-374
-897
-426
-430
524
-26
124
29
-274
379
-616
-309
-40
-111
272
-283
959
976
773
253
388
126
209
-691
573
926
927
350
-632
432
647
429
-817
791
280
665
-833
-773
302
-424
372
-778
-612
-936
86
807
528
-375
219
-277
337
-967
20
735
-676
796
352
-985
-25
-837
789
-296
977
-99
-278
-629
25
-195
-37
169
457
-71
41
-892
-697
265
-973
-598
-514
189
-735
-785
189
887
-791
846
-439
760
-338
-612
651
781
827
334
-841
419
313
-48
146
215
101
354
-394
248
773
-915
715
-923
929
925
64
658
143
746
-378
428
473
191
23
893
-593
-937
690
945
-310
-459
-390
-553
-820
-288
-260
-82
981
640
33
270
-123
-336
-181
307
-10
-102
-715
-648
-16
487
360
-134
-18
-673
-756
-953
49
-218
784
46
-566
-709
430
-47
-568
725
593
283
463
383
-462
-748
-514
817
-137
-463
845
264
548
-729
948
-727
-85
-998
-785
93
96
-282
-399
839
902
-333
-18
706
29
-938
164
-220
-308
-108
-707
30
-936
393
-685
-607
339
-211
305
-198
461
-217
116
-455
446
740
37
-980
-659
-763
-80
612
-212
199
-437
696
276
532
132
-241
-805
121
52
-938
301
-103
545
508
-924
-185
596
-155
382
-136
-743
903
137
461
-659
202
442
-850
-863
-887
-959
-630
-960
-607
-384
-842
-325
680
-480
57
257
-870
-700
620
-653
-994
-926
855
-711
-270
107
961
989
-725
96
920
-383
443
-981
-349
-296
119
816
723
-906
927
962
-796
328
732
353
222
662
507
-350
830
-21
460
-202
809
-622
-129
686
-813
-530
695
881
762
-726
-332
873
740
-722
-110
-794
-299
-718
-785
641
-577
-653
539
554
93
613
199
545
184
195
-201
988
-251
512
12
497
-855
-705
16
-136
-992
-223
-855
-890
-986
312
585
-744
-338
-477
652
119
337
-75
984
856
-698
-754
41
-56
621
-9
366
32
-27
827
-557
916
190
-221
-860
241
-370
108
532
79
611
472
694
-112
-955
-326
475
-86
-343
312
-880
-974
421
-472
-8
-441
897
-871
-960
-777
490
-987
385
-335
537
-105
-717
-230
61
465
-824
378
-442
-210
168
656
-837
877
937
-632
-474
-693
563
-394
96
594
-353
-878
500
-246
17
756
-828
117
675
-11
-628
-54
-141
-421
-639
419
-858
897
520
844
-527
-899
-203
-141
24
405
-114
655
-496
766
-468
-652
289
-410
976
-204
-687
-597
457
241
741
-493
149
-792
-353
53
-544
302
-851
-258
487
-548
-8
-294
-596
593
877
911
-315
-216
763
-704
1
-500
250
93
-717
-745
828
61
-414
975
743
451
-808
-564
-778
793
-10
-962
446
-954
-911
638
-320
784
-180
222
203
-997
201
-285
-966
-606
-735
962
-507
-187
-70
809
-656
-611
399
-609
480
-859
-33
-338
343
-145
54
117
721
234
969
-35
530
734
8
-996
-394
-406
194
627
148
21
997
-449
391
491
886
-687
645
-768
565
210
105
-504
-253
406
158
420
-26
881
-265
948
546
836
387
697
732
339
-962
-860
980
342
662
263
-414
-230
-511
529
-606
515
119
-769
-753
224
272
460
-725
-577
-740
735
403
-709
89
879
848
-180
-973
345
525
984
34
284
863
-595
102
622
608
285
833
839
-207
-686
49
110
-680
182
223
-87
624
844
-328
-978
-956
-857
-512
-82
-606
824
-974
278
125
-835
629
659
-52
394
-210
970
-467
-383
-878
63
-104
-77
717
-58
454
-814
-44
710
-417
-592
889
807
890
944
367
-128
-282
197
222
-863
639
-458
74
-632
306
925
80
634
-956
-129
22
-23
704
-219
-494
620
772
323
-104
-792
476
328
315
-824
-566
-968
-758
82
-301
221
526
422
-29
-849
337
754
-594
6
838
67
-340
432
-822
-610
-420
477
753
666
918
-98
192
-77
-48
678
-474
-298
-162
389
975
131
-907
-676
992
461
-586
916
275
690
24
549
584
-263
967
-720
370
886
762
-445
886
235
243
168
-468
450
-132
-484
-851
961
399
81
977
913
-561
665
-82
-781
955
-577
836
871
-826
94
187
-733
199
479
-705
-171
424
-912
332
677
-349
504
916
-379
-628
887
-437
142
881
-450
1000
800
-402
342
-823
-205
64
286
-403
-612
-901
-968
-786
483
492
395
913
-883
-685
922
-396
-820
-355
-345
-405
-62
742
663
-670
-826
-880
-30
428
-964
-101
-916
485
-804
765
456
-571
-924
375
-726
-470
-201
730
774
-930
873
176
17
151
-905
-950
-429
-678
-96
424
-202
795
352
-602
202
-625
700
-541
665
125
726
-250
-584
56
596
-709
621
-474
-363
399
76
610
734
-620
-205
-174
226
50
925
764
172
-400
-551
-381
718
876
-590
821
648
-986
34
263
714
540
252
-913
837
-180
46
-176
-160
906
574
-482
893
916
-642
12
-548
996
-198
217
940
-469
-162
-514
625
-451
922
-313
-731
478
-719
732
-227
686
-641
159
-598
503
-8
736
569
-513
-950
-220
399
-730
278
710
-663
-231
-592
-841
-162
408
-821
528
140
510
-143
-381
320
883
422
60
195
-739
-416
542
180
-82
929
513
-128
669
-322
-830
194
-905
-532
-963
-47
-208
725
547
156
304
607
-864
-141
-512
-214
-869
-540
409
-873
-794
709
269
451
982
-117
426
692
703
-180
774
-586
175
-795
-473
-813
162
-646
376
177
-276
675
337
699
-944
19
494
938
-750
204
-780
-940
-139
-574
-116
-841
-564
-88
44
314
492
-216
-466
455
-786
932
-12
905
64
823
-729
920
-359
512
-101
223
974
-214
65
990
-362
-539
833
-400
-103
-527
740
-222
-267
60
-535
-36
-924
270
-368
756
527
439
-470
289
-139
88
889
-415
-440
909
336
273
-617
843
721
508
204
-613
-580
392
-824
788
-397
-360
96
-1
-327
-178
106
-106
-195
-390
140
63
-595
-371
194
903
-604
189
301
692
908
-728
-269
-175
372
-797
73
-745
-592
160
271
-931
-796
-50
164
-293
926
-927
-948
-634
89
205
283
-262
544
474
-866
-107
-981
-264
-132
-221
981
-831
-499
610
-644
184
520
96
-540
154
-891
-898
322
704
109
-540
761
933
441
379
-478
-794
-785
706
-199
382
-917
-893
-749
320
-845
375
-827
260
249
110
341
762
349
-877
-803
63
522
-750
-604
-865
453
766
277
693
-917
188
-692
-444
-723
518
226
-114
-145
-360
576
-880
-834
-22
-393
758
683
159
68
403
788
-391
968
-338
604
-580
370
-386
212
-35
-132
233
-337
-249
459
-580
800
532
-564
896
-168
27
-900
-410
-815
92
455
-997
471
449
-272
-552
404
-134
-751
510
-675
-256
-173
379
180
133
346
-439
516
452
219
994
901
912
-893
-896
-896
859
602
-140
-205
57
486
-688
664
440
316
70
-38
-763
-226
-864
614
756
845
177
992
-390
872
-71
-689
389
-150
803
370
-980
599
-397
-860
815
-746
545
-250
-503
-95
-14
-951
340
153
466
655
754
-405
-823
-884
-167
-131
-252
-568
-24
904
-247
518
126
-339
-799
546
-21
-333
496
-927
-188
-669
680
-762
992
71
-111
-322
-727
-399
-282
27
-316
666
991
460
-2
344
81
-246
640
315
771
-371
-652
497
913
61
404
-456
843
99
-426
466
819
-330
458
-39
-376
229
945
-248
121
-480
-139
-63
-430
620
-982
-208
-904
332
419
193
788
-599
-788
913
762
-208
745
-430
-728
-400
-25
334
-623
299
239
403
-531
636
742
-596
-721
-520
-92
-845
153
565
412
-361
-478
16
434
-427
-888
-473
-651
380
910
-304
-974
601
905
26
-748
243
-82
-637
-581
-287
-490
896
-122
671
-551
-2
-321
88
-997
903
-163
73
-563
703
840
192
787
982
816
382
826
-159
-583
-14
-150
-916
-665
-979
-543
-137
-690
-882
53
369
737
-669
8
-555
-512
780
-312
912
-793
-602
216
-181
233
-371
-938
29
-980
-9
-356
872
-27
-445
-429
-212
-752
-643
-286
706
-720
231
252
-650
176
706
238
-934
897
-550
-152
691
-276
-674
924
589
-662
911
-421
-437
143
-648
-500
246
542
45
362
-200
531
13
48
-369
839
758
-760
382
891
-173
820
-69
-620
328
574
122
-45
758
-96
211
-869
255
-119
115
660
728
-319
549
-145
-348
-175
-682
295
-624
-445
-725
985
-392
-527
-638
536
-424
-795
-292
-319
440
60
81
-486
390
118
-180
376
872
-247
195
-991
-311
862
-853
-126
589
890
475
46
651
-467
334
463
-670
562
-909
234
659
-782
714
-954
-759
754
904
244
-181
149
-541
-872
-667
-215
69
-64
770
-716
810
222
-912
-271
-285
-705
389
869
-339
-721
-713
221
-733
-942
19
-90
-18
238
83
767
195
-140
134
-154
-924
569
203
977
-455
962
133
-323
993
-573
83
-571
152
457
238
-198
118
909
-947
606
-649
-752
851
-271
-499
444
-820
806
133
-896
331
506
-365
-547
374
131
88
869
483
-109
552
-869
-886
-204
869
-120
-892
610
-629
-912
-120
-928
-312
-840
604
830
265
-249
215
457
109
-615
-330
-520
19
442
-122
277
266
770
335
-153
435
459
28
-655
-664
-41
-316
889
877
-458
-516
-99
-85
-366
-958
-167
248
825
645
222
-27
-996
78
-905
280
-490
-268
445
-921
518
-483
414
696
889
-786
-352
-109
-206
-641
-690
255
-175
710
-683
-359
533
728
258
214
169
310
461
621
117
-179
683
462
-555
-407
695
862
-992
821
811
-725
-480
766
996
189
-603
-711
-457
529
-336
-521
611
-703
24
896
-368
-569
-958
873
523
-827
-626
781
-442
-238
427
-886
-395
494
-580
-353
843
-17
840
411
-277
-258
-668
746
-260
968
540
-26
522
-77
-171
649
722
121
597
221
-752
-259
193
999
235
-951
35
898
785
-709
769
-638
985
696
435
112
642
880
-102
493
877
-318
-928
431
-36
-874
87
654
998
928
-414
575
-584
-361
-613
-288
611
-728
331
692
-804
116
-273
-899
651
526
-782
564
923
-222
-40
355
-698
945
-991
-52
27
207
-476
-527
657
-679
-820
13
242
-108
-821
-551
-544
1000
589
961
-623
265
-332
-282
941
-789
-869
153
622
-533
-655
-658
-285
21
564
125
-160
332
-92
211
-664
168
112
-949
-637
53
704
816
-874
971
894
826
-301
241
403
402
501
823
721
460
-669
481
418
-903
-315
89
785
-960
634
323
476
870
485
985
727
607
452
859
887
-92
914
-674
923
701
-588
-368
-636
555
-376
-334
-488
448
-965
581
569
561
-538
-253
849
-361
-135
-942
424
-971
-465
-193
914
374
-374
119
-745
-903
477
-588
944
-928
624
-880
-957
-317
-108
-588
-641
-572
641
792
332
186
-187
-476
-504
-897
-230
363
20
44
-254
-469
41
143
-717
643
355
-254
181
917
-903
213
-287
-874
325
-362
755
190
834
486
-627
-823
828
23
6
748
47
-467
661
-813
29
-33
278
-470
-989
-272
-611
-817
760
-357
-76
482
904
908
-748
146
-378
-678
960
18
-977
-217
304
-171
-234
-637
503
-380
450
712
837
-608
-30
-875
-721
-473
533
-360
182
-366
347
-506
-453
981
-728
-94
-862
186
791
-469
-619
-466
143
108
-367
-648
-574
-627
469
139
-412
417
-278
806
-213
417
-352
-161
179
-972
-531
811
179
-557
-28
264
65
-53
-672
-810
420
257
-208
-483
675
756
82
346
-826
828
-696
-42
-726
-82
-847
340
815
256
-423
-558
777
363
-905
925
652
-4
333
-541
619
709
-639
153
999
340
831
134
-904
-809
-157
-33
-903
-51
-986
448
948
358
-772
387
-298
-414
-439
-914
-862
942
-3
856
900
-145
96
-587
-639
-94
-757
547
560
45
-542
-348
-311
-722
746
111
-501
460
598
-970
291
532
-358
598
-370
-698
-259
877
-317
30
675
353
919
-724
-410
470
620
-243
248
-687
-654
-700
-615
666
724
-269
187
473
-489
182
-741
374
987
-213
-201
-173
-620
-31
371
-863
-507
-951
241
-86
-372
332
-242
-966
79
-853
616
626
-410
-21
-120
-893
-404
251
291
-758
457
524
99
-576
-945
321
877
134
812
-49
622
-248
727
730
420
-624
-592
-644
762
-280
984
935
741
991
973
302
-891
999
-972
90
-714
872
-795
-160
625
846
-540
-757
-916
-824
-710
-821
76
-577
460
421
164
180
803
311
-196
-842
312
-815
139
893
351
139
-146
-677
430
984
-798
-59
-138
-103
628
968
836
509
-895
-242
317
642
549
553
548
141
-807
791
817
106
41
-828
-725
224
-316
459
911
472
-250
866
539
959
898
976
-569
-223
652
-975
253
381
969
-223
653
-915
-73
-414
-866
-985
-734
-429
930
-720
-194
-160
219
-857
-384
988
-646
-719
367
259
-311
924
545
150
694
-225
-389
-861
142
-353
-249
-664
-804
770
133
-153
-253
-662
376
375
482
634
36
128
-165
146
-508
51
-342
-627
795
-411
230
614
526
-624
634
-828
-766
-646
550
270
272
681
819
205
637
980
-422
574
-203
20
214
-767
-200
206
-971
-535
-531
467
-258
444
-815
79
356
-475
682
59
747
-442
79
-350
4
330
636
857
-955
-491
781
-921
710
-340
-396
273
311
-529
243
223
851
-117
410
405
-869
142
585
-239
-365
97
883
-750
-909
-846
-953
-778
624
81
288
104
-294
952
90
994
730
354
819
-289
-985
-944
-259
-131
866
-623
-233
-646
-888
-153
272
-303
-37
314
-300
330
252
230
490
-588
934
961
722
290
533
801
-173
-242
949
-16
475
-577
-676
724
-745
-940
936
712
-821
117
994
561
493
-711
-13
-534
858
-773
-957
-50
-995
-983
-869
-511
-411
-707
178
577
-775
-242
713
-523
647
819
691
-679
897
310
527
265
-147
216
-949
828
-846
357
-831
-679
677
41
985
-539
-599
-95
308
-316
999
-340
523
276
717
-751
-510
-88
-714
158
805
611
244
220
-117
692
-356
-669
60
549
-975
525
-669
-898
407
-916
-776
-56
347
352
556
-529
-95
766
153
982
-809
-75
873
770
-759
-362
167
788
311
-24
745
805
-71
381
384
176
450
-166
941
-527
442
131
-18
666
-371
-423
-987
940
890
805
713
-974
-199
79
-783
-617
-30
84
-828
377
-724
992
-878
-465
-259
611
79
-660
785
-236
225
-383
304
52
671
260
660
-1
828
599
822
-168
-26
209
7
-297
865
-787
102
-683
451
-36
-579
423
305
-217
573
348
817
-476
686
-81
-766
915
-817
791
991
-685
-308
892
-411
823
-87
-240
431
-910
-34
59
472
195
937
-772
-752
285
-194
723
-81
-580
442
862
-547
-705
-869
695
739
-518
-192
840
908
-710
517
229
-875
829
644
62
189
588
712
-142
559
798
314
-795
420
-939
-483
637
-571
-663
-246
787
760
-654
160
-397
740
848
-247
-752
291
328
84
-951
998
200
645
-238
-405
875
-901
808
845
608
-333
33
790
-28
420
218
-56
843
-37
313
477
321
-973
16
264
-711
76
727
755
482
-834
639
477
-966
551
-858
598
-991
-85
422
-83
631
553
597
-328
-994
-640
408
654
557
924
-949
-260
678
523
904
-559
-34
725
-964
-846
506
608
925
429
-25
55
177
964
317
494
-11
-879
101
-311
175
-126
-344
109
860
-193
-11
-289
778
61
223
-412
998
-710
-513
-272
-965
-475
83
-938
-967
-325
-887
-872
-879
790
-381
732
905
-984
-539
812
-258
422
-293
-806
538
104
-58
803
-371
774
343
-127
-504
-633
839
-630
342
-670
-641
-129
-528
-495
515
-540
-387
752
646
747
165
-168
743
598
436
431
840
-526
-322
402
937
-60
-593
-711
-534
594
761
-446
-150
-78
769
-957
-57
-790
714
-229
302
177
372
646
-904
-338
-658
473
-324
-601
582
242
-364
-184
316
-171
12
466
-792
-438
780
6
649
377
-201
815
-177
-620
-793
-391
-363
885
-966
-23
-813
-332
-136
963
486
-681
958
926
-132
-273
948
535
-523
666
229
908
176
-400
520
-397
-41
362
228
695
638
72
-851
-400
131
765
516
-416
-715
-340
-541
79
403
-424
377
100
327
511
882
693
961
739
975
-532
575
84
-173
61
-482
573
777
696
408
75
-320
980
1
-104
470
-972
639
-134
-931
-801
536
-265
997
-170
221
470
-741
946
451
586
975
-234
419
230
296
-770
154
419
-540
-738
376
880
-410
656
-392
-5
-360
-968
-765
209
-766
773
-573
-953
386
-34
-590
159
-291
922
94
811
-992
817
670
124
438
-784
-141
-469
-936
-470
-777
-69
147
-356
-979
-752
752
351
-961
-362
724
-894
-759
-121
-959
738
753
-47
994
805
-22
-262
-16
714
859
-167
491
381
284
914
-442
696
-683
-662
601
-229
-434
-407
-326
-587
156
546
-303
-888
-245
183
751
585
-381
-215
632
347
-271
386
-171
-791
-58
763
-536
446
663
-512
602
-954
165
507
104
-41
565
-764
678
-721
124
-847
629
-621
845
198
-984
-185
-97
264
675
84
-313
-698
634
-670
-848
-628
-993
745
826
803
-592
327
-625
496
-471
-440
19
552
-772
871
957
846
608
-966
889
-73
-123
-693
382
-50
632
-477
196
922
620
784
739
-661
-291
-894
-804
916
288
-458
168
57
382
-50
263
552
-482
-466
-440
813
754
287
572
-268
349
833
-676
-228
784
445
-642
-197
564
843
703
966
214
-82
-538
-216
396
-353
-47
990
39
38
-211
-601
669
-115
538
-581
-332
-137
-304
-969
-970
635
790
740
-223
-392
21
-507
830
-312
-351
-727
-524
799
196
697
-608
-999
770
922
-798
491
479
-731
334
845
-276
879
-672
-318
-832
-319
-107
411
309
111
-96
338
996
-519
-460
563
-812
-892
-875
-871
-399
-100
-230
833
-294
-581
-536
765
-766
-741
-374
-350
-572
-459
-300
-25
-648
-97
-875
-3
-446
-42
15
653
-38
129
892
386
677
-402
973
296
121
259
859
-986
53
861
-495
-708
120
209
800
276
862
-61
664
305
-647
-662
-857
110
-705
-672
-310
-635
604
-976
-728
-167
833
-818
-233
465
-522
872
830
968
-885
637
-342
703
-423
-905
683
-68
-633
-4
-222
-724
-889
867
794
367
-424
565
-996
283
-123
-257
-225
-770
586
-901
182
180
919
754
375
-903
978
-783
651
185
-737
39
422
195
190
431
25
568
227
-674
-629
457
-944
324
-864
829
603
-625
-622
345
-73
122
156
707
-554
-435
-715
-654
138
893
-419
16
178
874
-782
-442
-517
901
954
543
236
355
-719
596
464
319
790
-573
439
909
61
-681
186
-257
710
-125
154
-36
249
741
-555
810
317
-117
192
309
351
-505
-380
321
456
-471
-152
-349
508
-196
538
546
-113
-683
-277
-749
-471
-701
771
822
-348
-223
-580
-997
-222
931
898
-417
-643
932
-19
-203
-124
-275
-898
369
-942
229
321
832
626
349
-343
-890
-688
893
-769
356
488
408
227
-850
884
181
664
-845
796
504
298
868
-350
938
-530
-245
50
547
748
-375
421
12
-21
813
175
-644
-56
-350
-739
33
624
-934
877
-145
193
684
-626
28
-165
-723
-536
191
-341
-171
762
986
236
-846
-807
591
269
218
-124
-980
17
-10
447
-103
-721
479
746
-807
778
525
897
979
-314
801
378
-471
-300
972
-550
611
367
-742
366
-52
-916
-85
-789
-127
-208
-230
748
-531
541
643
1
152
-876
650
-85
482
-85
769
518
-722
-400
-982
-765
-94
-582
-668
427
-646
-811
344
-612
441
42
-672
-720
-634
-234
-807
-620
-562
-327
998
9
942
40
-929
448
-530
-356
-719
691
941
-666
619
-582
-270
902
-921
30
-57
155
-234
-188
-496
-927
193
324
324
-184
663
-950
540
-424
420
332
865
111
-325
-365
583
552
995
146
-63
-382
-56
-868
-654
257
-6
-193
797
-43
-994
-534
79
973
295
-554
570
-26
-774
587
489
-490
-188
-661
281
637
267
972
538
-961
463
-780
32
-88
-47
186
-544
-670
388
632
-815
328
-696
388
526
-770
-857
249
-583
-232
151
103
246
501
-185
-904
436
-394
795
1
-193
621
-308
-38
694
17
995
305
-221
-536
529
-1000
69
-950
-52
808
-817
-163
-135
-443
11
-554
-119
-777
-620
377
-903
-585
321
663
-706
8
135
675
160
-100
394
689
501
587
326
894
-534
-989
376
-725
648
715
525
952
772
11
293
381
-565
390
-881
-51
672
622
-216
750
-107
-593
952
-358
-408
995
889
-195
577
-468
742
584
-436
-765
-492
-742
-306
616
111
295
-360
214
940
538
-827
-191
959
-864
85
497
173
-322
-359
738
-799
-740
486
40
-228
419
946
-23
48
-511
-223
362
163
-722
867
963
-169
383
576
-175
-61
-464
-16
-532
275
453
955
397
989
-949
-630
271
271
-768
282
230
-835
372
248
-504
-225
693
639
-242
934
-120
-988
-324
-737
188
456
218
-96
554
-773
-1000
-255
-11
-503
866
-385
222
-381
-566
116
262
-267
409
-477
-653
-218
-63
-715
974
198
-759
798
845
605
115
425
-946
637
761
-857
54
-957
-258
425
-245
857
663
-456
267
-757
-266
-188
632
-874
150
-190
-77
-159
-252
-408
-309
578
-247
-182
-967
289
-637
1
-957
-212
421
-759
-749
-112
-241
-723
857
-925
166
299
-113
-235
-290
653
495
495
742
-76
-607
501
109
-865
430
362
-744
-271
94
642
-817
44
674
-231
341
620
951
-895
-283
624
-633
-690
-487
-559
-5
-38
-364
775
-743
-992
-678
127
-388
300
74
-809
420
-182
-21
304
-764
816
-45
-496
615
-465
845
-60
-117
-629
-59
-422
-82
607
695
927
889
-256
-658
771
222
142
730
300
702
-814
-254
101
-194
627
433
481
994
603
601
231
-109
729
-137
-277
669
-17
-336
-828
-238
-459
-522
872
1000
-162
892
833
336
239
-635
205
542
12
-872
34
270
-665
559
-499
51
500
-696
-652
-609
-688
-228
680
592
-906
-762
-286
-778
904
408
-528
-201
82
-494
-885
-586
-276
-126
881
160
-393
999
-96
-60
643
-347
-528
846
969
196
-108
-131
680
783
-633
894
386
760
-859
841
-766
514
-141
479
423
-212
61
26
-252
986
192
888
-233
804
-739
-137
862
72
607
-222
-512
377
478
-299
-326
-591
-83
-672
220
91
65
-654
-389
768
235
-318
297
-713
-506
-262
-105
808
156
-594
22
-983
-320
-781
983
615
-777
-255
-545
-851
-319
477
308
141
843
-110
334
-252
712
-333
207
-187
-607
-515
712
-631
809
-632
-223
-712
189
-767
986
747
-458
327
589
-89
-247
-685
-16
-412
-773
991
186
199
-742
-182
-964
-807
84
-237
-819
-582
620
-507
731
-768
-305
-634
363
-305
392
-780
-61
902
-986
-66
928
145
-44
-481
14
-805
554
428
172
835
-935
-455
-283
-246
-742
-66
-421
-432
-137
-790
406
-816
399
417
-151
806
947
705
994
619
180
81
-948
-95
-750
-249
203
669
-38
-513
-793
-509
-560
-304
-602
-819
-209
514
122
-970
-138
-799
-535
-20
967
-699
-728
569
-448
-346
150
-304
473
-965
-446
-413
696
173
-442
451
483
-413
-967
-172
182
-519
-278
-281
477
-406
216
-877
-593
64
-879
316
459
968
-441
248
763
-47
-625
503
-938
-436
-385
-87
539
998
-140
461
-123
28
-595
623
24
-751
882
-634
-120
913
-246
-137
-88
-911
277
-75
64
81
-360
-841
919
531
-627
-772
298
175
738
-84
-809
285
175
971
908
-563
547
531
-638
-12
-711
436
341
211
-209
840
224
953
-459
601
-948
-764
-670
764
526
-357
-645
-725
116
796
15
900
428
-508
-870
-900
-30
-823
312
-733
-500
-564
889
-32
-248
651
460
55
-833
766
-807
395
390
648
631
913
10
121
397
663
835
-778
-998
559
22
-443
-254
8
443
-508
-80
228
-358
-423
-705
765
-95
700
0
-973
148
-404
508
862
786
487
-900
795
-627
421
-414
-211
-419
-458
967
-270
612
497
-428
820
-718
716
846
-271
-247
-139
-859
297
-259
-490
996
304
-96
-761
-310
-564
-66
-166
-111
-859
322
656
176
-562
-666
-458
-7
844
-914
-13
274
-317
774
-337
-610
581
482
477
-867
0
-624
-100
-921
-523
-250
124
293
461
181
40
63
-218
-809
631
993
-648
691
-558
-640
146
-874
802
-581
469
875
867
-694
-152
-390
-656
332
214
-516
-754
405
-854
565
703
245
429
-150
-869
-193
932
793
221
-592
834
489
-609
198
44
914
-571
599
-754
-851
772
760
-179
267
731
566
-29
-96
-231
17
-605
-205
847
242
-784
-128
893
-523
250
-953
174
-229
-524
-619
-609
-571
-322
-908
695
847
867
406
-326
-215
962
753
-881
71
-27
-860
-148
-113
-687
-463
-605
304
-240
515
-169
-697
751
770
-69
80
798
-204
641
648
48
-958
200
853
855
-290
815
546
260
783
-404
-40
-246
-225
948
285
-954
-672
-45
-292
159
984
183
293
500
242
-785
-547
-209
-463
-894
515
498
718
327
481
98
655
-985
58
925
41
-265
-572
-868
-792
