-629
380
-525
311
82
-765
-942
-839
896
-481
573
-76
-317
427
788
400
-433
105
382
836
-125
-508
-595
435
861
-601
364
-132
-956
901
62
65
-951
-113
332
417
-73
76
657
-206
159
-492
116
-539
78
-622
512
384
-990
-652
288
167
136
96
459
246
526
905
327
649
333
-930
-533
-95
421
-848
306
-452
622
-625
560
845
158
479
-407
195
-752
-966
-745
67
-537
-815
971
-56
351
143
771
-934
-424
-560
-855
-143
717
143
106
467
-967
645
374
-738
-878
-614
812
-480
-676
970
668
363
509
739
148
516
775
-536
-18
-644
-506
863
591
-490
-386
845
-783
325
-745
-427
-52
-3
517
-844
-631
-427
806
-292
438
-457
-916
-31
-664
-890
-592
72
-962
-94
-757
-520
362
984
-212
269
-977
784
-434
-752
-131
24
777
284
661
-437
787
478
686
294
218
4
-458
722
316
462
331
-175
-376
478
274
989
490
390
19
967
-429
-10
-34
-581
530
-311
-865
350
-200
-284
-485
-203
344
-906
181
-656
806
267
962
-729
-498
862
-942
-14
792
832
-295
163
119
598
260
-799
648
281
926
934
212
-136
-737
-730
-737
132
29
942
50
101
751
591
-686
-365
-575
-792
32
-34
503
721
-239
2
-508
28
-834
-931
490
-539
-411
-715
147
255
-842
487
885
-505
375
-405
-552
760
85
-758
799
-236
287
-134
80
-857
972
226
540
-239
689
454
-983
-457
-471
-830
-815
-244
-275
20
-494
618
610
117
-227
-933
373
-683
-814
683
856
-828
455
348
307
20
-841
571
307
-783
-437
-779
-348
-936
36
319
-470
216
-313
391
858
737
825
586
764
351
960
318
751
-765
989
692
-501
502
-517
-441
-297
-187
478
922
555
758
719
-783
-322
-769
841
-143
-302
-5
63
271
799
-776
390
-32
-624
390
-348
-559
-633
168
503
-249
-89
859
-391
67
895
395
-170
773
852
442
-858
980
484
158
200
712
209
992
887
459
165
721
-879
980
-803
-478
-937
-435
827
437
-973
349
-293
501
-370
-875
-720
240
-986
29
955
-949
-199
22
654
779
550
803
577
26
197
-908
-324
852
277
-377
-937
-355
-300
-889
955
396
421
110
917
821
519
-303
-766
909
-23
273
-947
-511
764
-738
-572
201
-166
770
539
-604
-493
-679
-638
-252
-966
541
960
595
25
-151
-679
759
-905
418
277
-126
638
-812
-695
-740
560
748
-943
257
-231
-46
-217
115
-286
42
299
738
-149
615
733
-123
-626
-563
948
845
-985
929
-805
620
-604
562
-948
-551
50
397
74
-693
-267
70
588
236
-682
-744
707
830
-450
823
-235
-709
231
-909
859
128
847
-832
517
-540
314
-70
650
588
-838
430
-887
40
733
977
-997
297
646
-875
196
7
-940
499
-361
162
284
-768
232
-221
776
542
-607
516
872
298
-215
980
497
-770
2
294
-205
-362
85
722
985
-8
161
1
25
369
-681
263
-616
305
-100
631
1000
169
-39
-210
57
-411
202
701
684
-7
251
-904
61
723
-721
-760
-384
-815
768
-202
848
995
488
455
-357
293
-549
969
-819
-479
-614
-60
939
639
203
-770
20
-900
-764
-433
-69
724
944
-505
62
-608
478
5
-268
-889
-820
-764
191
-929
-611
881
-752
754
924
944
-72
997
-875
-234
411
133
-888
604
630
626
-77
-718
695
-263
120
-942
812
-964
-393
801
297
900
-896
334
-8
-24
-465
420
199
365
-185
883
-281
969
915
731
-394
163
-553
699
-546
-251
-978
412
-723
-996
370
-237
467
-484
429
166
-486
-784
-766
502
-132
344
989
-846
-747
-828
453
-331
726
-50
-768
-338
748
604
817
884
970
248
878
407
-822
-282
-962
-835
539
128
-14
784
-84
844
-56
-509
352
-10
-803
-622
-495
-807
497
119
-47
771
-423
392
-75
-359
833
-755
-753
-611
-975
-184
521
-292
502
-836
-249
-358
-636
992
488
-620
-206
-364
288
-493
-784
270
804
-443
60
483
-598
-536
-28
-49
484
-800
808
456
-306
-864
-241
-571
-909
88
429
653
828
-226
-849
750
-134
266
958
-457
555
-270
238
580
642
623
74
-408
-15
-15
-896
-158
-791
-28
-308
-524
-717
-822
-496
-644
-593
-535
345
-429
948
894
560
415
475
-442
397
-221
-431
-171
1000
311
-783
-850
908
-239
-482
-27
-793
-832
-809
144
-341
-338
957
-152
-769
-290
55
726
-57
-34
689
495
-304
-920
862
-739
855
468
436
-501
-916
-735
62
225
27
-228
902
-752
673
-59
130
-707
830
696
296
645
704
343
-74
933
-280
-234
418
-766
-54
-276
511
-34
482
-449
101
-664
406
147
837
-886
781
-820
-502
241
296
32
-456
-470
-357
928
346
883
-237
395
-129
-628
-211
923
289
-42
-281
-747
643
-861
727
503
407
622
599
105
-961
-1000
-217
-625
-431
262
817
967
564
462
-754
439
68
-511
549
-426
782
25
-764
245
560
66
744
-413
-54
-591
623
-850
-676
862
159
377
990
419
100
392
384
-288
-587
242
582
544
874
-838
44
925
983
-528
-19
-926
-996
165
-246
-461
-922
70
-609
-389
-424
-917
-770
88
579
140
-947
347
-979
-406
-643
-96
-940
943
-822
228
-531
183
465
-857
-813
-291
-614
-689
636
-245
-195
977
-888
-413
-918
468
777
-527
-642
-892
-647
257
140
-105
-352
553
428
-957
383
987
916
616
727
986
835
577
959
126
-696
214
114
-335
-972
-280
-409
-853
876
-273
-237
-943
612
966
-463
-781
9
305
830
-870
146
-837
-952
-104
490
143
-275
-346
-940
917
-73
-866
445
260
440
-679
-112
675
-440
-311
374
600
505
86
-762
806
-485
-790
-713
-434
-857
-9
-145
113
993
-367
336
303
89
-756
930
-620
340
-548
468
935
860
-394
-778
-349
-595
818
-459
-599
-916
-475
-925
277
194
-959
847
-245
793
-145
954
-193
-827
-817
-103
530
-609
433
737
99
-344
882
59
737
628
668
-45
-814
725
-345
285
-352
678
-412
-11
786
865
745
-443
-523
631
964
446
223
832
781
251
-556
448
133
535
547
-703
-195
886
862
291
342
809
664
637
-50
-465
-224
-99
382
228
-272
-852
-731
-135
998
-641
-35
263
-797
-842
-811
-928
-732
-66
-518
-579
886
1000
170
423
917
615
-972
170
454
437
410
-938
860
-644
573
967
-205
947
516
833
699
49
-561
-482
-444
159
-37
-389
154
28
29
-773
92
210
-363
-242
517
827
287
636
-507
-151
402
577
-240
-237
595
-806
-514
38
901
-770
-621
-498
-922
-124
422
-544
-567
-5
-782
-862
186
-652
-294
-252
771
483
-653
-843
-993
366
-27
-617
-660
-650
703
-609
769
-513
-647
554
365
776
933
-817
619
-365
-75
72
-752
-539
-24
105
297
-252
-323
-823
-609
-525
27
-638
190
-659
-89
43
964
214
501
650
-246
990
125
-896
-176
73
-883
-591
-486
-642
-141
830
-505
-656
671
609
4
687
710
8
648
-141
-151
436
616
434
-50
-822
219
88
-5
-703
-105
-712
-325
466
-842
922
58
-655
-713
910
-985
827
608
987
-114
-522
-444
-289
294
367
679
-810
-661
-356
-636
-178
274
338
-760
-211
698
-516
-426
-52
-590
455
-802
662
-971
29
-67
-671
-791
-127
107
195
-689
106
-158
-416
975
-924
669
720
806
-147
-542
-12
833
-966
835
-767
-365
300
908
707
-28
594
36
684
-131
543
553
601
136
776
751
-722
874
216
822
-943
113
-810
726
541
-82
-500
88
-365
-956
-145
384
819
970
-736
-896
886
-989
408
-445
281
-208
99
58
-871
-363
698
-237
528
358
-396
917
-99
325
-182
-88
38
-489
-222
-885
-709
793
-515
-305
433
261
-453
-593
805
46
-48
-841
8
166
-507
-137
429
337
360
140
-64
957
-416
-778
107
951
-126
552
-889
-932
880
148
478
-207
852
858
181
161
-982
-547
-705
-595
649
-929
-936
681
-640
-894
443
-778
-111
-752
-967
-480
628
-645
472
440
-799
252
251
452
130
547
-962
-185
-158
439
527
986
-964
563
-562
-635
-99
831
831
597
-864
-591
493
62
712
841
-384
-128
354
574
-214
-899
82
639
-388
-477
-365
-427
249
154
40
-718
152
-845
382
451
846
-634
-874
9
-671
717
-967
-57
420
108
-571
-309
-49
794
-28
291
-591
-341
783
-650
-823
222
-876
794
957
852
29
639
332
70
-166
185
168
-348
237
583
721
434
521
-853
-412
273
201
-576
516
-691
-510
996
-212
-740
-960
549
-556
551
-547
-475
413
-170
-388
-347
825
410
333
-82
142
313
-11
866
-44
849
465
968
290
59
201
-797
769
872
268
336
799
654
-635
232
-548
352
-495
-593
-94
12
-78
-115
-854
-910
891
-477
-13
753
-343
635
-878
-382
439
-687
353
857
486
-635
-966
166
-314
-627
695
139
53
270
-15
760
416
-194
-477
106
897
-832
-410
-572
320
-886
99
-761
366
490
-388
-126
387
-744
817
-930
136
-958
-381
161
35
-649
-220
905
31
-506
-771
333
90
354
-505
284
-916
-621
527
390
255
469
-106
427
-489
-28
217
-899
537
-894
359
320
277
-828
599
-13
-711
-33
239
-186
285
-62
-394
-18
-734
77
-210
-258
-954
904
105
-929
444
-104
154
-158
415
345
361
302
-316
-769
138
572
-176
-959
633
189
793
368
23
244
908
568
834
-319
104
-774
727
718
-243
-333
-871
-418
669
454
521
790
-950
810
168
-216
-505
-906
925
538
-270
-212
-463
-541
-738
771
-674
584
949
181
176
-691
962
-746
946
-737
-85
-695
556
-181
-631
271
-254
678
447
499
545
-81
86
-81
439
-733
-334
979
569
299
-316
353
255
-318
323
-429
240
-277
163
-289
-937
478
717
122
-60
-664
676
-455
593
-239
-46
338
983
732
38
-433
-133
-568
85
157
-873
396
781
896
-484
637
535
-42
190
-483
-50
847
257
295
643
527
959
-36
-503
780
426
-493
-262
-650
-387
-662
-956
389
128
684
267
343
277
484
-424
-650
291
837
-105
-863
-162
1
73
680
294
370
-511
-752
991
-679
-566
-100
437
-384
-89
-40
-583
-874
-784
831
-673
502
181
519
-188
-100
-800
-962
-854
-83
663
-102
-837
-337
-845
454
-614
-918
-480
-628
-910
-250
323
-60
109
231
216
832
462
-331
-340
-426
-710
-231
-981
270
-333
-244
906
22
339
420
690
-952
916
-495
787
-342
153
766
84
41
39
-777
821
519
779
-333
-965
266
962
145
866
997
627
65
428
-577
907
-645
-239
759
-172
-983
91
33
653
300
-622
775
-588
-292
472
-703
120
-302
-50
-588
852
-656
274
466
-519
169
997
929
-475
565
-493
740
598
-229
787
-194
690
-218
-468
-722
530
742
774
476
748
-74
1
621
738
-548
807
381
811
-203
672
-70
180
128
-884
843
-691
-888
535
908
-409
-422
-339
163
2
28
-444
353
974
-52
387
996
678
390
-751
-982
-234
-267
-119
-682
-345
-123
-553
-421
768
928
556
-309
-937
908
-691
-709
858
-715
519
772
-637
846
-55
742
-344
634
982
181
501
-643
286
-508
-366
-386
-777
-923
-898
-510
365
133
-973
800
512
377
-769
-440
714
-600
-597
593
325
-32
443
-887
-531
653
784
-248
422
134
382
-743
258
845
-410
953
-904
-917
359
-43
800
-324
-145
179
-846
-343
-381
0
625
-322
953
794
-308
337
808
-465
126
668
836
922
410
351
-187
-196
-454
956
901
666
-76
-607
-456
584
336
15
-23
98
69
467
598
428
-932
347
890
230
29
175
590
360
858
92
138
528
-371
-579
304
-349
-490
515
-184
428
953
-17
558
414
143
336
710
651
856
-781
492
-784
625
681
401
-451
-858
356
-143
-626
-454
358
893
-156
-130
-322
-3
725
-777
685
562
-297
-908
938
-510
182
-778
987
-5
289
634
-248
-951
866
31
112
436
-432
946
250
-65
894
937
-855
393
-938
-545
421
-602
445
685
-138
979
-925
922
-142
-402
-768
91
133
890
541
-511
-860
869
-663
644
-16
-243
-596
61
-731
774
143
381
-676
457
646
992
284
605
158
-950
377
214
249
858
-270
930
-474
-666
-596
231
-215
374
378
256
237
-600
-178
-306
-364
992
-88
31
-34
409
833
494
-275
-260
-19
-807
-981
-245
-802
603
578
503
-214
505
-944
-389
200
-681
-458
265
-187
926
-78
-689
-667
-327
844
162
-910
214
34
443
-392
347
-853
-797
-260
-630
-570
0
549
-628
696
382
609
-168
-983
289
-568
-795
-169
-197
-767
230
-980
-432
277
83
-363
94
-583
-19
-934
-648
558
-565
223
669
229
38
-300
471
-566
-796
-420
-48
-658
-589
841
-466
-959
-656
-296
-43
475
687
-469
66
67
602
271
-647
-342
374
635
931
-854
-557
-76
192
-281
89
694
-597
627
-698
702
464
699
786
79
817
279
175
-690
280
-639
-415
563
-224
-101
-125
-901
606
-203
-551
0
857
119
653
199
868
971
185
-282
229
-319
635
503
83
727
493
-290
-906
-686
-43
-440
179
814
795
-116
-42
171
409
-521
-202
847
64
529
-67
-697
46
651
986
353
219
-936
897
76
356
415
755
-948
664
526
-823
728
-15
653
-423
419
850
542
-770
-22
-299
204
-556
808
-178
-204
362
542
-514
-902
580
-646
-308
-230
-563
-521
-932
299
224
-987
-266
50
219
985
-831
223
-980
-386
-751
857
-282
806
620
-283
579
937
-253
620
66
-977
547
613
311
-786
884
279
987
-62
-74
-124
-207
671
37
-803
-707
922
986
-121
281
-249
383
152
144
61
-687
723
-270
386
-231
214
727
206
572
-673
-136
604
-609
532
-285
294
-523
-408
-321
173
184
135
-38
-909
-867
-161
-242
697
79
972
-656
360
830
-953
534
-406
951
722
299
466
-438
-835
-891
229
-90
508
-223
-813
559
124
112
-424
-145
103
-719
341
-441
597
577
71
-191
-976
-160
-685
510
445
-66
941
-373
763
581
-436
308
-655
112
903
27
-8
707
-597
492
216
-863
-343
289
-883
898
363
522
245
-499
133
847
-376
498
205
-282
313
-297
805
-150
-552
157
-507
696
576
-983
-561
-946
997
81
-300
-438
-846
-500
516
290
-386
-968
372
-308
173
314
-241
720
-814
132
24
-855
682
296
913
628
-338
-947
269
355
257
137
-207
433
747
-278
852
-559
463
-431
-147
-521
651
338
196
-478
415
-438
60
548
119
642
-701
231
-745
945
-932
578
-646
324
759
-745
590
100
245
45
440
717
291
580
-419
-229
810
-250
943
-37
-284
292
-614
-100
-681
-20
532
873
-268
-955
-757
962
956
-830
749
-655
675
-233
581
8
-607
-993
-998
885
-346
877
-377
196
-88
-503
443
-942
495
-325
-991
440
677
-769
457
3
-610
718
-957
830
-223
28
42
281
-375
-666
283
100
-53
-85
182
609
674
193
-182
586
-68
-376
999
-851
197
-691
-172
-402
683
-349
-883
-110
403
-323
939
739
-162
388
544
-874
-484
-505
282
-500
465
901
642
-668
-16
608
458
615
-928
-124
865
179
989
-801
162
740
-940
6
-630
-853
841
-450
-152
20
199
832
-798
-525
-406
-253
288
964
658
711
482
-693
722
45
301
105
375
-603
753
-589
47
489
562
-142
437
-461
524
-245
901
634
-659
-430
499
-589
-961
-446
182
-926
-127
683
635
30
-323
693
376
-769
-604
-243
603
492
845
-886
-829
-177
343
53
-280
97
-557
279
-949
-74
-757
-156
176
489
493
-261
787
566
-799
-693
-942
-840
40
-346
318
5
106
-855
884
-269
665
-216
47
961
-163
-389
-761
-338
706
725
927
-377
285
65
514
-499
677
452
-826
345
341
707
-547
609
-686
-383
15
58
19
-96
-525
-625
819
-540
406
4
56
210
187
976
-961
700
-717
-948
-323
781
332
-869
20
-783
-979
45
-303
828
-348
716
-962
-267
723
175
394
-275
102
804
-857
-66
713
-806
-351
-612
275
-879
-757
60
491
-481
179
970
932
-813
124
-796
955
30
-318
960
729
832
740
932
-820
-358
478
-14
-492
-185
276
-734
-692
-351
-527
-849
347
-918
-700
222
-131
-952
537
701
-437
760
336
696
-470
167
832
214
625
-672
349
764
996
-270
479
-230
588
-952
971
-371
-135
696
-425
608
-335
478
-588
-927
647
682
-379
-740
-714
-588
-431
499
-400
-873
-604
-710
-298
58
958
269
736
-196
-477
-70
939
949
827
-75
-711
334
458
-366
812
-387
869
969
-644
246
-935
361
-665
8
-529
-150
820
-326
708
-991
-338
-167
3
728
-325
-970
490
-222
-321
-163
554
-513
-63
-795
537
-753
-74
940
431
-540
610
-109
714
-280
-340
-996
-31
-882
217
705
-876
825
164
-493
-308
895
700
288
268
725
572
983
309
-770
-167
354
537
-123
797
-418
-798
441
-823
-906
-787
401
187
381
-289
-87
-411
-54
437
-597
807
939
72
-977
653
-98
668
-591
735
551
678
780
-344
48
88
138
-399
-477
325
678
-947
559
334
-186
-185
-303
666
444
934
742
-517
756
831
-890
228
-438
727
452
103
4
-327
-331
-40
-73
-959
835
-739
379
-937
835
970
-344
5
-433
-686
-365
-527
236
961
-630
-615
-741
487
-902
-510
-726
584
435
79
-134
-313
253
326
-634
-358
-594
340
-785
-815
-147
826
803
932
152
456
227
-868
484
-870
-271
-593
-634
192
-642
809
382
-297
-576
-24
332
-315
912
-107
888
-431
72
637
659
-321
-218
-384
-218
-103
324
-291
329
-142
293
-273
164
-697
-857
75
949
746
-347
-588
-120
619
724
735
-984
-320
-357
287
327
-406
-1
-93
475
-742
-716
-645
-656
-699
-495
-895
-329
-388
-900
679
-869
520
-148
-583
-427
424
671
-793
-671
-781
144
-134
544
-197
-647
25
334
-126
951
-568
-38
731
81
503
-857
-281
790
-128
450
-743
736
626
-471
182
187
-770
993
-273
427
-355
-79
-277
-526
249
600
-893
-67
-739
495
-224
-509
-886
-60
480
-729
910
264
-254
-516
-598
-747
762
-120
-758
980
-629
384
851
336
-118
121
-128
603
934
-313
-84
-808
121
-383
-299
-787
871
849
-438
214
-227
998
-868
-543
-160
-399
825
-862
316
-449
186
-41
-278
893
-638
556
174
-445
120
916
481
555
922
358
-416
808
-577
412
-551
178
-267
849
-102
-899
-660
-955
-694
-238
260
315
-235
417
829
-285
459
433
-686
589
-12
671
-994
25
349
-617
-821
-554
552
286
-22
-348
-160
583
204
-37
642
-391
299
-847
967
-685
564
-117
450
-673
-616
413
-937
520
-690
448
-320
-495
172
-392
-30
-544
544
972
822
161
-511
-274
-501
469
-19
-461
-475
243
755
-427
14
283
-967
-563
-880
315
-933
291
-339
-50
105
926
-501
-204
150
511
143
933
-795
-412
-353
330
-366
-554
-444
-103
271
-687
143
-22
-226
840
-825
-33
487
-271
35
152
293
586
139
881
-630
-901
867
118
-844
584
762
558
324
-578
316
993
-522
-757
-187
-855
901
443
-44
-816
-70
918
751
950
957
525
254
-972
-300
130
320
-929
-944
682
633
456
-237
729
-658
937
762
310
1000
-420
-573
-263
734
-383
809
-292
-619
-187
785
16
296
-36
553
-701
-226
-642
-348
411
-13
-28
-558
-53
-324
304
-858
-92
-165
628
-851
-953
-947
-39
487
904
-536
272
733
830
-770
-493
763
-330
271
829
936
-650
-690
802
-543
-622
-485
278
661
501
-874
-15
-335
592
209
-425
293
208
-213
-179
-825
420
-489
-916
-899
532
-309
-925
879
165
-203
-187
837
-358
466
984
837
624
347
-659
691
520
-142
591
-41
488
-112
-190
456
-677
-636
-548
-686
616
-695
252
-343
-272
69
132
-689
17
-292
400
639
-837
-222
-680
2
203
-806
-384
-72
392
241
53
-819
934
633
-969
-796
740
833
-405
131
827
-872
856
-156
-770
-581
-357
48
-655
373
-420
794
-521
266
-817
874
588
83
55
-643
-72
63
265
1
253
-520
797
367
-181
731
465
-757
-318
-859
-928
-173
-101
616
-478
584
853
596
-8
-491
902
-937
95
465
720
790
321
393
644
272
562
-988
874
918
719
872
-835
-953
66
-492
-762
-917
703
-410
464
-39
258
601
-834
167
720
265
172
-768
-206
961
748
-883
401
983
961
-460
-416
-598
296
-440
-527
249
755
202
787
983
-492
-455
-68
680
190
239
-194
-974
634
-944
808
-42
902
104
784
171
-699
-432
362
-146
-219
-2
602
-719
-617
-165
-406
260
-592
-402
-273
962
-533
904
-251
470
563
203
513
67
395
33
319
-36
-938
-420
527
931
797
73
-483
-340
123
670
-973
712
282
389
868
-607
-266
-799
-230
903
-847
-847
-85
402
-163
-504
-917
524
-522
-77
-981
-167
120
952
349
-45
-730
-650
170
504
10
-365
-646
-709
994
628
172
-734
862
241
-299
783
-643
-579
-78
-582
-315
462
579
-826
699
-142
146
-529
-327
348
-906
325
-653
756
766
-528
515
558
-369
-253
916
-483
584
121
412
-837
-264
-574
-737
-530
-43
-421
-609
45
790
-766
589
-292
-420
-285
843
-392
-954
988
430
314
747
-339
-32
-498
-402
-105
135
-592
-175
224
262
-848
1000
498
372
887
-694
-217
-962
141
202
-237
-80
612
556
-823
275
-683
167
749
-236
-523
806
316
-243
-103
786
-964
-307
585
-481
-965
0
454
853
-414
-509
277
299
994
13
935
549
-302
-866
-282
-235
-62
233
-288
362
874
-573
496
617
682
64
652
-166
489
-603
376
475
476
609
487
-61
55
879
346
-295
-220
-394
2
305
-475
-512
-337
-778
-280
-925
442
-375
-953
614
975
-924
769
-580
677
451
-320
-752
-576
-805
670
-609
777
428
-20
-329
-562
784
-616
59
858
532
-448
874
-854
-24
236
493
830
888
-955
956
-976
927
691
-684
977
-91
-68
202
324
663
427
-192
986
-485
533
497
-138
560
-240
584
824
107
267
468
939
-867
-188
908
-769
-823
5
-171
950
-796
-633
-269
488
419
687
-339
292
-762
-247
-344
-897
578
-783
-877
-907
-691
694
-614
112
428
-688
60
739
59
409
-149
-870
816
294
-1
188
-594
-182
-65
387
-975
-355
517
865
915
674
-957
-134
479
336
-709
-655
-59
-555
885
-880
-282
532
-910
-87
-554
457
-814
-821
-840
966
-284
555
597
696
896
342
-711
-852
-855
752
834
290
498
-30
-826
88
-734
8
688
375
489
951
358
88
-728
-15
-436
-131
615
-873
-296
268
34
774
-872
617
50
-961
584
-901
-153
603
807
-497
860
-12
-511
-440
-444
662
369
418
-312
573
39
638
459
768
43
-667
716
-539
-274
-704
-764
375
-261
766
582
642
960
819
237
-858
-346
-280
-909
-716
294
-316
149
992
86
979
-863
552
622
811
-785
27
-947
-17
490
-864
-480
-200
-388
474
-303
281
168
-263
-362
-768
-260
797
-449
-88
538
746
524
974
226
-537
-980
-312
279
-138
359
-362
197
-520
-187
683
-18
155
-926
248
889
-318
-993
119
679
3
-283
842
600
-448
80
-780
-686
75
-728
345
732
698
228
-764
293
-961
-170
-390
887
-382
250
149
303
-882
973
57
-885
-666
783
174
-872
704
525
57
-451
761
-819
-336
727
-662
258
45
-114
-161
-785
-146
-631
876
-980
-424
-185
-4
-888
-429
283
725
-795
962
-667
756
755
-918
-655
667
-275
-686
-235
294
692
640
22
631
163
777
-696
-183
282
-688
855
553
994
-844
-81
359
-314
939
-575
920
214
539
344
-841
528
-716
679
-790
420
419
823
82
349
409
717
-224
693
702
-482
502
75
559
610
432
261
-327
703
541
383
339
139
-446
-183
443
-279
35
659
-564
-128
324
-225
584
-397
774
150
699
839
-524
-428
-228
318
-124
-174
223
-976
723
872
-518
433
109
291
-165
504
450
-499
343
703
401
986
-811
-692
471
190
-749
-366
574
70
305
289
268
196
-305
-600
-240
-775
-804
-200
155
-140
916
-405
776
704
314
535
773
375
574
-247
982
824
444
-929
752
-887
702
-378
76
803
243
-782
502
-13
-102
-629
-682
532
306
-392
960
842
986
-969
-112
708
-632
545
-860
689
-847
-868
-540
-491
-380
-167
-416
-155
-762
852
611
-143
-754
-907
106
705
23
-265
-638
-105
713
508
304
319
-981
-210
239
759
582
550
-533
-77
633
-983
904
354
-482
243
184
-801
-956
439
602
-876
-320
-332
500
-934
645
-753
641
-884
-575
-294
481
356
41
768
511
322
303
-685
236
-895
853
-700
-93
85
-19
4
-113
606
-491
133
-367
20
710
627
506
632
513
-774
268
-260
200
59
656
-266
-656
-378
494
386
37
-626
380
144
-237
268
-737
-561
142
-542
-597
-595
106
296
770
-125
780
-631
-478
867
-659
362
583
-860
-457
-530
492
142
-785
-523
-405
-636
996
761
-302
934
165
963
-111
-499
-526
-25
-772
469
967
314
-525
572
-684
812
709
-705
-415
-857
141
50
-986
-512
881
-477
204
225
789
-123
-845
726
-768
602
-847
-685
-275
54
198
-256
-227
-879
788
-463
773
-239
665
-926
-594
346
867
11
37
79
376
-765
103
-441
-345
-819
-802
-624
474
-936
160
-582
830
169
802
-539
-163
-526
-243
165
-462
627
-337
-576
-106
-788
930
625
57
-881
570
-210
-267
758
-233
90
-112
-324
771
747
-284
753
-897
601
-944
-246
799
-80
455
-963
-339
893
-597
-319
-403
-74
-712
828
-418
27
0
-846
-977
551
745
-511
-934
-769
533
988
51
755
344
-30
614
365
-975
57
-980
-24
-858
47
-122
615
61
524
-711
-155
-849
609
588
345
-765
-666
454
702
-304
-305
372
204
296
-237
-419
-414
-437
331
301
304
-22
-371
204
-228
-342
258
146
-474
-461
-445
-650
840
-700
-802
-65
-489
584
-662
-625
175
551
127
469
522
653
-77
190
-214
-18
939
-418
-211
-583
65
924
461
-924
-103
-973
-345
-803
-329
-920
985
194
985
-876
-653
281
197
888
-777
959
448
-648
-330
747
236
-651
66
-225
-467
403
-187
-644
-840
758
-570
-413
-634
654
-210
715
936
-61
-880
-132
454
-394
-408
-466
904
489
246
-636
976
686
-393
226
-712
-250
292
557
808
473
-921
-620
-52
494
813
-27
-882
185
729
-791
-100
291
789
298
559
-987
560
-928
418
-230
830
-930
-582
-432
-283
-946
-320
-267
669
-232
-415
467
411
-465
414
-45
720
917
227
-560
-162
-978
118
835
-585
-14
-329
860
531
117
490
-321
584
64
-405
-26
-715
150
-174
148
-559
329
-385
642
-353
479
652
897
-938
-691
889
-561
160
98
189
-469
845
879
-795
477
863
575
-90
349
56
-421
708
-483
-684
115
332
855
799
126
-552
736
-486
-781
249
-936
-554
-729
988
-869
-522
570
-554
-344
678
844
477
877
735
77
671
-409
-783
-22
366
-356
-386
-328
-933
100
-492
-104
153
-34
-243
351
670
434
990
854
-93
376
-490
598
-163
-882
-588
-185
-178
828
506
-852
204
843
-841
919
-715
-836
-755
869
392
-483
-252
-631
337
-149
259
437
536
-272
-909
-788
174
-249
374
-446
-775
-410
-63
366
-185
636
255
789
899
6
896
851
401
-798
-631
217
-52
249
-425
-399
-549
-865
406
90
-94
887
-537
-508
-79
198
-585
654
-216
450
-61
-917
-804
176
-404
-78
-993
418
53
353
-128
-65
-136
120
-160
16
691
-440
-709
-4
343
565
559
269
449
604
731
-968
-695
944
-204
-579
453
-529
685
807
688
-715
-61
916
883
329
295
532
359
-167
-176
854
-378
229
441
1000
246
-428
829
-646
-511
486
-151
904
-177
520
-114
690
-916
-795
-513
-444
-825
-356
287
-184
-718
-578
447
871
824
38
-465
697
423
971
923
7
157
67
9
623
-569
-832
-438
-651
-182
651
224
399
53
712
592
-591
-555
414
-205
-891
245
-854
-515
23
-778
-418
-136
75
344
742
-440
964
40
713
-467
939
770
419
-162
402
-721
-871
806
267
21
309
310
308
254
844
278
558
303
453
343
-599
-596
317
-207
212
-81
-211
-455
-713
643
399
377
-346
-288
79
-99
130
-846
-347
-613
-291
954
-453
-730
936
214
66
703
-647
-463
-843
-888
-674
949
751
-717
3
14
860
735
907
574
-419
797
22
205
-342
-265
235
384
-693
721
535
-329
-639
106
-147
345
128
-331
-557
345
548
96
-827
-319
689
272
-482
844
13
-756
585
-704
-133
-596
-475
-245
-498
-362
-879
-652
-147
-345
789
639
861
-526
779
-657
-92
-385
427
431
-910
-730
29
584
-197
-37
-950
-36
481
-3
-106
-558
-222
145
181
-328
989
815
151
-140
25
-10
-818
-98
681
118
-357
159
891
-487
-333
-316
649
-791
263
737
69
-222
-422
223
-952
-983
246
-293
-362
362
458
1
313
686
31
476
-377
-360
-654
-193
-321
362
-417
-263
940
-25
-471
-727
687
418
511
181
370
-312
984
904
-755
-202
219
-695
420
-105
16
636
-712
124
-285
558
-280
876
442
-233
-723
-576
597
-854
-721
-44
965
-484
-794
773
225
-727
293
917
142
-492
377
730
651
998
-289
-62
-346
-646
631
-147
-549
-567
5
442
-200
694
703
-489
450
27
-998
-361
-698
841
-328
294
750
-493
-359
646
986
59
-379
-50
-221
-781
-583
-430
501
-186
41
777
-124
-355
9
-804
-283
-306
350
146
-612
514
-92
481
-705
-671
-880
450
-917
611
-404
-428
-447
700
-288
140
366
579
-70
-147
626
31
314
-548
392
854
149
60
-827
-662
671
-247
736
-977
663
540
-526
447
680
119
166
-217
31
1000
120
-398
-519
731
665
788
237
478
937
-539
253
-480
242
48
-10
831
-981
64
-575
356
658
655
-957
980
209
-437
857
-122
-168
520
251
340
-136
-489
881
747
687
-724
-382
-915
222
-294
944
491
-684
-246
-823
194
316
-631
-872
851
467
-787
842
505
-911
-644
329
723
-350
264
561
392
628
798
403
-742
549
267
840
-190
-38
694
396
-196
-121
531
-145
821
814
-499
-704
-596
-589
738
-243
100
193
-242
171
-6
416
762
-84
1000
983
51
549
704
-996
847
-182
266
943
-625
-247
500
683
809
-709
545
-81
589
898
439
929
657
593
136
-839
-535
262
-923
859
326
-922
-598
-612
-138
359
267
-179
-498
784
-895
288
780
548
-540
916
806
-913
-693
905
24
-630
499
-432
897
-765
-675
375
432
889
-579
-546
-65
-604
-608
-782
777
-904
-550
-310
549
586
-883
542
934
627
-40
-593
-235
-711
838
497
432
69
42
76
383
-954
514
-88
-298
108
989
344
-744
433
-832
878
240
-323
599
427
-92
267
677
-630
575
458
104
558
390
-943
-798
-727
-119
-605
-983
18
-58
473
-357
860
-659
289
806
-101
-644
-337
452
-889
-507
-327
59
-645
-111
-433
519
0
-398
570
900
-253
156
-641
342
976
-220
-751
-541
-543
-724
-915
865
180
-515
856
-489
521
-204
572
-609
-363
-549
-817
298
-445
641
239
-477
-632
-86
-439
919
813
-396
5
230
-23
-753
699
-344
623
-788
-519
186
789
-521
226
-18
-31
658
598
-589
970
537
298
-241
726
411
-813
57
-96
59
-956
324
-785
-943
-639
-651
-112
-377
-785
666
843
253
297
-297
115
580
379
-470
358
-631
377
-374
-217
591
-389
-326
811
240
432
-356
149
61
272
627
-54
-571
-471
-408
87
309
460
-484
154
841
-909
-759
-796
768
403
-259
-631
915
-302
-598
362
-783
-305
-264
682
-554
215
872
-354
-590
-989
474
453
-760
629
-316
511
-776
-384
-355
817
153
-801
160
-401
-457
460
-372
-220
-932
333
-823
250
179
-610
500
681
686
-186
-379
472
-354
559
-622
980
-493
790
359
140
-292
-710
693
-472
610
266
326
795
-719
43
-433
-555
-96
-861
-136
661
226
-944
644
468
-214
-708
425
-979
564
349
374
-963
601
579
71
-483
-443
731
-704
416
-651
738
809
-303
806
-448
544
693
108
908
-388
641
-898
-701
-151
44
-842
954
-742
-673
121
900
-728
600
-566
218
454
-801
-800
-604
810
738
-792
-420
642
-21
-940
387
-50
-486
665
-511
713
205
414
-673
-141
742
-237
392
-766
-464
-254
-307
641
-536
632
840
758
892
684
950
921
-409
-903
193
197
757
-320
-979
-628
-275
474
-442
-570
576
-87
-85
522
-373
-687
579
-269
783
-420
299
-747
206
443
941
-848
967
883
-406
-502
192
-781
645
378
-362
98
-633
17
23
440
-896
-474
-612
-927
-925
-902
-571
378
891
206
-320
428
410
-408
-928
-18
660
773
9
866
-918
803
-141
361
119
235
415
-454
-651
-291
917
386
-338
-195
990
-573
-303
-338
-589
-400
-164
-561
990
-338
245
179
37
568
156
-250
-160
162
-404
817
658
-203
-98
-58
886
718
658
182
-126
669
164
-183
-730
404
329
-662
455
-514
931
-537
119
287
533
-727
795
-526
462
-230
-762
-392
-480
37
-14
-735
-982
-928
241
-584
936
-505
793
828
527
471
-408
-513
-91
-933
422
422
955
-403
-195
-735
179
730
-768
671
4
163
-411
224
-214
731
704
441
406
-188
118
-778
17
537
358
-175
865
564
564
337
119
992
380
-299
-412
-858
628
804
-23
-102
531
-233
476
66
-989
-678
-469
540
-142
-619
-703
-91
100
123
850
-716
-394
893
-9
-429
-173
982
562
-753
682
-323
-598
-676
809
-1
-669
-534
506
-504
609
590
-483
-449
-139
-129
-576
-873
-508
334
-208
-501
895
300
378
626
-228
133
119
-893
875
-173
561
250
133
-341
73
115
-314
660
-652
-384
-256
-295
201
43
975
-784
503
838
-185
447
-2
-10
646
-251
976
-226
-351
-773
-660
510
-314
-369
-871
257
208
668
-85
-882
523
-485
310
-643
-268
235
805
-829
926
8
661
-931
453
-325
-860
114
655
755
-842
539
-979
-284
-636
208
-374
-78
-89
-793
981
-66
564
-846
-823
-167
-150
740
863
-513
-469
976
396
749
-606
712
844
689
783
-196
989
61
-325
215
-206
-740
604
-822
943
66
775
138
-656
472
-948
-244
342
754
-362
419
359
-36
120
-601
909
-861
57
742
-572
-706
-274
-205
-364
-527
16
-447
-106
469
-435
-54
-382
-86
943
134
-64
460
-687
411
-631
366
-408
-474
209
387
947
-453
-61
328
-964
710
288
282
-561
375
-638
401
-618
-957
77
-457
816
484
767
-421
739
212
830
624
461
-20
-278
-303
294
486
-642
-641
952
-145
-772
308
723
-135
743
669
-619
-463
825
926
-145
-991
-989
-507
-66
-820
527
738
199
-470
-286
-371
690
-281
448
-360
905
472
569
-214
698
-271
894
535
-948
-341
305
215
781
943
-739
885
-972
-806
122
-829
-234
-994
-107
-11
-253
-612
-4
-188
-871
675
896
-421
680
968
297
155
-650
319
-588
-537
407
-676
807
215
-578
-255
-771
-80
381
-738
27
435
337
96
-940
866
624
-865
732
-204
189
-639
-527
78
-469
-911
-967
-324
150
315
505
863
-686
-927
533
921
-687
862
221
-22
-227
348
299
-196
728
-274
590
781
45
745
-411
557
987
-397
968
-81
-916
988
-244
-595
-870
-239
113
831
-732
141
-670
-994
44
236
570
-779
-296
-928
818
239
835
724
631
168
-112
839
-145
-503
-744
-917
-749
-109
-998
355
-704
118
93
-868
-823
710
809
-451
-740
-789
-526
997
455
-484
788
173
889
-595
-19
611
305
596
-98
519
932
-486
350
-818
-126
-640
-200
351
-184
-966
-493
854
-836
-219
-399
-268
237
479
-132
-956
312
-15
-781
482
-931
299
293
-838
498
-296
-242
409
-250
-598
-403
-705
491
24
274
625
988
655
105
-573
-157
-551
665
-237
-126
-400
-842
190
109
-540
-767
-258
-583
-984
720
935
-324
236
747
-728
354
169
-453
-233
65
24
517
210
-180
-231
192
-893
259
-811
166
775
-356
-407
541
-142
692
-965
662
-562
-869
660
251
-465
-660
-315
-136
526
-48
649
-777
654
-542
-321
658
842
531
-772
304
-257
167
-16
-877
-575
812
677
-147
992
-431
143
-284
231
373
-723
7
-248
-824
27
890
-128
910
823
-181
-24
355
909
991
365
966
143
466
-274
902
200
-420
-433
-662
204
-34
736
532
539
-912
-339
-735
836
750
991
-381
279
-153
-493
-334
453
-689
-412
-650
487
-206
-534
-518
-966
-66
-244
-420
929
903
837
342
317
503
-656
600
-647
596
650
-912
879
361
-337
-545
270
-558
-125
-858
-164
-954
-801
824
790
-996
-624
-709
-566
399
-929
-137
-194
321
122
-913
778
-93
746
810
50
717
-622
-935
-768
-125
-224
812
791
576
-438
290
-551
-747
-887
-601
806
-642
457
-295
-683
-764
-188
-848
-619
-614
-49
852
397
185
-459
988
-424
220
-9
697
285
-525
-610
-568
947
816
-596
695
-511
-572
482
-334
848
-183
-250
830
989
-206
-813
353
398
885
-27
5
-794
-244
-539
-68
514
241
-461
-303
-145
805
126
-331
-986
-714
518
93
301
300
-204
-314
439
259
-577
-607
-319
-972
-456
70
-342
-344
708
624
782
-798
686
-878
-796
671
-911
-327
-356
366
-557
309
-398
74
752
63
-864
-892
-416
655
342
-450
168
920
169
420
927
699
-776
-102
-739
977
422
-189
-717
-598
-680
-784
642
-571
-830
350
-453
-888
-125
-193
628
182
927
485
675
-311
182
448
-728
-94
-787
-875
-920
64
416
128
-680
-659
143
-118
871
-588
320
116
414
3
844
319
586
650
290
672
-520
-337
-612
400
209
-351
18
-793
551
806
897
-267
-961
-820
716
849
438
-317
-28
502
810
-564
862
-52
843
-451
938
334
721
832
430
-637
637
850
-552
392
-545
324
-712
243
-192
786
-649
-405
870
221
-970
576
-615
-11
-829
428
862
549
462
226
493
-485
-478
-860
707
961
212
-90
-311
805
929
-699
-402
845
119
-941
-702
-268
-734
102
738
-954
-823
970
122
924
869
-460
380
-591
-314
862
908
885
-831
252
896
-392
853
234
-422
-563
856
-260
-685
-286
-636
12
818
43
900
-265
-536
-924
621
340
946
908
403
-158
-721
354
-798
629
487
-733
-302
439
82
-680
-994
115
-995
-699
819
-608
-337
-616
338
992
-873
759
424
423
886
356
774
-826
33
-31
834
370
897
-872
69
501
192
-612
-39
-576
561
-399
-9
-649
76
-102
956
821
-121
-440
-720
280
-438
393
-333
989
-779
430
545
-665
830
684
-691
773
167
-961
-444
660
-841
-236
541
215
349
-595
-935
656
-924
-540
-136
124
29
387
171
-550
-691
-361
957
-322
921
-246
335
185
509
327
579
-562
-970
-379
-497
-307
817
107
-307
-16
-377
334
235
957
21
768
-178
972
-89
580
728
-469
425
996
484
697
-25
-7
-931
-961
929
-553
687
766
-610
-709
684
-513
463
17
449
248
-120
-209
23
-545
-220
-648
585
-507
-519
-104
-797
-550
70
-817
323
-223
805
215
115
569
217
772
-386
-365
826
72
140
751
891
-684
-159
-853
191
407
969
741
648
622
736
-996
-486
541
-86
-922
-387
-433
-598
-643
-36
-249
-890
-158
201
-807
525
126
-561
-369
966
423
-945
-128
-54
-535
-910
524
91
-221
936
24
-415
-886
25
-203
681
754
932
702
252
773
282
935
-177
757
-437
-574
641
-765
122
-166
178
644
771
-945
-709
-575
-249
56
876
-935
110
598
-249
694
-183
-850
552
-122
-631
12
934
-177
-163
-823
-997
804
-485
741
274
-512
827
614
811
926
221
501
-596
-778
591
-131
875
92
-702
-900
963
553
663
208
350
-20
-332
474
-163
-628
-395
-609
384
83
73
250
-753
784
-174
809
760
987
851
-864
606
997
948
531
843
-339
776
862
79
862
847
-690
349
-713
-552
431
128
210
804
-513
-762
-881
-909
624
-275
-876
320
521
296
-309
-273
856
67
-339
831
340
-741
726
-955
553
-987
509
448
728
-966
-663
-792
-703
-961
-840
-422
-861
-590
-428
346
-993
412
-744
-215
11
-545
868
387
-423
-892
-625
-905
756
-513
289
464
342
428
977
214
-560
-572
646
-560
-701
-510
-554
742
-829
-647
210
124
598
-391
857
464
-776
968
337
-381
-393
-124
3
-758
648
564
-599
436
191
209
829
824
-167
256
412
256
-29
-325
-788
172
643
855
-897
-2
752
-580
-269
603
735
391
57
-619
-385
144
-784
296
-726
-725
-6
-591
642
838
918
206
-29
-182
825
582
-629
279
-382
920
-970
329
-922
-778
-689
142
-533
-966
-673
699
-307
-241
136
829
-990
222
968
92
-871
-254
-237
213
-880
-325
11
687
-779
300
942
584
-13
442
291
-301
-596
-708
129
-629
981
-588
998
-608
-937
-917
905
291
-567
617
347
833
-566
-382
-995
683
222
804
-458
-225
360
-258
-922
-253
-149
421
-169
-405
281
-525
-972
174
-608
-664
139
-611
-616
398
821
-412
504
838
112
849
502
-637
-992
-683
-8
-672
158
-996
-547
797
-985
-818
-613
-285
13
-724
896
-383
-807
866
817
912
-291
-882
-654
653
-905
-391
455
978
-656
288
-639
-732
106
618
-474
-442
-606
479
-9
244
94
-767
992
-569
-551
-241
-599
347
-800
297
25
-460
477
-286
-872
32
133
-170
-732
691
441
971
-519
-381
756
-207
-887
-833
-737
230
-146
950
-662
-605
318
54
-489
83
680
-313
-617
-143
688
354
-322
761
-753
211
-193
-370
-340
0
64
799
-282
-270
-205
471
594
270
-987
-190
-641
166
-926
835
931
444
625
830
-423
-51
176
549
-603
657
-796
-417
426
-568
-75
90
-430
842
-822
-665
-416
-1000
408
314
-995
-701
-625
913
460
-991
214
-899
411
451
659
-145
-730
-981
109
-339
-650
253
769
-50
774
-163
316
388
-350
-95
-878
904
458
85
339
407
968
529
-273
268
775
620
-1
-834
514
978
-222
172
-692
-501
-218
738
498
650
-526
-983
-480
-611
-243
-684
-161
-207
527
211
226
520
-613
764
997
389
272
-641
552
388
535
186
801
-158
-163
725
809
906
-48
-853
-201
-293
807
796
76
290
-135
-816
-433
348
-168
813
88
30
715
52
-988
-369
34
404
-874
171
15
-731
-814
-651
884
-263
-243
-290
700
-173
-501
65
40
56
305
-478
503
-720
188
-590
-243
-795
-766
-838
-818
550
228
321
97
934
318
-274
934
753
-694
522
-218
-583
572
-662
476
-249
384
552
397
-106
565
563
577
841
-749
-19
928
883
-517
287
-698
-902
-224
652
-912
-692
202
766
119
19
360
-499
-725
339
-888
680
-411
796
852
48
-607
-276
-814
-544
133
-645
-791
127
785
-423
-910
-525
662
176
-276
-960
-964
615
265
-201
426
-935
-18
-504
706
-159
-264
96
-14
431
301
-991
-949
267
173
929
-141
803
-665
413
-117
-427
323
511
285
-363
-71
44
-761
-70
-390
-840
892
598
-173
-892
748
-1000
-216
623
152
-303
85
-363
-144
736
767
-913
983
-970
-402
84
797
522
-680
-431
24
-327
403
-223
-385
-923
98
579
351
770
-269
674
-871
507
338
-227
993
803
-76
404
573
-970
132
389
-107
-505
195
-793
-701
-865
-532
26
-439
229
-932
45
-368
-115
314
-819
172
680
801
67
-750
231
652
93
131
-23
-347
-339
-180
-765
-751
536
309
-748
-716
-213
169
704
-32
155
-670
72
-752
868
43
245
