813
986
616
374
900
-148
579
-889
756
849
914
456
-167
674
-357
901
-148
-700
18
-7
-640
-413
-620
301
625
-962
450
106
74
616
-33
775
-682
688
-76
-377
363
-805
830
78
250
-808
-788
-76
204
-694
-578
133
279
-326
27
-23
75
78
518
-868
151
394
708
830
-309
-452
-681
-774
811
100
-376
741
-314
505
-592
-617
982
-944
-726
162
487
-515
-776
-905
160
956
306
-237
405
-581
442
252
544
-498
355
-57
555
81
667
690
569
-52
-1000
90
-804
-356
-442
-502
-436
652
-265
-480
-326
-426
281
-706
-259
451
836
-875
272
-458
326
-256
135
-655
141
-222
-494
597
-601
534
609
336
-382
647
-774
-862
1000
769
877
-522
-883
-461
-679
-767
128
-85
322
-848
-699
54
970
-144
-251
-78
-856
214
-173
376
-909
82
847
988
-268
-175
-783
-313
-212
-40
-102
-750
-935
-100
-120
-989
125
-666
-279
-272
492
78
130
-382
-558
105
-524
-601
486
-676
421
488
-768
-370
-81
-317
34
797
649
-302
-671
-149
-327
299
-646
-121
683
-549
777
-982
376
-633
-763
851
-821
-673
701
992
839
-952
646
-915
-993
-978
448
794
94
760
464
-326
-495
-969
-889
-664
-560
670
301
-382
102
948
-571
-904
-248
-784
25
633
-723
-44
-621
-877
656
675
948
-553
760
397
-143
-423
-857
-726
-480
-585
-790
-18
-196
32
-256
-288
-726
280
-312
308
305
-504
-567
339
-236
619
-140
-491
-808
-462
522
-659
674
-860
-433
-112
-377
630
212
629
-558
651
-493
-254
572
-658
-71
836
179
369
896
-852
271
-720
-1
-979
-148
-8
127
16
433
-575
995
198
359
-113
483
216
827
-934
518
-27
874
-910
-507
556
815
-139
999
-594
-934
-909
-174
719
554
-861
807
-982
985
775
-366
-329
34
-583
-300
-822
-634
-722
-525
-318
-884
-619
-144
-66
783
694
266
-184
-15
-377
812
704
-232
-849
938
662
860
241
-70
71
729
-299
-496
-189
324
-344
99
197
535
-42
326
430
-859
209
278
-762
-672
434
371
-348
-186
852
531
-147
83
-369
779
-366
-36
226
-84
-520
180
549
-698
-768
-744
741
-490
-209
445
-538
823
719
-587
-482
-216
976
-490
594
-725
-232
171
-919
731
719
-474
-338
-163
-576
-619
-668
594
-53
282
353
91
-656
-457
792
697
228
75
-735
-326
181
-935
-128
-555
423
217
238
-565
179
9
801
554
-575
-998
589
375
451
399
109
802
673
-119
-559
-415
-888
-960
957
699
-585
655
-847
30
895
-309
-774
53
-361
-370
866
-947
358
-956
123
736
-45
670
-596
172
791
609
-73
-817
-587
-759
455
819
-284
-179
360
-776
166
334
789
-922
-793
-667
-424
-221
-179
900
566
757
-187
531
436
-980
-951
634
-902
43
-522
507
-917
-558
-886
-716
728
-410
132
-618
-951
-587
-191
275
831
452
-626
-17
-849
-852
-902
-275
815
92
-695
-574
180
108
953
949
953
-538
199
454
-741
-889
180
60
799
523
625
-570
619
-79
937
-877
806
-616
-713
983
439
103
775
439
880
-746
823
550
260
209
-536
-15
867
-19
602
-964
-893
-983
869
-147
-195
-994
65
-529
-749
-179
-160
230
-796
-646
229
-243
-7
186
320
904
-29
869
-686
-86
-825
356
-827
354
-834
748
460
-194
-667
-204
649
-290
-98
-227
487
646
15
-38
-600
802
-129
132
733
874
-379
-306
-286
314
792
-103
-159
686
419
-992
658
725
-638
265
-351
297
-885
230
810
632
703
-435
-71
-756
-652
445
569
925
845
-25
900
-463
23
382
314
-823
-297
469
260
-85
51
-624
195
996
-314
907
994
532
666
402
20
179
-404
208
-173
-398
798
565
964
-813
-714
-311
609
-580
44
-615
-57
641
535
-922
678
992
97
285
-543
-638
501
799
-187
-415
505
232
-628
-492
-788
234
31
-455
943
889
496
370
841
-58
173
-186
-541
458
97
-23
-564
478
196
850
-771
-680
-516
-620
474
-435
336
-138
-932
840
584
721
781
911
-278
-123
580
674
352
211
-23
-12
233
9
-596
-919
231
-333
45
-293
877
705
389
-502
633
-164
-949
-794
-302
986
134
385
813
-24
-55
576
-292
667
-795
-145
316
-217
542
772
-133
-341
321
-426
828
398
-74
-61
-115
-475
-755
439
-519
-722
856
193
-517
730
-275
963
835
-644
257
296
-693
-668
523
837
-323
276
-705
-349
-279
-735
441
-592
471
554
-17
-648
-27
-528
922
-262
823
-650
-342
-442
-707
-653
-535
419
-150
723
241
-849
149
-477
-76
188
940
275
-564
-485
-647
-470
-653
176
992
-825
-628
698
-976
-786
446
618
830
-777
-805
-434
736
-397
-571
564
-801
-785
-971
-276
120
925
-998
346
-685
122
888
175
933
-65
946
-225
630
753
711
567
-67
72
-284
3
412
400
241
366
795
-22
557
744
704
954
-881
112
-868
-145
473
788
-973
-777
782
369
923
660
196
357
-255
593
-533
-204
-449
37
-58
647
662
-284
484
-132
489
36
-122
-429
156
392
358
152
-749
556
569
994
520
-695
-162
-832
354
-304
143
-517
-162
235
-356
22
-473
204
372
-319
-428
-384
-424
536
476
-385
217
-841
519
-572
-707
-735
853
175
521
-456
-656
409
-404
877
-924
-470
693
-57
-876
345
294
260
210
-511
85
-556
182
-943
-562
704
399
-709
19
-288
745
-54
-487
78
928
430
-719
775
-245
-717
-17
-16
819
816
814
-999
559
535
787
730
-674
-666
-403
506
911
129
-516
369
943
-435
-785
619
63
554
17
-337
324
90
674
243
849
-828
179
-138
451
-847
253
523
383
445
248
-609
404
-856
431
-800
-498
218
11
860
-369
438
-549
-299
-323
-360
148
-569
884
126
445
-693
-800
-883
-838
-497
948
418
458
970
-425
642
-701
-273
407
-305
941
-871
-148
-594
-602
-379
-430
-316
-787
-174
-738
867
-796
228
866
-758
-257
67
494
425
-234
-684
-113
535
793
518
956
-794
-941
-562
-229
634
-567
-837
214
779
-309
5
139
645
5
585
853
63
-710
-833
-625
-151
-162
-800
-366
218
-917
995
-358
687
628
24
264
606
39
627
-546
580
888
93
63
-943
-673
-274
418
281
973
-6
901
-980
168
-105
-36
192
-508
-65
-578
-301
-727
-239
235
80
48
-445
711
473
495
-670
587
684
290
896
-764
-519
903
769
-553
724
-974
810
136
468
703
-949
-318
-837
-443
253
598
832
253
460
-581
-85
881
354
-523
428
685
-128
-637
-773
23
69
-501
-95
325
-928
-779
436
-153
665
-618
-66
-151
-755
-697
131
903
785
-449
-718
171
27
104
-623
-524
101
-532
160
809
128
999
-123
752
163
-278
-629
320
-113
288
861
176
124
-137
-318
218
-856
-335
-87
463
268
737
-210
-728
-629
-988
596
-672
760
-524
-674
164
938
673
-769
142
-185
-63
333
226
-432
-573
23
-789
-525
-792
438
775
-593
518
100
600
-416
98
29
-881
-599
-225
-831
580
-294
-650
-402
461
-462
-443
-879
640
758
338
-644
583
395
373
280
832
-800
857
279
316
-77
-955
-483
-79
252
739
205
994
913
-290
-88
-191
317
41
-368
331
261
-393
651
629
99
-861
363
224
695
-941
-92
279
527
-829
-236
739
932
-665
816
991
830
-169
944
-370
-491
-950
-85
34
-133
637
409
225
-971
328
-582
874
-181
-375
-757
622
662
-310
-477
100
764
-76
-640
449
-127
190
-235
-87
-1
-889
-433
-288
161
-602
-496
-779
871
735
-718
-830
222
70
-374
119
645
-172
-327
945
617
213
-579
-567
-400
-156
412
424
-761
-338
-668
-741
888
-67
894
571
357
625
-365
115
395
-658
621
804
899
-691
226
649
670
-829
964
-296
477
849
-663
-105
-902
-22
-471
421
-512
165
458
437
-368
-314
-239
94
-230
-326
-160
-973
822
680
-853
600
-604
240
-46
-785
166
-261
450
-875
-307
692
659
-73
-481
107
-142
301
720
63
308
-387
287
-761
505
177
-128
38
160
164
-741
-599
-569
374
171
-555
437
364
239
-151
599
759
-707
247
-268
614
844
986
-896
141
-117
969
312
630
-919
613
-942
706
486
894
-130
696
168
-399
87
876
-114
-657
-81
-404
551
261
-487
-854
-81
49
740
-238
584
-370
203
-80
514
-48
-103
-733
598
787
226
656
290
266
-36
-206
630
358
-773
-356
-6
32
-912
-870
-879
-891
-943
753
660
-573
320
323
-721
873
-801
-894
-444
358
700
45
-948
-24
26
-290
718
-160
855
-460
-930
-508
175
962
-110
-749
858
173
93
822
-941
485
-128
-200
-445
183
60
-34
-230
-857
716
854
-213
-72
-274
40
-565
-127
-203
243
747
-870
-717
997
-447
-258
-793
-377
892
908
-662
654
-890
-975
-981
-533
-310
767
344
573
-825
-827
231
-692
-649
-103
-711
-876
515
-374
-389
-452
780
496
-764
214
963
-280
705
-422
333
313
-196
-803
14
678
49
9
-99
-569
-397
910
-250
-674
728
926
538
772
-636
-451
-490
290
807
885
-506
-986
-364
-416
583
-621
960
-897
377
-966
-387
-375
826
-455
17
879
-571
-662
-299
-732
37
144
-940
951
194
889
-777
-53
-992
-191
66
633
-141
956
-302
374
-740
379
-801
287
-742
324
314
232
434
-209
145
486
239
910
-29
153
577
663
-222
-787
-490
-856
160
185
824
977
392
830
-608
249
260
-606
305
-486
610
482
213
240
-86
-272
-383
-870
-793
-545
46
-137
-472
223
670
865
-981
-978
48
-327
997
544
616
-473
-528
-314
626
879
305
384
-29
946
235
678
953
-315
-834
481
-134
-286
56
620
276
-503
-780
-689
-869
356
725
-584
-356
327
-58
-545
140
-891
-904
804
-447
-752
148
609
781
-260
-881
78
-320
173
-491
295
456
493
679
-380
-902
674
-748
569
240
-398
-764
-628
-739
582
4
-722
-350
-992
395
479
-917
-253
-601
556
-917
126
-734
759
156
-140
-155
-304
-366
64
-948
-206
491
-182
878
576
-996
754
471
11
390
565
-325
-920
-270
94
159
808
-407
501
-216
-931
-339
-717
-41
-351
-680
-912
60
861
-861
787
990
362
359
-708
-879
-299
-578
-312
588
-366
56
632
-188
-777
384
-704
-802
689
31
-114
85
-848
829
-153
-677
-530
861
-32
-824
490
643
488
-225
-463
-393
670
-433
410
-411
-593
-571
127
155
499
-869
-140
876
69
883
590
807
-783
169
-815
-566
614
612
352
420
368
-435
-995
-274
322
-90
495
-862
610
-731
951
-859
-216
150
387
-272
-628
-754
773
412
-601
-713
-324
546
424
7
-951
807
398
374
-279
-560
163
-866
-84
-443
676
-703
-607
238
294
-486
-804
-882
-467
490
-650
13
304
510
-415
-681
-539
-708
-173
856
799
-202
-999
399
-340
26
-19
-910
-340
463
-963
351
107
-438
28
908
-983
-162
-792
-755
-575
-422
-615
-677
-451
-792
-30
638
-626
-822
-911
83
-608
-482
332
-312
837
-912
931
-516
-148
797
135
-397
-562
-542
77
242
-642
-809
834
544
853
376
-293
254
351
-899
233
-12
718
733
-842
835
-185
-646
119
-872
206
-200
822
-348
-494
-776
-715
-100
676
851
205
77
253
609
922
241
275
990
400
277
-704
982
789
-153
-635
73
-591
516
906
678
412
446
249
323
416
-969
969
-411
-105
-480
-272
33
782
-414
559
-758
-192
-211
604
-384
462
-895
-441
-87
-891
-559
-22
-473
-850
64
478
566
-904
669
208
628
110
-68
588
-748
885
147
-28
926
323
40
-366
117
498
-368
448
-979
-6
-785
-206
714
25
-304
-533
-186
901
352
44
-919
-829
840
-628
318
491
-40
297
-854
628
703
44
288
-892
713
-58
-524
-194
-262
-824
672
-902
274
-56
-441
-738
-845
-203
-757
-124
-733
390
340
-522
-220
754
471
436
-136
31
579
741
759
942
-288
533
301
247
65
-25
-226
-789
595
472
25
-431
-388
-99
956
868
-538
718
211
-979
-802
746
-348
-699
962
-720
-218
-918
-685
939
-399
895
-397
-612
-55
-502
680
-653
382
-782
910
466
-445
-903
104
728
-137
-841
-660
662
598
462
-480
418
-90
937
-638
-793
-865
974
641
-681
888
-465
844
-985
-480
184
765
-918
95
-135
862
-566
104
714
97
-266
-726
-177
-411
-498
702
193
747
345
169
783
-7
828
257
-311
-752
810
739
-574
685
-400
-245
-955
158
-183
-420
269
626
-811
-841
-62
-943
-45
-394
-367
890
-446
-864
339
18
595
106
244
340
953
995
324
-111
-286
283
-477
289
214
519
-951
-782
586
-46
331
192
-708
101
626
99
-224
-686
478
-153
617
470
329
-286
356
-813
581
706
-637
174
207
-922
423
-104
-662
298
912
717
263
-111
124
881
878
-107
-851
-13
-685
-655
-841
-478
175
-216
-819
-301
-695
-547
-606
-796
457
138
-899
-876
-897
438
664
543
-66
51
-330
336
-902
18
452
526
137
459
-188
-176
-767
-226
-795
-45
-614
709
-927
850
-717
168
-942
-489
-451
926
403
-578
557
886
32
-311
504
-736
53
332
-421
-46
163
611
-436
269
21
724
310
-821
79
463
-829
110
552
896
497
181
272
-918
126
-422
621
678
310
-215
-721
-105
-895
36
157
894
-142
853
422
-673
908
804
855
993
840
-523
-374
989
-227
707
-24
235
168
-179
626
-281
-219
609
-881
549
-569
53
4
-695
108
-252
519
875
-572
128
472
-638
609
-925
-489
-657
-388
364
997
659
14
-84
-310
-181
137
258
36
-822
814
579
367
806
719
-648
186
359
671
527
847
-393
918
-255
508
-894
564
911
-303
139
130
341
-369
876
-712
-609
472
-709
566
-244
-733
-104
-103
714
455
492
284
337
-743
-698
827
255
164
-346
-313
314
713
-136
-667
-560
-205
-570
837
-383
601
-1
150
485
-6
-889
740
-741
111
-587
802
-219
709
-184
-269
-344
571
380
603
-516
-450
-276
230
684
-770
692
364
-220
106
-311
-322
-952
-39
220
375
908
511
-331
153
524
239
-47
90
-884
-175
920
-499
7
-380
-323
-153
-93
741
758
826
-196
-807
-317
-656
-196
756
-881
-226
753
-870
-176
979
-23
-128
642
31
-436
-72
-742
-131
-561
661
701
-934
-602
-344
119
657
478
-448
-510
-110
-821
896
441
112
-889
442
764
521
-146
175
971
-984
170
-208
648
-860
-15
-117
-539
-36
493
221
-819
273
-980
-275
335
-384
677
46
-804
119
-626
582
-121
-292
-150
747
422
-842
-315
-328
866
-975
-737
-349
699
-861
956
-599
-783
238
-178
-158
167
627
-588
-123
-227
-29
90
-705
-523
336
-436
164
-124
421
-29
-722
-750
651
569
-296
-663
-329
-333
-678
409
-444
194
-601
986
354
-316
-302
-127
-905
381
142
-67
-597
-670
-653
763
-418
-889
211
-401
745
120
-48
-389
-864
-399
308
29
391
-314
-891
-899
-817
-861
-668
12
568
225
-730
-815
-608
-577
-444
-171
832
-706
0
-128
-427
220
327
350
466
279
517
54
-967
-412
-260
883
-320
-30
461
128
905
-653
333
22
620
789
367
121
656
554
495
-874
-286
-907
987
727
730
825
784
-717
-469
-836
-305
211
-739
299
411
-653
-635
-783
-400
729
-202
878
437
830
343
-301
548
349
-155
771
201
-931
385
88
782
355
580
545
-10
116
-739
-186
440
-281
-881
-680
-485
-227
309
-918
-86
-202
237
996
29
-450
-988
-246
-453
-77
-463
472
-626
196
-466
-953
-320
921
-44
887
567
920
-635
611
-975
-507
-261
-87
11
-690
-123
330
-302
966
-388
863
-147
179
-14
-494
102
966
319
-271
406
725
-365
-143
832
163
-223
66
348
-882
-38
480
-170
-312
510
-226
-148
-20
-502
849
680
-447
367
-782
326
-573
-365
-857
652
-897
-545
-599
-442
-490
-936
-317
900
-794
524
-137
-674
700
-391
860
589
27
197
818
-228
-735
887
935
771
-221
445
-833
735
36
-208
-45
-638
-348
634
559
581
-766
-66
-539
-238
-575
529
-37
-911
-720
-86
745
-191
142
363
-138
449
-22
791
636
45
924
707
-51
226
371
-189
-284
220
871
-43
956
-177
821
-255
-261
742
-870
-396
572
-478
727
366
934
-908
-386
157
-103
674
-27
400
819
285
-264
771
-871
424
356
-731
-575
-658
-246
-325
715
534
-806
-368
-507
776
-899
-275
961
230
-151
413
-416
502
-416
507
-883
-16
-618
189
-594
192
49
-624
702
-608
806
-170
-245
476
-449
-470
836
-179
59
-9
759
-474
-959
-512
944
-997
879
-896
68
399
-159
-92
-768
-785
559
-152
458
164
-47
41
-864
-968
885
-923
-920
262
-616
694
235
307
-442
688
-206
18
-680
-821
-155
785
-430
-257
-741
-792
-970
-828
-457
-938
657
310
624
523
-495
-66
456
-867
-822
635
-796
919
486
-224
743
-651
-593
-230
36
-10
-584
517
847
-780
635
116
-775
108
128
-12
267
-110
-604
-230
-881
640
676
924
-287
-699
680
243
-219
-434
295
-118
-275
-810
688
323
-388
528
547
984
-519
728
146
832
-202
-146
582
-218
991
887
531
-872
870
-945
-166
-177
-513
232
-640
-758
-230
984
-135
-55
895
658
-677
-206
625
330
320
-925
-706
-190
162
-754
-329
-351
-503
162
-81
477
-371
534
-645
732
457
836
336
-945
-642
-886
-189
-558
-877
-883
745
244
-212
845
-992
-980
-420
-316
-349
437
-583
-53
-326
378
612
344
-865
519
692
-870
435
853
822
-585
486
-397
-706
-341
511
-691
-361
-564
-172
284
271
-476
-285
-361
-505
-485
-185
-207
249
-310
172
755
961
799
433
-473
380
-988
-350
-464
610
89
165
511
-816
678
551
-831
-503
-676
-762
972
286
977
-881
-33
-942
633
-373
89
922
695
-489
963
-427
796
-383
-762
-453
-940
-402
-696
918
143
41
15
-828
619
-631
-832
787
-200
357
798
-922
-187
542
-517
-943
-407
222
62
396
-949
-760
96
-377
-277
259
663
599
-804
-530
-963
509
-259
307
-715
-700
-157
-789
306
950
877
255
833
-405
230
-326
920
-879
-388
-205
557
-371
821
-27
199
-936
732
581
-536
-522
297
-465
-657
-274
-793
321
188
200
-710
-452
738
999
-450
-738
-361
569
-305
-235
340
577
739
309
681
633
-308
876
104
504
607
19
382
-274
758
-642
853
-63
82
3
-176
603
221
403
-857
12
-260
-504
931
-52
-986
709
260
361
-32
-332
-417
514
768
-185
-572
-914
641
-406
-124
34
708
-161
-283
-671
29
453
174
-229
684
-840
-691
962
508
-411
977
234
-873
583
188
552
922
182
378
170
806
473
376
-796
-62
168
-634
-794
-6
319
918
-411
-955
766
-154
978
613
-144
456
-303
212
801
-817
707
-654
411
-909
483
-995
505
-98
174
-522
-121
-762
770
183
-820
-197
-703
915
-25
-566
887
-21
-367
247
343
-999
594
-335
-298
951
1
-682
-898
-763
911
-506
-618
-520
-822
-484
883
-251
-195
-730
-157
388
-278
-494
-743
508
-865
-764
-453
-96
-425
-566
51
-986
-110
952
-416
51
-633
793
-22
-496
276
858
-410
118
-560
626
-717
-504
143
143
-256
-683
-367
220
-802
705
910
-745
-840
922
408
385
-840
73
274
-257
-580
504
-150
-734
966
-391
-518
796
513
550
-142
-982
-379
-430
-749
-339
52
-535
274
876
723
481
-369
913
116
-641
-876
716
-562
-775
353
912
749
674
-429
636
-741
637
-483
246
-379
197
-892
593
550
7
-839
743
543
-194
438
248
989
298
245
467
-970
-489
556
-284
813
-747
366
444
-830
741
204
-326
675
-17
139
250
-49
-221
-293
-988
38
-439
-4
-479
575
330
600
-468
-717
-982
-333
-232
-269
-213
905
163
269
68
-694
-693
-486
175
78
-605
-845
-692
326
476
-27
974
320
979
-499
932
-104
65
289
-440
-361
713
-229
-18
-278
718
-992
-605
-851
563
390
174
-464
744
699
-263
362
627
840
535
494
227
-26
974
347
755
116
222
-501
447
378
766
117
-55
751
434
68
-63
-749
547
-881
837
-13
-342
-805
-897
720
513
657
-592
-72
654
-497
531
-513
981
-876
533
-102
-811
821
739
999
-638
37
-136
-354
812
-860
454
-145
739
-568
-677
819
-112
-791
519
8
-991
-572
-955
215
-979
325
949
-126
-629
690
-388
770
610
-657
374
-524
-552
-396
673
-824
22
843
273
-917
792
990
-767
-906
82
-579
937
465
-243
-816
-659
421
-964
943
998
-479
-984
952
970
389
-432
-588
323
43
440
896
375
-312
-744
-922
859
-215
759
554
-923
-87
606
886
414
643
172
57
448
-598
289
-90
-355
-19
-268
908
-686
607
730
-736
419
-742
-744
771
238
-646
-428
213
932
697
663
-997
99
965
883
176
974
-67
-837
-318
-70
284
-679
-845
-808
45
873
-449
-360
-180
-234
267
815
-770
-924
-200
-378
-806
-210
933
186
277
912
-112
-976
-183
730
-379
999
472
659
-973
431
-864
635
310
-791
761
-53
-55
-510
-264
997
-660
-515
315
80
-686
259
835
819
-386
108
-358
427
883
708
-197
731
-434
695
255
-685
537
-118
788
85
-586
223
-951
478
-987
-511
234
-397
-188
-795
491
-592
699
347
891
529
-921
476
739
-674
-12
748
832
-622
117
769
-242
272
-903
106
304
535
921
-335
-613
-318
920
-186
-681
-806
569
561
-900
-412
-963
-355
-587
-731
404
-369
499
451
-269
898
-991
-80
681
-916
433
635
436
834
-849
548
60
895
-586
-833
-944
-613
-167
606
745
879
618
-743
-567
-949
-375
-511
-540
-448
436
980
-535
219
751
855
-347
735
45
-993
130
-975
-977
677
756
-613
-841
764
738
-124
-290
481
277
-359
313
146
-535
296
-291
-443
513
699
906
-209
548
588
-78
-745
-74
986
324
-587
-865
918
585
-759
-577
-900
-244
-388
-842
-243
760
-3
-467
269
-705
-84
548
774
569
-97
981
-810
-82
-863
-172
-944
-756
398
-380
751
-324
-727
-494
59
988
361
-769
-431
429
-727
71
-794
553
-202
151
-739
-109
357
-592
951
537
43
159
-430
-274
719
-407
-542
68
218
656
721
449
-893
618
-829
-381
-957
242
-832
96
313
836
797
-275
-705
292
-66
173
-334
46
245
-641
354
-913
546
-712
82
-635
-696
409
-579
776
892
-95
-167
-634
-895
-12
742
0
885
119
251
-935
-288
378
-686
864
-698
613
317
909
-324
-628
946
-722
983
743
-140
-966
-519
-426
629
-161
998
421
30
424
-349
702
182
909
263
-985
300
-779
209
-760
847
-938
-673
324
-333
98
-762
405
-688
-727
663
191
0
535
-525
-729
277
902
771
961
-539
-646
516
-515
680
52
298
978
589
-336
-410
-82
729
-456
-27
-128
-735
920
-622
-149
168
-425
842
719
393
-265
491
197
-410
-869
211
-465
-346
-200
624
-814
935
-881
60
786
-34
-986
-233
798
92
-860
192
-552
22
-103
504
928
283
109
909
-712
-626
856
-785
667
935
-277
593
-388
991
-480
-859
353
-128
-94
-400
-116
-391
-810
-795
-187
-722
-360
274
-381
285
246
-937
993
416
56
-264
525
632
-431
-297
-608
377
-568
122
630
-935
-184
800
270
-592
126
144
626
316
-53
705
428
881
-96
785
550
679
31
99
484
-444
194
915
597
429
401
346
75
512
-445
-87
-660
652
64
-578
779
818
-742
-772
-785
-823
-96
221
257
-757
-624
206
-206
951
-440
-308
-518
-177
-808
-241
439
785
-104
-371
-755
-292
292
-513
359
-607
729
172
987
582
258
19
-278
-746
398
174
667
294
920
50
-541
486
352
786
445
-536
-49
909
-39
-810
798
-579
-941
524
349
-306
-652
667
584
-447
-992
-835
390
23
-972
-33
-188
928
-70
524
172
-872
-69
-81
-654
660
344
-612
-984
-991
-407
-143
630
598
-684
749
-308
-372
716
-290
-10
820
580
626
-40
-486
-285
493
-589
-584
-662
957
-8
396
-808
-903
8
-422
754
246
-410
-12
822
-744
619
-901
-11
-374
885
502
-712
697
-301
456
923
-430
-511
-621
-785
772
542
-732
-907
480
-339
515
934
-85
686
868
-443
376
-609
79
-836
307
-950
-568
-556
-402
-887
178
67
-5
840
521
163
961
991
4
263
618
-457
95
63
-703
-836
-462
691
818
-582
-528
-47
-585
-766
-553
-72
-246
-175
-745
922
-349
152
451
-952
-114
-35
-838
658
-289
-284
676
247
-668
-840
929
-42
390
447
-682
-546
428
-681
203
-719
323
443
677
-281
182
-326
983
279
863
-786
-575
588
-168
-699
779
-791
680
666
-402
-791
548
-351
150
722
-678
-13
-839
-266
-69
-469
-8
-392
-264
992
-389
-349
-330
-964
-198
435
453
656
858
45
-29
941
355
521
250
877
-473
307
881
-505
484
-776
-596
-558
837
889
-971
982
957
133
-800
262
876
-607
307
-410
252
-256
-425
331
-58
-596
-737
895
-343
208
-614
505
-197
909
-832
63
235
-600
83
67
-687
15
443
361
808
672
260
302
161
925
-544
-127
-763
847
723
570
503
655
109
216
-821
-57
-585
-536
-448
607
627
-163
713
123
230
-814
-935
96
186
-197
67
-135
-899
-979
-578
243
-567
902
-639
564
-10
275
-946
785
-191
-256
582
-68
-275
-955
610
963
12
-53
-767
-809
-215
237
971
831
-254
350
177
-428
628
-539
-700
332
601
-332
-856
-622
287
-391
-594
-808
-357
-71
685
178
-488
903
-814
632
-927
822
-146
-714
967
-30
-752
-618
17
-909
-682
-21
62
-332
202
-579
435
843
-429
-710
69
947
125
966
100
-163
-270
-682
-778
-308
812
-237
320
-974
-963
-196
-177
990
313
932
-416
347
-887
908
-892
-928
857
-177
895
-306
-712
-960
-90
-494
756
-324
389
-104
-589
917
-834
-291
-224
226
-707
-320
361
450
20
583
-108
-212
779
500
-298
-165
-810
-743
-249
977
885
-125
-85
-509
-294
908
-420
-201
-99
699
953
-261
931
-350
312
224
735
-515
-276
251
-351
197
724
-115
56
645
603
-126
133
792
678
592
554
-674
225
-977
-509
214
-102
679
391
240
-834
-911
-711
265
-833
290
574
-653
-398
113
-624
116
304
-827
-717
-633
-730
-394
164
216
-363
694
-851
-738
-451
-224
673
101
531
775
529
-802
152
-126
929
-999
-985
559
-854
266
-658
-759
931
772
974
256
-438
180
555
-929
883
-441
-383
-231
265
-732
286
-761
201
953
383
553
95
-471
50
-391
99
663
-521
749
-202
163
-822
6
737
151
-374
505
834
231
-599
507
-206
438
960
229
633
-956
-390
215
54
-796
349
-765
-136
6
989
534
-25
-930
339
-784
484
631
-589
-691
532
276
-463
188
710
-550
468
-969
-855
-430
-631
435
-132
928
-585
607
552
288
396
167
5
-265
118
-392
517
-625
-543
-861
-796
-922
842
422
472
894
468
-155
636
-618
976
954
975
223
-49
-388
-242
617
-99
-869
751
468
-256
70
431
-713
707
770
-441
-821
664
230
-217
565
-732
-680
-558
-199
448
141
598
718
699
-855
252
-53
19
-29
-598
-232
45
-952
-223
-929
-413
-875
290
-418
981
-491
201
527
136
27
-559
143
-749
-306
-592
142
-163
729
-821
259
302
918
907
-629
-298
-506
321
-959
-258
968
367
-164
884
-186
94
-289
-954
359
-785
680
741
927
-569
236
-534
-407
-576
-310
847
-410
822
-733
-303
748
601
-736
429
-52
-113
-991
-523
-353
-662
-30
-620
841
331
300
221
48
166
-208
207
-525
-122
51
457
729
-103
201
-672
726
-678
-319
536
188
389
454
94
211
251
621
-333
533
39
-323
-753
7
-202
930
-20
236
25
-419
-749
-619
-543
59
210
-584
-161
-580
41
-572
97
-729
-392
-739
912
449
122
-279
496
640
-455
-130
-484
-834
151
-468
666
635
451
-320
-414
673
-6
582
-465
-834
-568
390
383
953
-60
-971
1
461
-520
394
-968
-643
-136
134
296
-461
-956
-142
323
-763
-357
-152
-970
470
726
-457
273
712
-794
912
-231
-397
-227
-838
-935
-124
-375
543
-958
270
-171
-385
-568
74
449
419
-112
-754
-673
733
-954
-873
301
524
200
38
-825
-964
86
57
951
53
-249
-588
-9
-85
-530
227
-517
-427
-576
-35
-220
-170
-2
-680
414
-37
898
451
-787
-780
-527
-289
-273
115
797
-563
254
-934
820
-880
-374
305
-555
655
820
-300
769
12
-245
341
470
-415
287
-170
180
270
-980
206
-518
-881
474
-91
33
856
-231
684
-627
-642
-715
453
651
-277
180
-591
545
307
892
-37
-64
533
184
-146
-884
-42
-493
912
667
-404
-445
737
765
-561
-325
-329
-565
-315
799
367
744
-38
-908
-503
-677
118
-396
651
-917
899
480
165
-564
-542
-623
546
947
37
-892
341
-396
340
-564
375
-642
424
253
-779
-84
322
119
605
-740
-540
373
-353
-850
675
-845
-551
-386
-391
-588
-411
-425
-463
-248
816
-548
-59
687
-217
-306
-170
-579
-425
967
-391
886
170
-654
102
978
-796
-194
-94
822
315
-719
355
95
562
-10
433
-319
154
756
-708
-45
-170
300
679
1
787
47
-322
-613
-821
80
863
-338
-351
-163
607
-77
501
-708
-856
-231
-433
459
80
-751
891
374
-965
5
-150
-236
243
-683
448
247
206
-453
-780
-867
597
-117
472
-819
832
112
-446
-351
41
783
-194
991
414
221
-943
-87
860
-572
9
628
-442
-901
954
815
96
-200
-494
-36
850
931
560
953
-275
-185
-414
264
-713
-536
699
-614
-2
-583
271
691
-115
875
195
-573
398
-116
72
608
-98
440
440
645
-863
-718
-651
624
851
-173
348
940
343
-765
795
-559
-563
-552
-658
-527
-215
207
-823
-975
-153
-461
755
-909
451
529
328
-300
510
-712
-401
811
163
-531
-174
821
-522
-833
829
226
-574
696
-783
959
-307
859
-913
-273
26
-454
391
79
68
-144
-159
451
873
403
140
-484
732
-996
299
692
261
248
-908
389
-388
-644
-796
-591
476
-53
-8
-378
743
681
-183
408
-171
838
29
817
-333
750
-699
897
878
115
-515
708
31
-610
-436
-964
-769
-900
-230
765
-111
-604
294
-225
-29
-809
-9
654
728
749
889
-857
113
-385
-801
-85
742
529
154
998
91
110
192
-851
115
-571
363
219
-771
986
-769
903
319
361
581
-185
-248
-541
-473
-714
637
-146
-849
11
-164
827
587
528
708
-287
790
-235
808
-649
648
-189
996
718
-406
807
128
-973
-526
-462
-763
447
-223
535
593
210
620
-442
-211
283
319
268
384
11
-86
-8
630
57
-16
393
272
-635
139
-224
430
865
279
397
-122
-82
-877
547
398
-508
-208
58
-521
-618
-756
-714
-233
236
-385
573
865
-882
349
159
45
980
330
377
-496
-177
4
-389
-29
-200
729
109
-721
558
-541
862
305
622
-806
115
521
455
370
-625
201
246
-661
176
-676
848
907
208
-682
-937
-833
568
-527
613
-490
-564
-293
-858
-289
653
-278
753
-303
390
-789
21
-914
-372
-435
-713
-798
-498
-317
572
809
-601
-5
315
676
-594
-387
-364
815
-969
-630
-356
-777
12
-818
-160
134
-580
695
-410
-615
489
825
-140
-185
834
447
-469
-566
-302
-797
-507
104
628
471
352
-731
-945
391
-567
56
299
-886
488
429
533
-103
-256
-388
-209
698
970
511
877
-102
-689
-698
-390
725
912
-299
767
-861
809
421
-968
446
-317
-7
791
-364
427
968
753
-248
864
497
998
637
-998
457
-972
-305
-941
-381
442
733
522
453
-88
-515
-113
595
789
346
-449
-217
708
-486
70
328
963
-835
88
80
-383
-590
737
76
-509
-482
70
756
-50
-579
449
514
482
41
900
-730
-487
-916
-833
-991
501
-767
913
-867
523
-363
-995
495
-379
-441
-67
669
-113
-418
-747
-894
-836
-707
-26
-449
65
-767
0
540
-149
253
-560
-824
959
962
703
-522
963
-623
-830
-213
-154
-668
253
643
-672
163
27
-619
828
97
-917
233
-759
704
-809
-669
283
-413
-595
-120
-144
-149
-370
256
-826
-835
675
-944
754
484
-181
153
872
983
-286
-322
-753
-172
478
-450
-456
849
923
-81
-502
870
-315
-60
836
616
103
-887
408
-285
582
490
720
-504
378
100
153
-815
-295
-183
-91
82
-167
68
-476
954
862
-53
797
-229
281
-147
-568
-265
434
263
-310
779
-429
-889
-974
-176
752
-312
-299
378
-883
-295
-283
310
-88
232
-692
951
624
-402
693
-186
-247
663
-582
21
-663
-389
-428
-444
-560
431
618
387
655
752
-234
-28
-328
499
-666
7
317
800
-373
234
218
-580
771
798
-963
-4
-610
-482
199
232
-124
-829
191
-179
-526
-914
366
915
-943
-127
20
975
-339
375
-401
-284
818
558
323
572
321
886
-808
-695
-40
517
509
964
-224
597
-726
736
445
-590
48
832
989
-507
-586
-310
552
-401
-998
-230
-235
101
956
-248
980
233
-696
-107
-113
744
748
-737
-822
473
-513
405
-995
434
61
-490
518
621
-618
753
192
300
610
294
90
848
244
609
597
-841
790
-54
-89
800
174
-597
