-836
99
-146
-441
349
174
504
-458
778
-327
-57
-150
699
-416
325
-86
162
-667
-36
-662
-523
487
-637
835
-946
597
69
680
-580
-383
-516
51
791
642
-762
-895
0
9
879
851
104
-503
-488
301
87
-214
-587
-803
796
701
-19
-327
-807
738
-653
-7
371
36
-790
-505
-237
-866
887
-146
-920
9
-914
680
137
-418
55
376
482
598
734
-302
641
87
307
-698
-937
-249
-115
-886
586
-105
839
554
352
457
398
-491
-840
633
-89
743
-748
-516
297
-600
471
191
883
572
186
221
879
895
-152
168
642
0
205
469
558
-70
-852
-239
-171
980
184
774
-926
-953
618
270
-404
579
-990
-62
640
-891
111
262
-841
-575
170
-324
824
-399
-860
531
698
-29
-318
-267
77
379
-522
-35
-963
165
728
-415
624
-270
199
-509
-335
273
-862
-678
-889
-648
-110
-355
887
-733
705
-228
-653
741
-444
-660
90
-75
-495
-999
-245
899
682
256
-958
-93
821
751
-39
113
-966
-335
-865
-903
974
721
-235
304
714
-342
-403
-487
-128
-365
-993
265
-43
573
-495
-607
939
17
65
-686
-240
943
-989
-93
499
338
212
998
496
-302
-731
289
207
817
243
451
938
-332
320
-973
250
392
774
-981
-985
-691
709
446
-90
-195
101
-169
-491
926
212
-326
995
782
756
-398
211
-775
-594
-934
-452
-630
-644
-14
3
983
-364
872
-563
39
493
-126
452
341
53
216
146
144
675
379
635
-583
447
-801
-122
-457
-530
-609
-758
-982
440
-597
-44
14
-866
73
-454
168
574
657
-786
945
-576
-888
-650
-968
39
997
784
-339
967
-696
-723
-949
-45
750
313
542
812
785
105
-360
759
327
57
-184
-304
933
95
-996
697
398
985
750
166
862
-46
605
-747
936
-528
-491
150
-265
956
-892
449
-578
-551
-834
735
-499
-54
-922
280
-372
-542
-936
606
237
568
989
174
-7
756
-309
-670
676
-999
570
363
965
414
777
547
-477
-70
-309
502
-60
720
768
793
690
-314
-922
264
216
-622
38
146
-765
-197
242
-525
394
609
-231
26
611
-598
239
501
-574
557
378
-445
-483
-337
-640
-816
-238
-745
-635
411
19
-126
-198
780
107
698
-8
638
284
240
75
-532
-694
-958
-342
-424
992
580
69
-767
732
718
211
668
-571
-882
-742
-374
-908
783
65
-771
-558
40
-177
-481
-510
-861
-192
563
-571
-820
195
57
-303
-180
-521
116
795
-625
507
-162
824
642
-61
-322
916
-936
708
-763
105
-385
-290
58
822
-536
-860
-868
-1000
-827
-704
-144
859
-44
-442
-998
387
998
-38
-225
-173
-822
463
824
-6
332
-543
452
451
-228
172
541
623
-79
-345
-534
210
-587
851
155
-269
-264
825
878
415
-844
530
-734
-124
702
-737
297
-31
951
399
515
-383
637
-346
536
-997
487
-292
454
-115
315
801
-580
10
797
-827
-448
880
-211
-611
100
-177
-926
700
-788
-168
643
-47
-90
218
-435
-94
355
-411
-783
208
343
-281
299
773
822
784
-971
291
-774
661
-913
-311
-258
271
764
-773
-937
-640
-680
-231
440
-864
-315
-808
-488
786
-595
-293
815
545
240
-129
-276
833
337
397
974
-28
876
36
-371
-670
-241
824
371
281
-650
-463
685
997
-324
547
256
-413
740
-233
351
-998
384
-753
901
362
83
-176
-564
599
712
962
-923
-470
133
897
108
347
-129
-8
85
841
-866
741
-278
-29
-572
-311
672
621
-746
974
-334
-398
751
477
951
769
-99
-731
-634
576
92
332
-697
-144
-590
12
-996
-914
186
529
864
317
-537
-370
-45
-698
613
977
22
-332
-310
802
494
162
-99
-92
-86
885
-907
-786
284
907
47
240
-893
777
466
-184
601
-620
978
-39
-769
357
955
-490
-288
47
-476
567
-868
-229
720
-474
-328
-649
641
626
792
-432
-168
714
580
407
906
835
780
96
996
-935
-510
-311
-740
-937
12
355
-207
-558
347
507
581
345
87
-738
619
-68
-453
-543
771
-971
-746
-225
520
195
-788
-903
382
346
2
-955
-418
-434
128
830
173
-414
545
-83
431
-193
-266
-587
227
-535
-672
-383
941
-836
-780
-69
-90
-710
185
629
-594
135
-140
206
-950
-852
-679
717
-20
899
-112
673
-25
-570
-125
-166
857
-357
710
256
69
-901
-846
451
-948
-118
385
778
97
785
55
-266
13
-530
-72
-54
808
-607
-243
-829
-695
859
-267
-501
-113
725
838
814
508
92
78
-619
73
934
-34
-410
-811
-287
-179
-147
-618
111
134
504
-380
935
-557
542
633
787
-228
662
22
342
-480
791
-685
461
-640
949
-155
720
-309
-968
-792
-238
-418
84
560
658
-874
886
774
-133
411
-239
-876
-774
-963
-508
-221
189
-965
616
-825
-752
-645
-455
137
686
203
-597
-540
379
312
-989
585
-387
-455
-853
659
809
18
743
-718
909
-96
-544
-290
104
-422
937
-186
-424
-901
-362
-822
-689
696
-397
605
-515
146
592
-704
-581
193
-694
938
-255
483
509
758
-641
199
540
-355
692
-535
-247
-637
992
-225
-935
-575
-188
890
-280
965
-741
834
39
521
-30
933
-84
962
-920
-858
2
384
-502
451
18
115
352
774
434
606
870
748
-185
-44
56
-113
291
-142
118
636
-547
-403
242
-649
791
-414
-844
790
-429
-78
685
-43
-63
-807
-753
129
886
179
-270
254
-418
-145
-123
554
158
402
-987
-368
-767
6
703
-917
-532
4
-412
853
915
-965
-255
582
-797
-101
918
-893
412
-958
-673
763
-274
-948
-870
558
-423
206
98
686
267
-713
-472
414
-519
575
400
924
863
953
-67
-573
-595
208
8
541
-885
716
434
-974
-125
-930
-54
-594
690
169
-361
-205
-950
-671
897
-606
-210
885
-882
-255
-295
-331
-302
815
525
480
20
-378
641
-930
-303
91
-350
-554
121
987
-562
195
833
685
-273
-754
-381
851
-42
-185
-196
-112
536
-909
-245
432
788
-969
-987
977
-986
-646
-466
940
178
-82
277
443
659
794
-407
-212
-870
-432
111
536
-848
532
-153
524
-288
576
226
-665
-617
533
-913
-23
289
-94
553
482
-233
874
-164
-740
948
780
-161
-136
-392
549
430
-727
-985
-55
22
20
-966
467
486
-651
550
-970
642
-870
-211
-625
-529
-395
381
-221
-113
-992
193
674
-835
25
7
-426
-763
-961
666
-612
-567
307
-95
-580
753
-18
637
-251
-403
864
76
-266
770
560
-262
180
-820
-258
455
84
-17
-157
-118
470
-700
-310
831
631
24
665
411
657
-259
476
720
87
-230
-183
-417
354
-505
-436
388
4
-558
397
-128
-423
531
900
78
-105
290
683
922
8
916
-196
-746
847
-858
-863
-137
-432
-714
264
346
393
840
395
191
745
390
-139
-85
460
-769
107
268
876
625
-118
-37
578
738
793
-443
-404
-716
-850
505
887
95
-198
-643
-685
679
701
-530
-708
318
859
189
254
578
601
513
85
-997
773
-389
-721
-530
982
390
875
-560
-922
-66
-448
895
-595
-100
-880
-230
969
-262
129
419
623
-877
-997
-217
507
-285
-999
791
-290
-500
-228
-118
957
-960
472
258
693
-126
958
647
-150
315
439
-253
853
627
158
173
-521
179
140
888
729
-571
668
-701
296
248
88
-926
-699
-605
405
489
280
591
242
-983
775
-278
10
182
-952
54
417
126
503
294
795
40
-502
-575
89
310
-91
-706
829
-124
317
-611
201
532
-453
131
-835
29
616
99
167
-666
-306
838
-319
-196
-507
583
-371
598
-615
-533
774
915
853
570
-392
398
380
54
379
-521
689
690
964
-878
-754
-117
-701
-10
-346
908
-996
873
873
-30
390
151
617
-617
373
-179
-203
-591
-375
-889
-747
-114
914
-916
-692
540
-572
0
863
-930
235
110
69
-524
323
121
535
-383
555
739
-5
659
-939
-280
309
-698
-380
-180
-949
919
552
137
65
-781
-842
-859
-752
84
-235
-675
992
452
-506
352
795
739
559
-960
956
618
-967
439
-902
-382
611
-445
-980
639
226
-954
314
-68
-302
775
196
3
-877
-547
-718
-402
-781
167
626
721
62
554
-764
210
-312
-441
579
220
-186
339
-43
705
-934
-44
-671
-101
-852
-865
-82
-445
283
-150
-33
-991
-353
-925
525
-278
-810
-699
-532
-883
296
722
-928
-311
958
182
793
-410
328
827
-203
-333
-887
-211
-902
-229
795
340
888
-259
762
891
655
211
-707
816
-325
-63
-596
-646
985
-321
734
10
-999
-82
69
230
-553
-748
-786
976
992
22
619
937
-589
-679
952
-441
-391
522
505
-777
25
-74
436
-173
720
-603
-616
-556
-327
-293
-909
-237
139
-913
-492
24
-954
-918
-116
808
-269
614
451
-446
108
-360
717
810
-636
211
-912
771
-692
-843
555
-698
433
961
56
-964
-621
-335
568
296
-233
728
427
-443
365
-354
-805
828
676
737
623
927
-996
-308
-323
281
361
712
-20
-508
-273
369
419
707
933
49
-613
876
-726
983
-471
-915
-37
398
657
-404
198
-532
988
-177
-738
52
-935
463
-874
80
211
756
-492
921
-621
-818
-432
90
-970
-883
265
252
-949
-205
221
826
-821
-626
141
-6
36
-528
-602
755
748
166
214
961
-846
505
-794
-106
594
-90
689
-561
360
-952
152
853
-114
228
251
-440
682
-952
-315
356
400
-491
-184
-254
315
-704
-711
822
666
932
361
-233
-334
-948
629
-757
106
668
103
-155
-57
509
-331
973
456
898
812
-902
47
-365
-726
-278
997
-200
164
-624
-509
451
-974
884
-823
505
329
-810
-522
-127
529
-667
279
-117
-544
379
561
-879
-75
-138
541
-423
670
46
-303
477
-552
-136
-756
577
-862
520
-835
-650
455
-362
-684
-76
-996
-560
904
727
11
214
-513
-279
-244
173
-625
-930
-616
-791
-832
-605
-805
185
-476
699
-657
-275
722
189
721
71
-567
396
343
673
476
-761
622
-911
-422
329
-826
973
-108
57
89
-527
-255
-133
238
-557
-298
-649
619
-48
-183
762
647
511
-996
226
-289
803
-530
426
338
423
498
395
636
517
-593
-800
834
-199
-490
-664
986
391
-576
300
-662
-134
391
171
72
-545
-16
147
-333
890
971
881
448
676
-341
555
753
640
-137
-423
-220
-652
64
-308
804
756
-258
-210
-350
539
265
-733
470
-386
-225
-194
-907
332
-889
772
610
359
858
205
-927
-126
941
-19
-374
524
-455
74
674
-629
452
569
-438
375
484
-881
918
90
429
-380
502
730
668
941
-815
-91
-904
-137
136
896
-387
-249
143
756
404
949
-617
-664
495
-935
-267
-764
-190
772
251
540
902
969
-394
162
531
-219
-18
-597
766
374
182
188
-868
-342
234
543
-802
-146
585
409
310
335
-328
-619
-740
-661
746
833
793
-701
710
321
245
979
157
-936
521
-726
728
423
261
-281
200
-195
580
119
154
-62
416
-239
-228
-750
454
412
-657
-114
-777
-813
853
-763
642
685
748
952
102
530
563
-568
-160
914
521
36
993
-657
-910
-49
741
263
7
350
584
-601
65
204
651
-667
831
-519
-25
-561
865
-991
764
-481
-549
-669
908
-832
-411
335
-814
885
-536
-214
-966
43
801
-767
782
-390
-595
-902
724
882
336
-948
-792
130
798
920
-583
227
212
52
-252
989
-267
885
128
-170
-843
715
-421
-259
119
85
-732
-266
-107
502
352
-863
-449
913
-726
-362
637
935
-925
-576
506
-513
-213
452
-3
-396
779
907
891
-150
459
-362
698
-202
786
-63
-929
-333
282
-316
-576
866
338
-102
-294
-872
-22
860
-349
198
673
-218
5
117
169
82
-203
-659
711
662
-462
20
825
838
672
-57
169
-839
-163
-564
815
-263
994
315
-562
-388
656
612
-379
446
145
-454
-744
437
-173
412
-820
949
-985
400
-678
752
-108
253
-828
-34
-407
698
12
898
756
416
-377
-28
136
-460
-910
-439
784
273
404
-519
-117
315
-807
92
59
-749
336
-758
-684
-496
-653
358
857
-683
-619
-845
699
-51
-516
-803
-893
-347
909
-193
327
-88
431
815
-192
-671
-60
-764
545
-428
-98
102
919
-243
936
-600
494
573
228
-715
-212
-480
-905
134
764
501
-256
262
-668
220
941
-36
-538
2
292
-149
-654
486
-132
-998
106
-734
-435
631
-185
-599
-143
378
-137
-352
-693
600
418
325
-1000
-334
-117
-27
-92
-436
-528
-159
677
346
263
693
110
-702
-202
-35
-771
31
330
-710
963
-388
355
466
-699
621
435
-703
777
-809
331
750
800
595
-335
-971
615
-897
603
277
46
-797
57
-505
980
-595
-361
33
-444
744
-505
608
-244
476
298
765
569
324
381
-301
691
147
-742
-675
-34
554
-537
673
-460
-13
-846
677
-922
-3
-190
371
-373
-716
-320
-93
-838
32
471
277
652
907
321
936
452
-721
170
276
870
382
946
379
304
707
-744
-330
751
690
5
-987
515
218
90
725
-374
-209
-488
722
-833
-367
-212
108
690
-92
408
-235
534
221
329
34
-917
-588
-846
766
415
-53
-766
170
454
215
681
-509
-82
338
737
148
-220
-717
43
-447
-640
351
739
1000
-912
578
-53
541
228
-437
-457
4
350
503
-533
-408
835
-653
693
294
-988
-864
771
32
-92
-152
121
-115
-278
-334
651
602
42
-194
578
660
-917
288
995
94
733
719
-621
-68
-818
57
-327
178
-472
-387
94
292
924
-672
233
-35
-506
67
-336
930
251
-660
-681
552
-293
920
862
-297
1000
594
-967
423
-188
146
-644
643
277
495
169
991
-592
133
-918
-998
-47
18
241
896
-952
-375
169
-259
-9
650
-592
-697
903
-744
-774
900
663
-577
891
801
398
-662
-485
-690
-510
949
281
-950
-703
-968
-325
961
9
-134
-621
-224
621
-868
974
597
562
885
268
-446
-40
884
71
345
578
547
-950
1
464
-490
447
-713
-300
312
-280
-348
257
-965
519
-609
947
697
-973
954
123
-125
695
-235
-581
-629
718
-249
-234
-19
-852
-427
-879
446
-670
791
932
-872
398
627
730
771
-279
311
703
-557
554
-811
-557
808
-123
-717
-730
-305
-999
565
521
-365
-499
-550
-255
-155
-520
-860
69
31
-363
-338
-913
136
27
-838
156
376
437
151
-24
-290
167
865
-297
-955
767
460
-362
-453
-226
444
238
-540
-530
491
-654
761
-378
711
116
178
-585
368
-213
136
-418
-835
-253
-802
12
-700
722
-204
656
273
-332
-864
398
846
924
-734
842
506
181
670
529
-100
486
598
-709
-725
-366
786
830
-840
858
-951
-478
337
993
522
134
164
831
-780
295
211
-270
325
502
964
633
-460
-239
-928
-483
-745
-351
-707
856
735
-480
762
543
-331
209
-841
949
832
-235
-728
712
-384
-954
484
613
459
-190
662
55
45
-342
952
-4
-664
-914
783
185
-329
517
-657
621
-641
187
-436
-613
-816
-780
-700
900
-771
152
-740
-686
-887
-964
717
679
369
250
699
-703
467
-997
755
851
639
110
-929
44
-979
51
-619
-694
-367
768
780
-226
-871
86
-672
696
813
447
983
245
630
927
761
584
184
255
-520
-62
616
-285
758
528
177
85
623
714
-786
-132
317
984
397
-246
165
-421
-846
77
231
133
-393
429
912
530
-793
184
-106
-43
421
-502
-665
-780
393
813
-861
-939
-387
161
-112
-215
320
-483
22
-813
-311
-14
556
-517
-985
-169
-379
202
-112
406
-84
-610
1
-661
-612
189
360
642
858
53
353
751
-998
153
689
-97
445
164
793
-233
239
353
158
-687
905
526
113
729
346
-715
-534
58
-876
-41
-433
464
-349
813
-675
362
-162
-499
-813
-4
-663
686
-58
-590
-465
668
-438
-335
-29
-341
-928
498
459
984
411
97
-201
-150
901
-536
10
-33
-383
-673
521
1
-127
-908
-673
-750
-804
-405
648
-432
864
242
355
439
326
100
-728
-613
885
236
-461
473
-230
345
-638
849
-111
-650
-51
834
488
-432
75
-909
329
957
-446
-333
983
756
197
446
-642
-497
-283
-954
599
232
-917
-319
-726
-594
-531
510
-4
-280
-550
-948
24
-28
-15
-239
-258
-765
-89
-327
-981
-16
273
256
-943
-264
129
401
879
-374
-295
400
-152
-230
-316
-164
639
-667
651
-383
627
103
440
96
269
-562
-133
-221
32
-874
298
-631
80
-838
-112
-42
-667
-478
97
319
890
632
695
802
-944
-96
971
-247
-31
-277
23
-224
990
636
100
13
-297
-883
180
774
109
-749
226
-52
709
-658
322
-169
392
-280
-782
-548
-796
-789
589
-963
-414
-159
-422
-518
-305
-498
896
982
-1
-259
477
-411
-796
469
833
-620
192
231
2
816
247
536
-446
456
2
-118
324
535
533
741
-358
-738
-741
-439
-400
-173
-160
-449
810
33
-659
-818
-83
546
-711
754
455
964
275
-982
-587
823
479
398
-315
-915
-609
-716
613
-1
700
752
-941
599
407
-479
817
576
228
-997
-209
-124
-490
68
-986
-582
-442
828
-978
6
-772
-433
651
786
-483
-917
666
-959
780
-92
-472
736
-489
477
288
194
-440
557
-143
-848
-654
997
182
-378
-781
22
-530
612
297
-630
935
381
613
-383
354
113
34
206
-226
646
5
983
-987
-279
-268
-157
746
542
462
-361
427
-235
-513
-446
196
-667
562
-825
-692
40
-536
-351
-443
244
847
-60
654
354
-25
384
100
-701
-951
966
-337
-17
-170
965
932
716
-174
717
476
-136
756
127
615
157
217
443
787
146
-834
-634
672
-307
98
406
-669
-476
-399
-242
-795
633
805
-257
824
-122
-516
896
840
-577
-919
-153
184
-456
-410
-509
-806
345
-720
-501
454
-698
619
-274
-860
620
-480
283
-159
-429
343
-427
362
-961
160
-625
-337
249
-235
-256
870
-266
202
-138
257
712
805
-12
227
-939
-172
611
106
-298
-932
25
503
-684
-138
674
-860
-696
456
-403
-254
-952
224
623
-431
-873
-369
275
715
977
-482
881
-96
-598
374
-461
697
957
-807
155
-320
-827
725
566
664
602
895
750
504
884
19
-506
-42
-133
648
-653
-67
-579
417
881
-140
532
53
-752
-211
-135
-707
18
-641
92
102
-676
596
826
557
-892
-827
498
650
356
332
885
-599
-840
-11
533
196
476
-519
600
-16
-851
925
-551
-813
538
24
-183
-931
292
654
-481
967
544
366
-31
-114
518
179
638
-767
-939
642
944
642
110
811
22
-818
732
-313
243
-25
572
423
417
171
-585
440
767
-600
-391
-914
660
464
374
557
-732
156
180
-831
112
918
-634
-244
-807
732
498
306
-257
619
-193
583
706
-167
523
-535
885
72
929
-93
862
-741
993
662
330
77
-527
-670
324
-377
173
-607
-951
135
-751
-650
-515
-637
974
-823
748
-554
-811
-876
92
-510
704
318
93
-185
-479
624
144
-48
975
350
-435
239
842
-864
-977
4
530
-588
299
858
-695
-297
77
-515
391
-45
-650
448
-549
383
777
-744
-907
460
-971
-38
139
-807
530
-655
238
-724
548
212
-18
-146
-692
927
151
541
-31
992
-99
839
-97
-811
113
308
-766
963
-834
195
920
-516
-319
63
527
823
-256
250
652
76
817
-298
-12
922
918
649
973
-109
373
94
-179
-954
687
-551
507
421
-473
815
851
475
976
850
637
129
162
-806
-609
306
26
-900
776
270
-28
-37
-275
-493
-765
-40
-393
-177
836
-364
-336
932
573
596
10
581
376
352
421
770
-504
-441
34
491
-138
192
-227
315
953
437
-117
-656
412
320
-886
-727
89
-715
605
-320
903
137
249
358
306
-604
-797
-182
-835
-503
-217
986
-747
218
-82
-13
-616
683
808
-443
-682
110
-263
-569
-584
-143
180
268
578
447
-913
882
-615
-86
-288
265
-81
846
-585
792
-697
453
737
792
-617
-308
-297
-225
64
-678
-282
15
330
-834
-886
-560
293
84
351
-762
-50
-899
-117
-546
-409
-963
988
-390
-753
275
-575
114
417
-366
-449
438
534
523
-25
712
-427
382
287
478
206
-166
-774
747
-595
475
844
882
203
-55
95
668
686
-586
90
544
-10
837
596
-629
947
561
-894
954
343
-502
-839
-460
-665
-697
-535
859
-627
-435
-674
-481
-235
482
613
713
724
169
396
-616
-90
658
24
483
595
298
-310
-394
-295
-793
-372
990
228
-42
-40
-176
-117
860
-204
30
-14
-532
-505
-444
-31
-956
-919
-348
-456
-728
-208
19
30
977
-205
-761
-631
405
-948
-619
-614
-148
816
904
-823
-243
987
-673
-440
-818
-247
