-952
553
861
-31
796
-784
-635
242
-862
500
987
-90
-644
880
605
-689
16
350
299
477
-670
427
-778
185
-677
-576
-581
204
-166
422
-250
609
-166
749
157
681
279
-112
-934
136
442
321
-102
-529
814
235
905
870
-338
725
416
151
-37
486
-864
170
770
-941
-329
26
-348
381
399
-453
-92
671
794
590
-859
276
-408
115
26
981
133
735
610
-453
-813
327
529
410
269
-820
-977
256
-842
-880
919
63
-161
-988
253
235
-755
-686
-643
-838
-977
735
-807
751
-533
93
-849
-452
563
-331
99
-65
387
665
-968
-507
-873
-979
923
193
-973
-68
778
-609
-654
-489
702
-35
-954
-882
54
237
227
-859
-846
961
783
-812
82
813
789
-558
-308
-425
679
-185
-652
770
-624
760
732
-690
-903
188
63
-552
201
-278
489
431
960
-614
830
628
-887
-708
696
-986
-659
-211
617
-540
-6
10
122
-121
685
820
811
55
166
770
823
778
-651
149
381
-12
-864
-6
735
-452
957
875
-258
952
-329
426
83
-859
-829
-5
767
-223
824
-806
3
651
-508
-695
-539
-137
-164
430
855
823
38
-308
-612
-322
978
-344
943
722
-380
-520
435
426
715
708
-631
-313
408
689
-944
62
-933
15
641
986
225
-729
514
-564
-545
150
110
-313
-95
-811
-562
-780
620
64
-365
766
-531
-701
682
298
269
686
746
901
237
88
793
747
-71
875
-652
952
-702
833
-808
-95
682
-777
530
540
-417
-213
-135
-103
-667
-702
-133
-586
347
-611
-513
820
0
702
437
-500
76
51
-970
354
770
857
246
-537
-529
966
50
-850
-584
899
527
232
-343
-379
-36
-528
797
413
178
-360
-797
327
-517
77
-618
831
-458
-966
-632
-371
-34
510
-693
106
668
477
-991
202
-688
-877
884
807
-492
684
373
991
303
838
-318
-442
646
-202
-260
922
313
330
-98
547
-32
-745
-811
-956
-964
-106
309
6
614
-404
874
990
149
-695
276
-481
963
979
675
-972
35
892
625
979
-735
589
-893
283
-470
447
999
-192
862
-958
-657
-195
-804
-104
845
-914
481
125
921
887
-348
-929
626
228
1
-336
221
204
567
861
194
113
553
480
-875
-185
512
-145
-615
979
587
352
382
579
-63
342
-855
-605
-844
-462
328
-570
-387
654
-8
-327
-950
200
264
-776
-795
830
373
689
230
634
-320
-545
978
-321
979
162
310
834
-668
85
232
42
-425
168
403
-410
-67
287
782
315
327
-485
664
605
204
216
-595
-500
-764
567
369
-355
189
-385
734
519
888
-173
12
-540
-748
-245
-439
933
101
398
-393
-242
577
392
952
-82
566
745
-426
44
118
291
-801
596
269
932
-39
-697
-88
-623
-613
-808
-207
845
-326
-281
-845
-146
-671
848
-132
919
-968
315
-645
-269
-831
-615
921
757
332
931
-630
-822
9
728
-15
672
-80
-707
-552
-512
-66
-108
-962
476
216
-624
626
31
116
548
-494
-807
-331
-156
773
-359
-904
178
-358
-991
835
-684
-768
-758
96
-762
416
89
-18
46
176
730
753
755
-552
-893
-616
462
-496
895
660
-421
-234
248
-424
613
454
649
-587
-737
-134
-862
791
789
-412
672
-726
828
-341
-395
244
503
-665
-22
596
-51
428
-166
292
936
-622
898
-653
643
862
991
162
-63
663
172
245
746
36
-134
951
-681
730
-274
-636
175
-14
2
-519
487
386
961
-669
744
550
-563
237
-72
-344
470
540
-123
620
-194
959
741
-514
874
-482
440
651
-741
-945
-143
-737
384
810
661
-218
533
132
212
-111
-619
-344
-145
656
14
-503
638
369
591
-816
997
650
-272
775
549
42
-703
-207
771
-780
7
-776
967
-18
-978
152
206
808
-951
926
-55
-775
-819
-318
-546
-446
206
199
-82
9
-534
270
-868
211
-883
226
126
-644
279
-761
-51
695
-843
708
-341
81
-368
93
-571
-22
646
-263
-959
-54
-831
57
239
667
-475
-198
213
949
331
-110
-153
328
-504
-675
984
600
-116
-23
358
-144
-909
328
-827
888
296
-458
-414
5
-144
762
-429
-33
-767
168
-80
847
-380
-422
-965
809
473
-178
66
47
-32
881
-121
764
755
-980
998
-366
-816
940
-409
-288
604
914
-723
574
-157
-765
637
723
28
670
-777
794
403
-528
-517
-582
-854
-954
-465
-402
365
961
609
-515
663
567
-182
56
-636
10
-582
-561
376
-149
-186
808
689
-401
425
-401
696
-910
661
762
475
-508
-370
135
488
338
-463
-293
-348
55
139
-257
-961
-884
982
-670
-744
-878
674
-431
641
-19
-398
-615
-446
537
708
676
58
-32
-756
752
391
-711
-620
-551
217
-863
-800
270
-297
-921
-178
-514
-644
-713
-652
470
547
-614
918
114
-316
-127
39
183
611
340
-490
-809
-158
761
398
-674
-447
704
673
500
222
-519
227
-413
-78
745
251
34
609
-17
571
-626
941
-920
145
-614
933
-974
-890
-676
852
-169
-188
303
262
496
957
-861
855
-853
901
-468
263
658
747
544
-568
427
-779
489
-906
403
181
667
454
984
176
431
-334
-595
516
654
554
927
845
-199
-132
627
16
624
-397
421
357
-826
-211
274
246
-208
-105
-468
-223
293
171
388
724
-339
390
857
-451
-902
691
869
906
-932
-160
-797
-367
451
186
-906
409
647
412
-749
-206
-932
-680
27
-568
92
129
568
19
878
-789
-965
353
543
-883
694
723
-541
612
-945
-656
-179
-763
-92
-847
290
-40
796
948
191
-945
361
207
-204
-302
780
692
551
231
44
-994
-533
765
-530
771
217
972
-657
319
-32
839
-611
-468
344
-570
-498
518
557
-704
166
-947
-332
-609
-944
-139
-296
-856
-88
-269
8
-267
-244
-472
-15
222
740
-11
150
-716
151
779
-395
-796
198
-849
504
583
-913
-929
891
969
156
-739
-946
-534
326
-670
128
861
-276
-635
-773
-301
559
-365
-564
-512
86
653
776
-576
-729
-473
-309
749
162
411
699
-45
730
-119
-40
512
-897
-313
520
249
-749
195
416
-470
817
-860
223
194
-811
-961
948
-834
-75
-160
560
871
-87
-24
-779
-659
-877
-952
-726
-699
529
-854
-420
586
-659
-758
132
444
-73
429
-884
-971
-388
-664
-274
136
248
-391
-828
491
-816
-2
506
-501
-519
-849
-357
-636
-789
318
-212
-68
-77
-142
252
-980
120
807
37
-528
577
135
-804
-509
-707
-965
-885
-815
776
72
373
-858
673
-441
-662
-642
613
-179
502
228
-673
89
-631
-35
-472
-833
-468
-202
523
-392
-740
-573
503
826
759
35
-206
550
58
463
-660
-534
-500
352
381
927
-767
435
269
-738
-369
279
402
-619
261
-973
-580
-198
480
375
229
663
-982
-567
-745
405
234
-960
747
-71
-730
-250
-513
-523
-914
325
590
-303
430
-318
-195
-150
-900
-680
882
454
449
47
630
281
503
396
713
-357
607
732
-826
-534
-947
555
-518
271
978
189
357
-480
-424
305
10
793
631
-841
-679
506
825
304
-336
336
-962
-851
631
512
-838
-588
967
-67
-610
-256
148
-484
-508
-648
877
215
-366
-767
794
-411
355
491
848
76
844
-809
-106
643
-85
-586
831
-317
-386
657
-625
861
-510
-462
771
858
242
977
201
960
-914
-985
921
-971
544
658
836
978
-454
-270
15
-470
438
-6
-829
744
611
-16
701
-35
-790
-491
-240
161
41
463
706
128
196
-559
733
-771
4
439
-525
869
954
-512
471
755
292
820
-70
355
427
-799
879
102
-524
363
-433
642
-495
-311
-456
748
-207
711
817
344
779
-632
43
-205
980
467
66
516
-250
882
-216
115
-643
-405
-96
-587
640
516
790
86
-810
-383
-675
241
750
954
-762
-470
-669
831
-186
-744
-17
226
155
-477
-666
977
650
-805
-633
-306
-310
-623
648
-365
894
-831
889
502
-732
124
288
732
227
-142
327
12
559
557
-661
-721
245
-124
836
796
607
937
209
-833
95
299
318
-436
295
-38
-33
285
409
-382
697
-850
494
536
113
544
401
-788
746
462
-681
493
-198
-448
-18
335
-871
324
-17
155
-786
-565
69
78
835
-877
499
-539
-677
991
777
-299
-764
-965
278
547
1
-161
-605
-178
258
-173
626
-633
967
905
131
-172
-664
429
635
600
-127
220
-26
488
-676
-280
339
-747
716
707
-893
-584
501
478
326
19
79
394
-614
-846
677
702
-131
-423
798
101
-964
67
781
-170
-192
857
-667
-663
177
-820
-922
507
802
87
-295
743
-918
492
23
-718
-474
375
-138
-252
398
338
-176
532
246
-747
856
756
698
-952
873
725
-489
-599
910
-839
966
-313
-228
-758
-516
438
649
-662
-909
-464
-734
-616
827
-309
-635
924
512
659
970
-698
284
792
-675
-967
-280
785
179
-433
-987
-979
-248
-163
891
742
-545
-417
-945
616
636
799
645
-227
-885
500
220
957
-228
753
110
-862
-18
298
-984
630
-853
704
264
-666
992
-981
-571
798
695
-732
-31
438
-7
974
-874
750
-679
-768
25
116
600
-409
660
-357
-921
267
872
911
-277
-582
49
-711
-256
-750
833
804
829
991
917
-15
575
874
254
-884
998
360
-193
294
753
418
209
-262
279
662
-139
646
847
-523
-526
-871
-748
-177
-732
899
942
-241
166
-804
-547
408
-921
127
927
-521
155
610
330
496
-442
-564
-203
-390
-408
-483
-492
801
-68
-351
-303
885
-845
555
44
438
-326
-580
-598
89
-549
-194
-514
-174
875
-52
-844
72
365
906
406
-354
510
4
-337
790
-365
-126
830
-755
210
-799
816
258
-914
903
589
-420
301
-529
-323
-404
490
-892
970
-980
-951
-172
1000
922
628
-387
430
-138
-812
943
680
314
-1
610
903
899
-521
-796
645
148
742
524
-8
884
-202
-157
664
-637
201
414
-456
-588
-346
-958
770
-429
351
-286
-24
-674
494
-470
-261
-442
-522
-887
333
637
310
-98
-202
236
-841
-361
630
-100
795
-153
21
661
863
-401
335
793
507
-299
-886
57
273
-753
263
614
-718
-416
100
628
648
-974
-167
-129
971
-62
945
-933
-345
793
23
-547
457
-759
-13
451
-876
579
-309
899
-135
125
-90
810
195
838
-524
-994
563
-350
-148
-492
304
-501
-522
338
-751
-180
921
629
994
847
0
