-600
-153
154
-375
328
-769
565
-193
38
63
985
-900
-73
468
898
716
487
-173
106
-899
-111
706
208
921
914
-980
-861
432
512
853
-334
-961
218
-915
882
315
-581
-719
-547
-827
-706
635
-505
137
573
830
-598
263
-773
-275
809
-337
-314
331
885
954
-124
872
756
-447
811
183
78
-749
800
-715
-926
44
-465
358
145
-821
968
779
-780
-860
280
-508
-844
901
-124
759
-115
-1000
141
202
986
-852
455
-918
-879
-40
161
-737
-922
-380
-834
-371
-738
537
85
253
-202
-140
-527
32
-615
338
48
-252
-911
137
-845
509
573
-3
692
442
102
-613
3
-951
322
-769
67
651
-826
191
804
765
949
-18
993
678
-260
-929
-932
-860
-624
-367
679
995
-721
-828
83
-141
610
-77
-378
376
700
561
744
35
698
-769
264
916
614
948
-71
-312
-252
-811
484
810
663
345
-159
-409
-294
190
503
-711
-612
-78
-47
59
247
-448
-413
-664
-396
-68
863
217
490
-153
349
434
813
-216
-156
-593
998
769
887
-42
476
191
-44
141
-720
73
-334
-322
926
-535
-416
978
202
-979
657
290
715
339
-426
896
-271
522
-557
-435
862
-840
-615
-441
843
-597
994
-511
628
-417
-561
236
-872
317
-67
634
553
-459
382
32
-48
-603
-571
679
-952
845
335
-448
306
-508
-420
-27
819
206
-4
-860
217
15
463
-798
-917
-871
-240
671
-445
-478
163
-414
-142
-529
637
58
-718
738
-773
-343
264
-81
-187
743
756
-289
-873
789
729
627
-874
187
314
376
-567
961
-879
417
-158
30
-29
197
-451
-554
-46
-102
969
-811
184
556
-321
-826
170
-159
756
-840
-352
-194
140
593
645
-607
-631
-195
287
-838
-494
-565
764
-88
-795
120
-291
-601
288
919
-552
395
-738
-754
455
-554
507
825
366
-828
-251
-128
-754
830
-900
670
414
342
-972
-424
-472
-432
-482
-332
-627
856
648
-569
840
476
-874
889
-563
-751
496
-96
-151
-249
-861
-815
-327
-632
430
-373
-656
-392
475
304
426
-120
-10
-669
-680
567
656
641
438
-987
66
702
-916
863
355
-514
-330
860
-601
933
-25
-808
90
-852
782
96
690
436
684
-791
-796
458
-316
726
-107
-169
-732
195
371
-807
-700
-914
245
266
-146
-786
-573
142
397
-452
909
-919
-200
650
833
-249
713
934
-884
-233
788
-206
-210
626
-679
-460
961
-820
439
-622
-794
207
620
-103
-423
411
824
370
492
519
42
-344
100
185
492
453
748
-18
477
-228
-800
155
-407
-528
989
-408
954
572
457
-543
623
-691
850
-665
794
-26
-588
185
-385
529
108
-458
809
492
-67
106
532
-505
-507
-455
555
923
337
-156
-957
-471
438
273
486
312
683
-701
72
-384
-458
883
329
-727
-554
-783
708
953
636
221
-147
-890
-648
20
819
-924
653
488
30
606
-514
410
731
128
-19
21
109
-939
-955
281
-635
-160
283
-191
-169
-933
636
-471
327
513
259
-346
862
-924
-800
-796
-608
-650
565
444
181
143
510
976
575
-748
277
325
842
168
-988
-329
419
-53
-506
-910
-930
-258
-518
-304
-93
-551
-640
384
-135
601
-614
-55
569
-612
22
-368
-240
-146
-938
723
-432
-544
108
-437
-731
-945
912
-569
-608
-982
478
97
-571
-338
940
-315
-916
-242
-252
-377
-793
207
302
845
836
292
-873
-71
47
-226
-847
-421
237
978
-377
673
158
-729
930
-842
-584
-352
662
107
315
-513
54
14
366
999
218
254
887
473
-58
670
35
-753
-86
-108
696
-475
-70
-596
257
652
518
-107
602
769
-900
812
329
304
771
-508
84
243
-469
-391
-437
-605
-349
-966
486
-970
150
192
-708
203
-768
-787
-638
785
582
-210
903
-585
371
-466
-840
-144
-305
281
-230
495
880
-830
-200
-517
-167
-242
118
600
-216
810
-856
347
-87
762
-630
588
-370
10
-86
12
126
823
660
933
-101
912
303
509
812
-592
-473
806
-951
-947
620
-775
523
964
530
-274
-507
-74
568
-575
-650
-912
646
-695
276
-25
182
-228
-458
6
-555
-956
398
671
499
27
-932
834
-764
-727
-686
311
682
413
141
-292
-778
-720
104
754
-825
-407
-392
-534
-61
137
79
824
516
775
-326
-963
656
-539
-369
-958
-362
465
-980
-236
-894
655
909
424
-372
274
-650
306
744
-746
440
538
-473
-433
-95
-725
106
-274
-898
-739
-988
-392
807
299
701
467
-752
-89
84
-460
-751
773
-454
902
831
25
395
420
357
-213
740
-11
422
899
-679
-939
727
153
472
85
-277
-309
-475
-136
916
78
391
787
659
-493
-511
434
67
406
505
-347
-111
570
-912
-173
724
1000
696
995
887
109
112
532
146
471
-873
-972
728
-553
-978
-390
918
198
902
911
861
-195
160
165
-345
613
143
-289
-367
-681
-93
-522
-742
-620
566
-577
387
-852
-162
799
519
-101
-136
-209
-157
-466
406
270
801
357
33
220
307
739
381
404
286
421
986
750
-353
-624
-743
978
-179
188
-822
501
-909
288
-954
-269
756
391
288
-546
-570
356
872
295
-331
-463
-487
-630
700
-187
-584
-220
72
-684
539
-428
-477
-59
-415
-70
105
-163
-145
265
564
565
61
-782
307
-957
131
118
817
-400
422
665
-10
-736
-984
480
-503
974
22
-726
-973
-674
274
-750
-817
-839
-45
-685
343
-963
24
951
425
480
55
316
272
39
-577
888
917
-885
581
768
634
-538
125
557
589
640
402
-689
-8
133
614
395
773
987
118
-162
91
912
62
668
-458
-216
846
476
-459
680
180
590
372
618
-968
89
584
383
-543
77
110
-549
-315
428
969
-6
518
622
-653
-732
6
-622
277
-184
784
839
-991
-178
-61
-395
97
284
-52
-676
203
828
918
719
-808
-395
618
-528
856
-821
855
927
779
821
414
-963
31
565
-400
533
-910
-857
601
158
-126
-584
284
875
-905
-588
-230
501
652
-113
34
800
-208
626
640
81
532
453
-816
-980
126
837
381
705
175
-740
-909
599
-174
478
16
741
-921
-693
-501
588
-103
-71
-445
840
98
-801
-615
-772
509
-567
-726
-73
-290
92
-105
-924
649
490
-546
-88
-458
972
122
-808
-114
860
-10
-755
629
804
39
-995
764
-813
-588
-927
-973
-780
-158
850
436
447
306
-731
-411
-278
-199
330
-844
-484
869
-589
-46
-617
847
534
626
959
533
653
280
-358
832
-635
58
-273
-250
165
-345
225
-289
673
-771
646
-54
-783
-948
188
579
823
-597
152
-264
-214
-165
903
299
-626
141
-218
-374
755
-990
-593
65
-390
232
-938
650
-434
157
140
190
602
-385
-460
-749
-331
-257
-949
271
-408
613
583
-3
-297
-883
-341
596
-413
7
312
-90
211
-633
-511
-90
-124
969
-985
893
764
-795
-866
396
79
-882
631
280
755
-22
104
192
753
419
-991
491
53
-962
-150
-469
-719
517
348
375
-894
351
805
-289
261
-879
464
729
-13
906
818
744
-354
219
-166
-153
720
-860
-727
-397
249
347
-277
722
82
970
-429
-751
582
761
-201
-839
821
514
-127
668
-115
-635
-604
-834
-31
-420
642
310
-423
-237
-810
-564
863
903
808
-182
308
-306
-659
-686
309
-977
648
639
-276
-804
-336
-438
-904
-615
397
332
-653
-365
-264
-108
-905
523
272
576
971
578
180
-596
475
707
721
500
-556
642
185
382
558
584
605
19
469
185
-773
-624
183
-228
764
354
-399
396
-87
398
58
-515
230
247
557
764
-776
-18
-277
76
947
-820
-70
-259
458
-308
79
831
652
9
496
-547
270
-320
-934
145
625
-605
427
480
-30
162
-999
-324
-356
680
-897
-129
793
-299
-130
520
-777
959
-506
-29
477
972
805
528
-632
661
681
-705
-61
505
776
-731
257
838
447
743
420
-181
-278
394
273
180
201
542
-647
-947
-808
-628
-100
541
935
965
-82
12
41
30
-496
132
-872
277
-249
-290
10
9
-758
-794
967
-813
541
732
-63
732
-157
875
626
-764
57
680
-176
-984
-647
24
836
5
-662
-428
700
-350
915
293
78
-19
597
538
270
915
152
744
-218
-539
632
-21
-83
686
335
-181
215
211
254
363
69
-865
-101
-559
-10
-344
41
92
771
39
862
737
-415
727
-374
-954
419
586
646
677
-949
370
597
644
978
448
-415
-229
-916
-69
-705
976
280
-79
967
844
926
-522
664
-367
-323
471
-464
859
504
765
-839
-27
-338
-877
-746
421
236
-340
713
-42
-997
216
953
-905
-746
-179
-157
-749
237
82
-791
-408
5
832
-545
979
292
-405
285
548
-199
-667
-279
-838
826
-550
-198
-292
230
-742
-388
-810
704
618
-167
-659
728
-320
-536
-948
-585
-650
342
-594
-238
433
-78
179
-381
304
185
957
516
77
-305
432
929
646
-944
-32
-129
786
454
-161
929
-543
268
822
638
-554
617
-758
290
480
569
-722
39
-115
-943
-865
483
407
-929
-569
264
-329
511
-135
-575
-429
359
-24
100
-372
-578
-201
245
-715
-728
-784
-475
-611
-190
288
-98
395
-55
-288
445
-483
70
974
-792
-576
501
-594
-498
-313
-234
790
823
-369
-404
-574
-381
-480
-707
-193
-411
-499
595
399
-884
-229
-391
108
430
827
-412
-516
-588
-470
118
-97
-366
959
697
254
-779
-342
-388
841
303
486
-415
92
393
-330
223
-115
949
-485
-918
41
-755
44
242
-438
244
780
347
187
-759
343
986
961
-197
299
-108
746
-482
-591
699
-526
628
446
-744
470
680
-262
-172
-605
-208
-229
40
810
482
-490
288
-146
-457
-859
432
618
178
-647
-101
-414
-594
-840
539
699
-406
117
-224
475
700
-599
356
700
-781
-419
47
-35
646
-608
-364
-125
-82
-16
-143
1
-647
-428
534
-160
491
-656
-959
864
-967
-349
-765
685
-929
-906
-233
910
744
189
55
-179
67
178
-940
32
840
-546
79
-219
-676
775
-713
-208
-678
647
92
534
-213
419
-787
803
-52
-843
211
128
739
855
389
616
250
-845
-689
-678
-520
883
-675
50
538
662
55
324
906
-975
775
-542
665
943
-51
355
-770
-646
-915
406
-778
-208
730
-284
-267
565
-779
154
328
-384
233
-287
-116
735
685
-486
708
-4
842
652
535
-516
198
193
121
53
620
477
780
265
-741
-665
-820
529
-163
-50
-79
-211
-648
-493
141
-365
-802
685
-769
-549
471
214
-196
639
-321
-276
-297
-158
-565
699
843
93
-198
-761
-22
906
-527
357
-25
-979
147
459
-625
381
-534
800
-457
-449
101
317
993
241
228
430
855
650
-981
-572
285
-933
-35
-534
299
-865
195
-563
668
507
-708
-839
-637
992
726
-968
628
461
258
441
453
298
-881
-570
-902
958
-340
658
-522
-616
174
721
232
195
539
-229
-678
245
323
35
139
366
377
751
-835
-257
366
47
218
323
-458
825
427
-531
503
-357
-935
-910
-785
979
298
412
-292
-10
-135
-117
-991
-957
-709
236
788
207
640
-269
907
79
712
-740
-699
-698
595
615
-750
-532
-569
-507
320
-318
297
-672
756
601
289
853
-430
-669
-23
-10
243
-805
237
-656
-35
13
677
906
479
823
301
-363
616
911
-45
-616
-912
-71
-87
-868
-993
-373
133
919
873
-279
522
-768
-911
-522
326
356
626
-904
-706
-934
899
510
433
-135
-186
-938
-811
-350
116
-289
236
-184
773
-510
-611
182
337
-361
-946
526
-811
10
191
-268
-416
-468
-63
502
204
220
-583
710
774
-384
305
-145
283
889
-608
-555
-329
840
145
-67
37
-47
807
396
-180
-733
315
658
632
-825
-994
959
-50
938
-901
-149
106
662
446
-570
225
-377
702
-369
-208
-434
-214
-519
121
829
-105
580
767
-356
970
-390
890
-969
517
462
13
616
-118
21
-14
-903
989
-900
-215
-545
-19
-807
-527
483
-181
4
928
-262
-892
251
105
-352
993
461
241
-122
47
-148
960
-522
-78
108
-734
688
15
210
462
-958
-140
-92
-200
130
-47
801
-610
717
456
-80
-978
-574
862
19
-218
-183
-291
342
59
-52
502
908
365
-393
-718
204
986
-256
-443
-891
37
-375
-710
-82
857
794
546
-952
64
-781
836
-43
-405
-497
-31
264
481
244
967
-129
839
354
-226
-379
-376
563
-712
-551
-269
-321
245
-574
-182
862
-751
-97
582
-307
-174
55
-376
33
651
-651
-963
506
-226
216
128
-648
984
907
591
793
370
-901
-629
24
-355
-212
-816
-559
-144
681
-133
939
-810
241
804
-59
49
-921
127
435
-192
-6
-443
-616
-284
885
377
510
362
-330
-447
-72
593
112
-961
741
-563
-872
638
193
-276
-363
909
344
422
-271
-990
629
342
-186
-520
-431
614
-22
278
-186
-458
641
-23
-843
-513
969
682
-296
472
152
5
-656
234
-234
436
199
746
-650
891
778
296
845
759
-675
-821
-36
-472
-56
-244
92
801
-469
193
43
703
-628
-313
136
828
113
323
44
-78
834
26
-949
-574
925
-438
-149
277
534
-356
449
21
-374
-329
-816
853
805
863
969
486
-297
-86
459
-452
584
-392
-532
250
-394
-167
421
-708
473
-967
671
471
-700
-544
-767
-913
-911
946
720
943
80
-242
-259
176
144
-501
331
-37
420
-968
-967
-70
-84
11
408
-316
-258
-200
642
-106
684
559
579
-50
-800
973
810
-201
395
622
-242
-907
405
780
-9
703
157
93
-919
376
-891
606
569
-652
-179
-667
-240
-687
-742
-736
475
-103
222
362
233
-864
207
816
-423
-468
47
-612
-704
-762
-712
54
789
-945
-7
-269
-514
630
633
-17
635
-139
659
-982
96
411
-964
-255
-674
-502
171
-665
263
869
18
464
943
541
248
-128
529
-69
377
502
-606
-608
610
773
-216
361
-147
-426
35
342
-309
-841
424
-241
-378
-459
-890
-990
-262
-663
-140
-116
-83
-265
-992
-222
901
-193
612
407
957
497
310
-572
720
-91
-18
-185
119
943
-605
-460
-769
128
-515
-357
284
15
-644
-280
-912
-994
858
450
-316
519
-437
982
-416
65
-62
973
373
774
-635
-133
-729
456
301
-117
436
812
223
-835
533
-590
-678
396
856
399
-721
63
-882
68
838
-793
-215
548
604
-834
-556
53
981
-989
-401
-227
992
199
-529
666
-299
-64
760
-289
-810
-9
-686
214
-534
726
242
795
-815
127
34
955
717
-466
-803
909
-406
-581
-931
-729
786
288
309
267
-380
-564
-661
381
-504
-186
-213
522
-438
193
104
-954
-597
841
797
-967
425
-731
631
-205
29
-651
-787
-621
20
986
-363
229
-58
956
-898
429
37
123
245
593
838
292
623
-970
-155
932
659
-268
-577
6
712
180
878
931
-936
738
464
212
876
370
6
-120
-421
-251
-592
-462
-762
-489
-572
389
-233
-878
-738
-544
-162
123
243
858
-987
639
-230
-430
-606
-336
-120
-985
762
301
-910
72
-516
486
240
-764
73
756
39
72
414
-923
-68
-723
307
89
253
-860
-702
10
-982
729
798
994
155
644
-722
-946
693
-757
711
817
291
-881
299
690
631
-933
-366
424
429
756
695
-929
3
558
232
-708
510
594
-178
-129
-918
497
751
635
472
584
-915
-81
-482
-816
665
-950
275
-77
-231
81
477
-892
-948
617
-790
-222
-368
107
-400
267
350
482
894
-256
-605
614
-389
-569
501
-488
981
352
-245
-124
720
145
506
-789
-598
-870
-945
726
52
-948
-322
-670
-982
421
851
797
-30
940
-200
-467
887
617
-586
-911
564
12
549
650
-532
-657
5
-162
373
-26
-131
-840
422
-552
-474
324
-748
983
933
-234
-874
-664
702
449
-510
256
812
-240
-860
554
-697
957
434
639
-387
608
117
647
379
558
-648
-959
-544
780
750
527
778
594
98
331
-613
-459
-27
-764
855
995
-577
810
228
-5
-889
910
17
-548
-638
-302
-695
742
872
436
467
597
-143
-206
847
-466
-11
-767
175
-954
530
786
-27
-294
357
55
-620
-156
-708
65
127
923
-552
-200
141
-749
-964
-706
-945
-20
774
922
-291
39
-522
-40
-440
-233
599
-303
-423
-861
939
402
285
-947
-808
-573
223
-892
616
-994
74
-239
354
-145
12
-663
608
-526
345
-733
228
-369
511
-159
703
-256
162
725
-854
-996
269
511
-221
326
814
442
596
768
-615
-59
696
-142
-841
-178
257
-637
-256
-120
954
-113
-558
206
-790
262
252
713
-714
241
397
96
-633
417
-716
677
-532
-833
-613
836
208
189
-498
359
348
494
770
453
-215
222
-717
-126
-143
-65
-788
246
215
-576
726
-366
741
504
257
-599
-631
904
-722
588
235
-453
-247
729
-500
-953
-864
665
-792
-529
-420
-158
954
353
-954
559
193
143
-581
-811
35
284
-633
119
350
-836
-800
233
-695
878
-441
-767
741
58
-521
-744
-673
-243
667
-144
996
872
-479
-13
-814
-604
-98
-372
355
14
-112
900
-186
983
-991
-545
625
934
-833
-789
88
245
220
-596
179
521
445
-855
576
-96
-872
-783
806
880
842
-364
793
-472
859
308
-301
220
-500
-777
-283
-47
-113
-307
-130
-358
-447
-186
-106
-691
129
-368
693
-236
-456
249
51
-811
-116
-879
-989
157
374
946
-725
-894
314
335
897
601
32
678
555
472
829
-403
158
-489
-261
694
-502
-879
-906
402
-476
-187
189
7
-91
-8
-108
-776
91
-39
-222
-760
639
112
575
-623
185
514
512
-667
-438
-793
-641
-89
-237
290
468
637
959
0
-326
-817
-765
147
258
743
-342
-118
255
-562
724
957
-779
455
-239
644
-968
787
-579
-575
-928
-865
-415
-664
-781
-403
-319
833
129
-196
-895
-721
68
-453
332
-519
617
316
-286
-689
589
948
-952
-28
364
-736
-15
-349
-716
455
254
-592
-228
-897
-244
-564
-768
927
-755
784
-141
-400
-34
-308
633
-474
858
-813
309
46
-931
-979
239
472
-827
-83
546
-223
-446
-405
-627
-872
-569
112
22
-940
20
733
-849
205
966
32
25
-948
200
-386
-292
500
-59
664
320
236
-150
-471
-249
991
-692
-143
-583
899
595
935
-956
923
456
-368
979
24
29
-559
-702
711
-205
-845
616
40
-530
-712
403
-665
744
-324
448
-609
214
319
288
-268
26
-427
-804
-821
945
-828
-512
416
-84
739
554
22
348
-83
-153
-83
-625
297
137
-525
61
-628
254
-732
271
897
-129
386
142
456
211
402
141
-820
35
533
-812
-27
-802
-722
184
571
-178
331
465
461
-997
474
-815
-290
-701
115
518
565
-397
-392
-534
-172
-302
-351
666
684
-620
-236
-816
-322
134
-348
796
609
318
-316
552
561
713
502
1
-88
-942
607
645
954
-796
324
-111
651
-472
377
-947
52
557
-698
2
-187
-495
-173
-75
-346
-377
-782
299
-971
210
-46
-371
-155
-226
671
-832
-856
-882
-639
-98
-467
-109
-866
872
-459
938
-864
552
304
-48
540
-433
624
872
-520
590
269
986
-118
-51
606
401
287
848
3
-119
661
653
222
-738
-486
-627
-920
-629
260
-888
-64
-122
-818
-299
-905
-704
-934
-675
-405
470
168
36
-941
-336
-158
-262
703
-123
741
781
-940
472
388
79
682
33
-245
608
527
814
955
-808
433
-656
-527
-257
-391
-807
679
599
-521
42
803
-938
10
344
518
547
501
616
-485
-323
831
374
-970
-773
-288
41
980
808
165
861
939
542
36
633
-283
-910
799
594
666
423
169
-460
280
-449
-212
-805
-856
237
851
160
820
-513
-940
732
860
-817
552
-893
754
897
693
567
851
490
-221
89
-821
-904
-780
-684
245
905
-64
937
333
649
248
441
599
-257
-168
199
383
538
40
966
46
-240
-104
-925
-788
121
-405
571
974
571
189
-834
448
-25
835
-441
-277
-517
757
116
-688
-331
-461
-426
117
125
-547
-269
306
-976
231
158
-771
672
880
404
30
653
-833
-909
-745
-922
524
-541
675
154
431
776
-657
-48
-866
689
988
-645
-80
-232
596
932
-833
-401
916
742
133
146
193
68
-964
177
805
956
-121
860
966
-8
98
794
449
898
-521
651
-475
-271
530
531
-605
-572
-921
-154
786
870
87
-422
-942
-184
744
-631
293
-961
518
145
755
465
-606
624
-150
363
-867
-134
-70
143
32
-354
124
781
-913
702
678
719
-955
-798
-609
-655
225
-49
498
799
231
208
-348
165
188
837
275
822
687
932
-415
-579
-294
-723
386
264
-723
133
202
987
85
-472
-351
687
380
-154
-598
750
677
105
-341
-1
-349
620
-990
238
-490
-759
-658
-460
938
-838
521
349
896
-239
543
-295
-65
-285
-962
760
-998
191
929
429
852
958
-562
-612
-295
-415
809
-285
-877
169
-782
380
-788
-960
-421
-906
-38
-286
-623
893
682
166
792
-756
404
46
972
736
-901
790
990
-280
942
118
-220
-836
-21
-701
-326
-736
572
794
283
108
-932
-494
-403
681
992
-335
-652
-240
-392
-274
-683
986
-140
79
-52
64
703
141
129
454
950
-735
-376
349
-37
-160
739
695
-390
-700
-834
108
700
-625
890
64
-812
-190
56
62
-590
-580
292
-24
-5
105
992
-220
144
-598
459
96
-625
233
141
879
-896
616
-363
-703
-671
-302
-424
-128
-748
966
125
-139
741
-152
111
-113
-134
-596
454
-979
837
35
-606
-355
-715
-369
706
440
-664
776
-352
-595
291
-320
-113
790
-562
-282
954
480
-351
-719
-21
160
-69
-847
-901
578
595
-474
-917
-548
-153
225
-736
-805
894
286
-961
-69
-618
837
-537
-676
-558
-97
519
189
205
725
802
-214
617
-686
-76
871
-347
-68
-274
368
416
-751
-96
-707
897
119
249
258
-692
-771
-414
-275
346
-217
562
-780
-750
287
-429
-848
195
469
-696
-113
-939
829
228
671
-98
623
264
392
-97
-666
-946
948
-150
-356
493
-332
-846
-564
-354
-450
128
-601
-673
508
963
525
723
-793
-531
-309
617
-146
668
869
354
-333
173
-993
-816
-631
565
237
779
978
-198
-905
-674
115
910
103
154
854
-122
-359
-528
-279
69
687
-882
124
-304
-887
689
994
389
196
-988
-920
493
-409
-381
910
-303
-596
271
473
-857
0
-902
768
-589
899
167
192
-345
371
-524
-238
40
-720
112
-697
842
-601
-697
698
-158
-84
615
685
794
-669
234
-76
968
836
-627
187
-272
-882
-187
232
320
-262
-953
806
-532
-580
-470
-851
419
-460
979
-169
983
-731
-252
-79
140
218
-180
-327
-172
-576
-491
-575
227
-261
528
960
-794
346
-377
-712
196
-90
-660
656
-848
-947
228
877
298
-586
656
-653
256
367
58
-59
-366
234
-618
639
411
-319
188
-885
820
380
-864
-230
-334
-281
537
415
87
-165
896
-480
-162
773
970
388
-526
-431
15
926
-65
741
321
713
-461
201
-145
-579
-459
701
696
361
-91
780
-707
-42
-430
-993
428
197
-824
-909
-532
793
-854
-140
-971
953
546
-678
-303
738
-130
-65
-893
-358
907
-567
-52
57
181
891
-168
-596
976
608
-754
-902
-9
185
-378
-153
-293
-302
111
-995
-256
928
973
-982
-639
-543
-826
-253
604
-165
201
-50
-79
582
496
270
-298
375
884
939
-913
371
917
368
141
929
-914
-36
869
-77
839
43
759
-143
535
989
-702
992
-415
-478
503
-892
-455
-334
568
-300
424
-373
-909
-689
-760
828
809
913
-871
-893
-132
995
-345
-391
848
-218
-261
864
-353
988
391
-472
776
-296
5
958
-401
509
62
-885
49
405
-997
677
-513
439
-589
-358
-28
870
241
683
-767
-591
-254
-376
57
606
118
-970
-860
-645
-718
398
-293
387
-715
-432
199
-658
-883
-95
891
-418
315
-375
596
-657
228
-458
333
661
-402
844
-72
753
114
-173
-133
-795
-422
186
-670
609
157
371
312
650
434
-536
649
-328
-795
-901
729
100
431
15
883
-354
-111
-236
69
215
821
735
-884
-421
-466
-889
-157
312
654
-1
-510
672
-800
140
-256
885
786
-541
547
814
834
-22
-588
-716
-500
-954
968
-104
-376
790
947
-997
597
-42
-218
-43
-474
-352
-625
963
-846
68
-756
615
-330
-601
-29
-445
499
-151
206
-447
-951
-891
-417
-42
-562
-435
-977
-608
-780
666
-663
-403
-924
271
-278
-208
-651
-458
-612
-403
756
510
378
-53
626
-191
-535
434
373
-665
695
-7
-468
3
-315
-318
-624
691
711
-298
711
15
559
-254
886
-415
-71
-172
909
-179
633
656
-945
509
1
-433
222
590
-726
-388
-419
171
-776
903
314
-38
212
-988
-137
568
231
223
-307
-359
-486
-916
182
-309
518
765
836
-789
523
775
-775
215
-336
684
-523
-17
208
-226
-625
-107
448
-194
386
-695
-701
174
597
630
-979
777
-722
-513
437
825
120
64
483
-493
31
566
-330
44
-214
153
289
-164
366
-637
431
924
250
-274
-1
131
841
438
-698
-809
222
447
-432
-855
-339
-927
932
952
-773
-153
104
194
-724
-12
945
872
413
-223
-961
-104
-282
-138
614
373
657
677
394
-691
455
413
-368
17
339
962
-22
-828
-812
194
-440
-931
877
-753
84
343
-369
-625
-641
-561
782
-264
471
273
-320
-577
574
959
-622
751
938
-492
235
-433
-989
525
478
534
995
-854
634
630
-932
-357
768
226
-461
-653
682
-571
-412
117
83
-697
-396
876
195
841
393
-139
586
301
441
193
-466
311
428
303
-291
497
449
-338
743
-979
-414
-656
-51
-982
75
979
21
-339
-135
478
-186
164
160
-54
37
-33
-536
971
984
727
840
424
232
-235
854
748
1000
394
364
-46
76
87
815
112
980
-466
-631
232
-757
-273
-495
575
-982
721
967
773
765
-851
-879
-802
-810
-41
946
117
-402
775
-574
959
-445
960
838
163
586
-790
-32
-354
-403
-521
-934
-930
-153
-218
377
-709
787
523
-723
-406
-94
-488
75
789
-320
-25
5
-312
118
-995
-254
-279
337
-557
-89
758
-69
75
16
984
889
-900
179
512
970
-70
-894
-166
-772
-573
57
599
-972
655
562
441
252
-684
698
-5
865
-482
-48
602
-887
-656
-232
-578
-473
-810
-743
-534
65
-874
-984
-835
-741
465
117
288
-90
-639
169
-750
852
565
-37
-433
85
746
407
-880
758
741
-646
-181
493
-616
-861
-230
877
134
518
137
-480
-667
-704
-96
810
779
-387
-230
325
-338
96
-641
-547
490
907
14
-225
-535
824
-781
681
-485
651
-559
-90
-894
-839
-682
-567
488
341
-564
47
726
-324
969
556
609
-253
535
-834
-728
558
-635
845
-662
-271
-638
151
-197
466
869
143
623
679
-867
-289
154
311
-63
-379
904
-401
-26
-771
367
782
323
178
827
-40
342
69
-393
-689
602
-896
-256
761
814
425
-192
-231
-500
-294
-839
301
792
-802
-920
-967
-441
57
669
-817
-183
-452
-638
-995
-661
-89
-296
-629
768
827
64
-674
93
-699
-593
-819
427
-215
74
-678
-681
181
-802
622
399
-353
258
104
160
155
718
688
-11
94
622
-647
-726
-27
266
797
681
-702
646
-434
-439
-448
995
-59
-623
329
469
-235
866
907
-745
107
977
863
-102
462
-799
480
26
-274
691
-874
206
-49
434
131
875
-841
325
127
774
-637
747
295
210
121
-204
310
-213
-490
-593
804
87
-855
-789
469
-291
779
905
54
-522
679
395
5
1
-849
324
-20
938
-930
-327
-81
-766
-591
927
-846
-18
-867
975
518
-493
-758
952
959
827
399
291
511
-548
-395
-104
-164
-25
-366
115
412
-884
303
48
41
-836
-751
940
125
739
340
-131
-971
-515
839
687
78
463
-435
882
430
778
-287
623
-969
695
-949
-243
949
-638
91
-334
951
132
-436
-58
451
-173
-768
-400
833
67
-70
-792
-700
595
-314
-447
945
540
-575
439
247
453
814
-769
55
324
-107
421
-700
-390
865
205
138
85
263
-799
254
695
-641
450
-631
385
999
-537
-829
100
347
-363
34
820
803
933
-269
-413
-106
-986
-117
-259
479
-421
941
-763
-605
961
119
-794
-796
-134
-381
-593
-57
610
-630
707
-531
-502
-536
-233
-184
-153
481
972
178
-211
369
-694
214
20
-422
239
-738
-414
711
442
-483
-600
-125
-728
-938
584
-9
-698
813
-863
-679
848
272
-386
-126
-726
551
698
-552
877
706
791
-459
-320
-525
-971
428
-172
-655
-710
-153
-295
-60
441
943
-978
-822
-388
500
-87
58
21
678
-466
484
628
676
566
-803
-137
827
-56
492
138
-855
581
-789
496
-639
-616
460
-896
-669
637
-146
-6
837
563
430
262
-589
457
-857
9
134
441
-551
609
-556
-45
578
-226
481
-685
-633
-186
-376
129
-601
-885
702
219
-407
-969
623
-356
-279
900
325
814
738
-180
293
235
772
-638
-92
500
131
250
-201
-570
371
655
838
-886
440
-766
10
-898
-254
-692
521
765
-45
375
-748
511
-628
60
-42
-280
-461
-885
-570
679
897
795
-271
595
977
342
-410
374
172
274
690
567
-113
-490
-412
505
-907
-769
440
10
-739
604
930
457
431
-9
459
-487
213
-660
-704
755
158
440
616
-612
-296
779
-225
34
341
261
111
-608
668
896
685
423
386
142
267
-165
790
-973
265
-893
-631
657
-750
-836
-299
214
829
-651
575
780
-968
-891
50
769
749
-238
-968
897
371
739
-642
-35
196
714
-919
-604
69
-362
-463
-814
-880
59
-669
-261
-948
-970
545
911
200
-320
-569
937
-271
-415
207
364
-205
-23
327
-855
297
493
461
-40
-432
-139
690
-755
-241
92
-626
-621
478
-859
-971
78
208
449
534
-745
-930
-648
-901
255
48
-674
872
304
227
685
988
-399
961
-300
936
877
181
791
641
-721
-564
538
-257
-325
589
141
-474
-460
594
-487
-550
118
-453
-229
262
-738
-839
888
793
-395
-579
-594
788
-646
588
229
-219
59
968
-281
-275
-679
140
-739
-430
-33
202
128
93
284
617
-399
-130
724
853
-342
-466
-992
-351
585
-87
-504
86
-252
-345
635
-632
-215
-617
970
-782
-465
304
-919
29
-354
282
280
-814
918
-502
8
-874
-372
-48
-583
925
564
698
475
-432
721
-434
636
442
723
-262
-823
-868
617
573
907
269
433
540
45
732
-122
-849
122
-440
-336
161
378
-40
-951
272
-237
-64
518
773
118
-909
-265
-621
218
954
-619
-826
816
-840
438
576
251
403
852
-596
-542
35
290
-264
752
140
951
832
761
967
814
-238
-345
755
538
822
153
-382
172
-545
615
-15
648
-556
-686
859
-496
1
637
-503
-548
801
-362
-826
-846
880
-613
262
887
821
-192
-560
842
-517
669
-883
613
-850
546
812
-515
-738
995
-886
443
-235
19
-546
-314
-613
880
-211
-837
-418
-372
900
569
-87
-344
-428
-645
968
808
253
-985
-737
-923
-402
-770
563
845
89
868
20
-851
-412
921
396
-590
-329
571
-557
-147
-732
-159
-860
607
-273
110
-30
654
435
307
-61
-261
-49
913
-937
885
-921
358
242
-736
491
250
22
80
-220
-568
-777
-650
-19
-208
639
-917
746
534
658
747
937
584
-934
-410
198
-60
-518
236
220
158
-118
80
495
856
348
-157
-317
234
-783
-551
882
707
344
121
-951
-722
-840
94
-216
150
139
-811
648
215
394
-759
513
-390
125
-750
-465
190
-833
702
694
35
-306
194
-251
162
-356
-200
-822
-565
-285
-495
-570
-943
-18
-310
500
626
25
-116
660
707
-946
125
73
192
-382
48
-481
-13
-918
553
-60
-594
-756
424
-748
-852
205
84
984
955
377
-906
-760
543
292
-457
465
-419
-771
995
368
633
448
587
-933
-624
-641
-960
137
526
-261
-621
-254
342
-202
430
-578
-89
-466
-937
823
-772
-621
629
178
-413
64
829
160
836
-242
184
965
-194
-897
698
-940
-461
681
161
-609
-122
-715
-599
340
-942
-718
596
-956
653
766
246
-378
-859
-148
-642
-27
-89
-360
-844
611
409
-226
-548
539
310
-612
771
361
-571
-211
-927
69
-972
958
60
-189
400
-221
-39
368
-675
365
-410
-296
-116
-329
549
963
313
-904
793
-188
-971
995
969
778
-146
-464
321
-525
-674
-990
-186
-791
569
-801
-882
-910
-394
-284
466
-736
154
678
955
435
409
-77
96
208
673
-231
714
-653
-745
-568
-441
-114
-1
-209
990
732
896
685
167
-252
328
981
213
-921
-250
-200
673
-246
986
520
321
685
-897
-26
530
-717
-465
222
-39
213
-892
-404
878
-429
709
530
363
429
-812
-631
-320
865
79
-38
971
-631
83
-780
437
-785
685
810
432
-923
-470
-327
-650
956
37
-532
-509
-471
-813
677
882
-428
-663
-607
187
38
219
467
-243
509
-547
66
-871
-430
32
700
849
852
682
936
-915
797
154
-512
958
853
514
-908
-669
442
-799
-906
759
-417
-954
171
156
-961
-856
-178
601
-463
663
-755
-541
-5
986
-173
895
-709
343
-969
967
-28
-292
-229
-858
702
-533
-271
-447
465
-243
151
-812
951
326
238
-138
-509
-215
211
477
670
-888
200
-654
734
-919
780
-608
330
270
-780
-660
181
-137
-258
967
326
-789
-428
-557
-970
-438
-870
32
-237
-513
-1
995
1
80
-561
478
633
389
183
-384
321
-450
788
524
690
545
762
-258
86
880
494
-378
-562
81
104
68
581
-780
420
469
817
69
-258
-524
540
-865
-213
-181
-663
230
436
-855
-339
-824
532
-453
-510
-440
-949
-482
959
-774
814
-419
196
-660
-138
-766
849
428
-607
795
773
78
-159
-149
891
834
850
3
-214
664
246
916
-892
758
-49
-564
-498
459
991
33
-661
-708
147
-824
-236
207
-772
728
713
-876
768
883
-729
-300
384
489
593
833
-518
-67
-514
892
642
-129
807
-319
434
349
563
839
-488
-142
-401
849
-284
-324
313
225
-785
-28
341
-420
394
-364
821
-251
130
-289
-360
-760
-611
-328
792
358
-388
-443
-475
503
-33
935
-344
-395
270
-527
-607
-966
321
922
138
447
-254
841
220
425
838
-890
633
125
8
310
236
-213
462
-162
-577
-785
-162
538
-368
-367
899
-657
-834
435
-735
764
803
-116
749
-779
657
-945
381
-445
292
980
854
-817
-109
803
176
-379
-495
-669
-455
-377
-515
-564
-282
279
-321
-850
878
973
899
-503
408
472
379
-734
-691
702
-143
241
59
182
-288
177
-462
433
-803
155
949
899
-714
103
-600
457
201
-477
48
-521
224
49
-713
806
267
-439
675
643
-916
247
-16
27
-149
-245
-6
-784
-590
225
-80
921
-319
29
-279
-421
869
710
-12
-808
698
-350
-708
972
-485
-957
-458
-197
722
-751
-111
156
918
91
584
-758
877
-964
-879
-897
-61
872
-538
-604
43
-736
-667
-500
-536
-792
161
32
-806
873
-800
-488
384
172
-28
581
-141
-663
-362
-750
-787
789
842
206
955
-425
691
-502
92
-709
-2
-934
166
-463
-910
916
765
-589
-539
651
-661
-168
344
-962
-547
-286
128
672
-639
442
365
-653
-151
570
102
704
-437
962
315
-961
-256
583
797
-656
222
951
549
-439
-344
347
-790
616
-382
-883
646
589
902
-766
796
197
819
-711
-839
-131
-757
-393
470
813
515
509
45
-936
994
-120
-256
-721
-570
-468
192
631
131
66
-291
-228
-977
20
-801
-90
293
848
-805
-658
945
-725
-934
-73
-530
692
10
-158
180
997
-93
512
-484
-36
740
749
348
918
425
32
-634
384
-155
490
-660
-214
605
-490
104
595
-762
911
-870
265
627
-351
173
337
307
414
-636
218
572
-778
-201
-842
-547
424
780
-75
338
775
108
-467
-757
-117
385
-681
-724
-938
845
-837
293
-429
592
674
-159
-56
710
-45
-832
-223
753
204
149
-257
133
-385
-928
-486
794
-554
808
175
103
854
611
91
-165
11
698
32
-103
264
778
-944
754
-512
-73
-97
-915
-87
-80
945
-878
-206
-547
862
140
548
-943
-163
-201
-115
907
446
-597
725
394
-117
-866
364
-663
-16
-948
-84
56
-807
-99
-798
-307
198
694
106
-596
823
-446
-210
958
328
525
77
-977
768
943
-85
425
747
-848
-574
-802
-346
-900
-470
-946
237
205
51
714
643
397
-636
849
112
255
957
342
621
-683
-106
197
-34
903
248
-384
-135
-646
-437
611
847
-634
-304
-822
631
492
172
-71
-370
639
352
905
-77
158
-497
809
-549
-847
-166
-725
-77
-921
-447
-890
-260
737
-899
-376
-521
379
-280
338
-190
-35
192
968
585
510
-832
-610
-805
20
-464
638
809
-399
-687
866
771
-43
-115
13
-759
6
-502
700
-673
-962
-306
-129
-306
984
-910
-171
723
575
459
467
-927
-200
936
412
279
330
-688
809
-442
-58
227
320
-646
99
296
196
480
199
58
-825
661
486
-703
-881
-72
705
20
-193
-417
-401
778
736
325
290
-939
-871
-213
-951
215
-62
95
87
683
-473
403
117
72
461
-133
-996
-941
571
847
990
853
970
-900
-661
-477
-465
-917
918
-35
-703
967
-261
-340
183
-673
162
-762
546
-110
212
-988
448
875
-552
-754
757
348
-424
-585
-536
498
560
-263
775
880
392
540
299
-527
330
521
-362
949
-862
-744
813
-750
-674
-870
-87
-657
-962
471
580
515
807
62
-984
683
-270
704
419
-430
945
786
451
394
586
836
-476
-359
56
142
-298
-447
-743
180
924
366
168
-542
-649
-104
249
86
151
888
-310
677
755
-6
-507
-205
853
598
-966
-280
-49
-404
707
-782
134
-737
-132
600
-93
137
-409
-857
100
-555
312
28
77
70
360
-320
-858
710
881
-929
-512
575
-351
143
-931
-338
-308
-487
-914
-377
-386
983
-999
-357
-152
-791
809
406
-645
11
-956
-922
-338
-820
66
-666
198
248
-629
-390
-359
-728
278
155
-401
95
-482
-354
-543
264
-870
-190
18
-227
-949
918
421
-575
-814
-786
-905
622
187
851
-505
-238
820
-73
-833
947
-291
211
-976
-21
111
-688
-425
775
-820
552
-548
-428
-578
-499
-114
448
37
-19
-187
269
-4
657
-92
-181
-616
-227
942
-224
676
41
439
576
-969
633
770
-269
958
337
172
108
537
783
69
642
661
498
936
580
-378
-121
789
-239
87
-202
-76
306
-976
45
-396
449
702
304
935
981
990
-912
71
492
103
801
664
-730
786
577
-497
-900
285
-377
762
969
929
132
-778
68
-8
828
-235
-291
644
-172
682
119
15
70
-422
964
50
-202
614
211
57
-752
876
-19
-605
433
748
-675
-773
-930
55
793
-732
545
-238
-658
-952
-506
582
-310
-595
259
-673
206
800
334
998
-347
-414
-562
594
-418
834
703
43
879
-524
-104
217
396
-569
-940
337
645
436
157
438
-746
-968
-254
-738
-299
984
-327
852
309
82
9
606
-939
-330
15
-110
-459
276
-148
-89
720
-299
657
-527
188
932
506
334
886
5
-766
338
-329
-207
-448
-168
-84
-812
979
-486
80
991
-52
-868
-116
273
504
222
96
-612
697
-964
-645
278
-412
-286
-445
-49
-879
-891
548
-963
-698
688
806
514
479
420
129
-885
-656
-881
0
750
328
985
695
370
683
15
780
-710
801
215
854
-973
308
703
-451
-351
627
-170
224
803
430
-559
72
963
-441
-450
44
146
-518
-880
691
186
428
-606
-280
-659
-37
24
-251
-156
649
454
-57
382
897
661
-183
134
954
-176
-281
-518
117
-934
845
600
466
891
-671
-872
-318
531
248
402
-422
707
463
740
-40
-107
-360
-334
-842
56
-941
-156
-959
-501
-165
-449
-434
187
151
317
315
-410
595
-321
984
-28
-957
316
-772
-465
137
-824
915
593
118
551
502
-298
730
52
91
264
505
-642
-454
584
-29
-463
202
790
-769
-711
724
-700
-165
-466
-876
-604
-947
140
-100
-401
617
96
984
49
282
-156
-820
203
178
54
-502
-657
726
-300
-289
703
727
682
-597
-959
-984
31
228
722
-254
-923
-22
655
-718
295
176
-718
984
-808
-492
677
683
-761
538
79
589
-303
961
995
-484
-4
-455
-534
-191
305
-185
510
175
727
-518
-454
-37
923
-799
-887
-404
-999
-900
-802
901
-354
-591
842
978
-239
353
747
-22
563
-598
555
-665
-628
928
705
-848
-620
-957
841
-633
437
-800
-246
830
-918
813
501
416
-316
-947
-201
737
-242
-772
-453
907
172
908
-466
617
300
-605
-263
-911
-925
506
157
659
223
380
-444
-611
-347
-401
-312
-216
929
499
556
-22
-828
-924
90
802
780
-396
-992
722
51
-649
-709
-713
58
896
-614
-850
718
445
70
-778
-478
-908
-419
-249
-163
-25
747
904
54
-95
-268
980
177
-436
-408
472
-869
-108
-664
-217
213
146
-76
848
723
-961
-341
844
765
664
-365
713
-505
154
865
-874
949
565
-69
803
103
434
626
-360
-457
-288
824
870
-439
-35
616
730
-691
182
-749
103
-132
493
228
937
-404
-387
326
-119
-960
-484
631
-866
640
529
-545
121
-316
915
-211
612
107
-333
-108
990
495
392
-907
-393
935
-716
678
325
170
62
342
-506
-61
-359
206
343
-98
391
612
213
111
-453
-238
251
-845
999
491
-375
-135
116
45
727
-794
0
302
-195
407
-143
863
-151
310
760
702
964
62
-221
896
60
-494
-940
466
596
50
662
-176
-319
288
663
-806
874
-351
-776
256
670
290
931
-808
374
-139
-756
-266
-233
913
571
740
-58
139
-859
-28
-456
-88
-509
-495
-170
372
-838
419
0
215
-573
-576
371
-324
-85
62
578
400
-26
-795
-726
-308
546
535
-755
-830
-208
-74
854
-169
-721
897
229
993
-305
383
737
698
514
441
-933
500
-104
466
247
-70
-396
121
-269
-378
-383
-321
-991
-149
-484
-705
619
296
402
-155
-583
-769
262
-952
17
178
-232
-3
347
-484
-139
650
100
44
-517
-992
576
741
497
-749
867
-665
928
-483
963
375
-782
-314
-565
-106
-4
711
690
601
392
858
-787
868
809
-102
-502
771
815
-870
775
668
-13
-818
616
103
341
-603
-24
708
-966
-775
780
-665
561
-248
491
-871
875
209
901
-759
-146
357
-820
-806
-951
-763
537
659
478
172
490
974
-417
-250
430
964
192
638
-320
134
-890
-599
-202
-631
577
-453
-272
-267
580
-76
-362
-165
-658
-937
288
-562
-453
570
-111
317
-34
191
93
-900
238
-308
-953
-85
-44
797
48
618
-152
933
185
708
596
-874
-570
-202
250
-615
-838
352
-274
390
-761
693
428
407
-367
57
737
-22
-917
-223
849
-151
579
286
958
412
299
783
104
-120
-765
-980
597
103
-259
-828
-677
-737
-158
89
31
277
-766
-258
-445
-922
372
-300
-43
-234
850
912
-849
-829
-274
0
-163
-119
-705
54
-752
503
258
-892
336
-13
588
995
-630
-674
287
-705
-213
796
208
-598
433
-3
671
-433
-759
-75
-854
53
-872
136
154
-626
-764
838
475
-554
916
-351
-33
509
-438
1000
589
164
519
-717
-853
-865
143
639
-123
-253
99
-638
252
468
435
742
-262
-68
-595
993
-397
339
-829
-62
462
-798
12
380
15
715
993
105
-735
158
-773
627
496
796
-205
-531
870
-550
8
-82
-700
566
85
-417
156
326
-174
959
59
-605
72
880
110
-838
672
76
-760
783
-731
-271
-215
-321
408
708
444
-394
-784
-393
679
-185
697
-847
-270
-534
519
-868
840
-999
775
-203
-657
-11
-615
-77
-995
402
604
-644
-586
299
683
830
-759
320
267
-651
448
734
840
913
-992
679
107
-216
583
950
-599
-71
-38
89
26
118
661
-944
753
-997
-919
-162
144
-773
-769
-799
188
855
-110
-162
345
361
61
-758
857
-133
-40
562
347
893
-820
265
-567
849
961
-682
-109
296
-683
106
-813
-116
-993
549
-749
161
-631
66
770
-825
-727
880
522
-179
-720
598
536
-557
-621
-854
126
-867
368
-371
760
769
-462
458
-109
-355
-359
698
-513
-88
810
-276
780
977
470
571
984
-588
858
665
-552
812
-116
429
255
-624
-506
657
943
370
-242
948
640
-18
28
-47
835
904
414
228
-447
-87
-959
-782
366
522
377
-446
600
-569
650
-337
-88
696
141
529
-938
329
495
-872
-159
46
-262
962
705
-794
575
773
-894
513
469
-997
-186
355
639
845
-769
-170
-336
-545
-431
-850
-768
-990
104
409
301
762
68
707
54
-94
-283
-910
-761
740
811
581
327
437
335
652
-283
959
-218
-327
-910
726
-381
186
634
361
-934
460
673
41
-853
-820
109
-341
-425
-891
-636
-509
612
357
508
247
-626
-175
-759
709
-715
410
124
766
-158
-710
-263
-78
-843
-767
579
432
83
-851
-722
976
516
152
-675
925
-846
-553
671
270
110
-91
62
-516
-149
806
-773
145
471
484
760
371
-743
-94
520
-85
268
316
-556
-292
-774
753
114
-464
-70
770
726
-271
576
-279
852
-409
754
-718
2
-168
-957
-719
-554
967
307
-986
-974
-520
-123
-401
931
-85
313
297
618
297
261
611
-165
-852
518
-827
763
-626
-319
978
80
-271
-795
-273
-937
-952
-462
161
84
555
213
505
-30
-312
49
-136
221
-323
100
-707
-326
-723
-456
297
144
838
403
-410
-186
186
0
-278
-374
426
-245
966
-445
-175
-31
384
-631
-52
596
-122
209
114
891
578
476
-496
-646
-5
39
-906
-800
929
17
270
696
-282
-555
982
-250
-583
85
79
-627
-302
-818
-445
322
873
-253
84
227
-388
606
-652
349
235
-854
395
325
5
375
-222
399
-53
334
736
-315
-433
566
133
583
-366
516
635
426
872
733
-136
595
-999
-496
127
31
29
676
695
-636
-245
465
514
-528
-8
-224
880
-941
582
387
134
540
-157
-269
-161
609
-587
-666
14
722
243
205
475
-819
785
680
-438
749
411
-259
136
-819
259
-786
-875
-486
640
465
339
536
748
141
-310
-780
-889
-547
672
-171
-618
-977
669
774
-762
822
836
-58
708
-695
370
773
856
33
-143
978
844
-855
401
-458
740
-583
-479
276
433
779
240
108
-819
-928
-436
61
980
-87
148
169
29
-99
-807
-346
-935
363
-593
287
948
991
469
-43
100
-702
-616
-943
754
-313
-153
138
-591
586
223
-143
-55
-556
497
835
-461
231
217
267
676
66
-801
833
916
439
-908
946
715
-49
-334
236
316
-786
900
-135
-704
246
470
919
739
460
154
959
-25
-931
-13
-876
715
782
-679
-213
234
-449
-692
-861
-112
-709
975
45
-923
43
519
-272
729
698
878
97
629
395
-876
58
-923
-154
-536
420
-760
-639
-759
142
-361
768
-615
715
-929
-67
-75
163
-379
-443
-191
923
146
-427
818
491
-740
-631
390
-574
-685
457
-438
-423
-790
296
-183
-518
500
-629
247
649
-126
-629
-937
659
-397
87
-452
802
-637
55
-139
957
98
170
-374
633
854
326
524
-246
-336
-708
604
-566
483
-77
565
237
-332
85
304
883
213
256
675
-248
195
895
-409
450
-118
549
617
-446
369
873
236
-767
-157
-858
888
-918
-128
519
-440
-45
-77
803
469
-718
-675
625
-410
-119
-743
21
899
-6
399
-274
-53
-556
872
-554
-417
663
-130
535
525
-508
32
-134
500
-480
297
-890
160
-506
-77
-80
-656
496
525
470
963
-125
-129
950
53
-848
-189
364
783
671
-666
296
76
-769
-948
-722
399
-664
380
577
299
262
-227
-392
403
728
379
-700
171
397
630
-637
-550
-369
-840
352
259
-18
684
-221
654
-922
-100
89
-354
-892
134
-634
417
473
377
396
490
-634
54
13
14
160
-811
-975
923
-912
351
-777
-460
199
787
420
-729
-3
-41
595
-269
-968
-106
605
147
-220
36
31
153
-206
-751
496
181
-617
-165
-15
-368
488
-147
-578
-707
-667
124
-473
-295
-837
-72
-411
781
-84
-746
-493
891
453
-80
-893
459
300
181
-285
426
-323
-902
547
-147
-643
-414
494
-653
184
-778
-757
-176
758
-952
484
70
626
111
393
807
-466
-378
-831
374
359
497
-367
-937
528
92
-630
-78
-709
960
517
-104
437
-32
201
766
159
352
815
-77
-919
474
-773
-25
595
29
607
783
-181
-622
928
310
78
672
754
840
665
506
511
-325
810
-99
-91
-247
537
610
444
-24
-575
-958
270
269
-617
-53
468
-203
92
-875
445
-138
896
453
-995
126
310
-870
367
-514
311
-344
-563
-31
620
621
773
919
-495
-876
469
-180
-399
618
-790
-763
370
233
-732
213
563
-840
-525
-773
683
505
674
957
751
383
966
-288
-844
817
880
-709
-333
-378
-45
-790
-899
276
-496
632
875
-724
327
-729
904
-410
67
-937
-995
766
505
304
-799
-7
-596
700
-452
-312
-63
-495
-355
367
-196
-502
-536
-547
681
883
-298
-170
-464
916
587
544
-435
-526
886
254
259
-557
508
-21
273
-812
425
-771
690
738
911
371
774
-718
-58
-443
-466
591
121
181
-205
-871
-381
-779
-648
530
152
991
-849
382
-62
577
704
704
-606
215
444
-563
-416
-936
-501
434
67
777
882
224
-705
345
708
-975
262
-406
-537
-889
11
8
846
17
618
169
-418
-591
-892
-370
-997
29
230
662
-577
-504
676
-896
-691
-726
616
942
-590
831
838
-842
980
758
-827
669
-352
908
416
484
-957
873
-803
-665
720
-654
-69
570
-294
-406
-789
771
244
-163
84
222
752
-99
574
-870
567
-16
-114
-373
-427
698
877
-277
-528
-117
-789
523
173
-687
693
-18
952
-4
739
-666
180
71
-377
-814
166
524
-694
612
-380
-750
-994
985
720
16
-995
-1000
-100
-642
-281
-365
707
113
-861
-92
-575
970
101
-418
126
-497
-565
-755
283
-290
-742
-126
572
231
-211
799
60
784
270
-811
-105
-599
804
-893
-744
-995
-91
-919
-754
301
195
894
125
416
557
702
771
848
639
30
396
888
336
-212
785
-721
-240
857
432
387
-283
-681
380
-561
822
-565
590
-91
-523
-274
-614
-331
700
709
-975
297
-652
-448
-695
-881
597
-137
-776
-656
-173
867
-697
552
-393
-83
-517
-630
-767
-479
-717
137
-742
754
227
317
-520
988
297
-781
-473
276
-327
611
-76
-317
892
424
499
505
646
433
-383
453
748
206
361
-788
-809
-878
688
-44
-26
-387
-529
643
-996
-606
990
-809
-472
-364
935
-677
574
502
-230
443
-640
891
886
-115
324
-604
403
914
-248
268
-367
762
355
-898
755
-831
-298
499
-706
-5
924
146
644
-136
497
782
778
-51
306
-933
274
150
122
855
882
252
34
212
983
-515
-961
-81
424
14
-930
916
-545
440
-783
748
478
323
-356
-281
437
-26
538
499
6
989
-102
28
-666
-421
830
948
-773
-469
859
-644
-706
-246
-693
434
38
812
-677
846
270
632
105
540
-603
705
500
362
-375
-696
-144
-767
422
-246
351
309
-705
151
572
-213
324
17
-555
579
163
17
868
801
782
977
650
-186
-254
-103
-974
943
302
209
-963
2
637
879
-978
404
170
353
-336
453
94
-656
-973
246
91
298
676
817
351
186
213
353
-569
442
-521
-670
252
-112
-768
659
75
-734
168
-992
896
317
-633
360
-516
915
788
532
364
-319
180
432
-496
51
-163
-445
-999
225
540
288
-649
669
10
877
-453
-741
-365
311
202
-341
518
150
-475
445
383
109
394
733
-501
-123
212
58
-694
-91
-721
964
-551
-870
924
256
991
-253
-147
-733
-153
413
-66
583
717
-522
241
-110
-828
507
191
176
-888
175
237
-766
346
-361
631
867
74
418
11
88
236
-430
173
400
-602
127
864
-961
308
-374
469
979
887
-58
942
-613
717
-84
153
-896
116
-115
-422
-724
-837
942
345
125
-834
54
-103
650
104
-78
906
78
661
-39
-736
-915
-290
-586
519
-497
113
-327
-445
329
-420
478
-755
-329
-126
-196
835
-396
-341
-121
185
-369
-133
828
385
836
-528
-290
975
-946
587
-882
778
124
-693
132
600
255
-429
809
768
720
-229
593
395
178
-704
-84
835
-120
-536
768
448
790
88
582
264
496
180
407
812
585
-392
-194
-30
-123
-213
714
572
886
993
390
723
-449
362
287
-175
719
32
963
565
417
-862
447
246
-442
683
-606
796
275
515
811
154
-118
-22
246
-877
225
-484
-529
-461
414
937
613
-665
-338
-513
182
832
-304
874
-696
377
923
427
-695
-396
412
-918
-103
-15
-268
480
677
488
-439
364
-669
-996
196
-660
638
463
-905
311
974
