488
-786
562
334
-739
-622
88
-649
-457
-865
35
95
-586
-732
604
503
-372
-199
185
237
399
-926
-926
-301
-498
-918
-104
-507
-526
-80
-495
212
-720
-174
-129
-357
875
291
-375
158
-173
175
-295
815
-937
-972
-895
-382
100
25
-282
386
882
692
970
240
-883
-724
756
-985
887
620
91
785
-894
760
-357
-207
46
-331
673
-654
154
-827
-185
-565
694
84
-609
767
-332
-215
-230
630
-374
598
-593
568
-26
-933
285
-478
-341
842
323
660
950
-249
383
609
142
-829
-780
-82
613
763
630
186
-754
-3
-918
-994
653
178
-732
-571
637
-491
562
883
921
56
508
-749
747
677
804
797
976
606
-930
724
193
749
105
245
-807
536
789
-864
299
395
-774
-275
807
900
161
-379
921
388
977
56
24
301
452
448
806
365
-703
417
-870
844
875
332
691
-783
-440
324
78
-379
224
654
-343
-601
-909
-303
78
217
694
-557
-819
-39
-558
912
-297
-94
-174
906
-427
-725
-840
398
-838
296
176
-991
53
600
836
-451
471
-581
-753
568
252
794
-885
457
570
942
602
-993
-409
-269
-552
-970
-758
961
377
-954
-858
688
353
-876
-627
776
-968
694
771
122
-758
-288
987
791
603
-530
458
-844
-731
-841
-205
-801
-530
97
-614
837
-781
-636
-536
777
-278
193
-922
255
-227
469
575
474
957
-717
885
-451
-622
-464
-78
-572
579
-396
836
-476
-888
-901
-659
-339
-85
983
869
-724
-539
-780
-995
763
-56
158
986
497
140
909
-355
530
-774
298
696
-488
-888
-680
-53
-547
-22
-563
-364
136
-70
-721
829
-243
-779
-775
-756
530
887
631
-806
642
671
16
686
313
-449
89
317
780
751
919
153
55
-675
448
917
88
-297
71
-617
-315
-100
-161
168
-289
510
833
-257
-781
-332
-225
-135
-153
925
-696
-590
-585
42
79
433
361
248
765
-545
-273
-515
789
231
-342
412
-463
223
560
-663
776
896
225
-98
508
804
-940
-850
869
230
-640
114
-461
828
-228
-987
320
445
-759
626
-495
-992
230
-330
295
-946
216
133
-851
-978
-740
978
-597
-189
-258
-135
693
92
516
-100
903
-664
301
-205
-763
859
-244
-756
557
367
-264
-535
300
-72
293
645
938
-774
-914
395
-906
-553
-770
985
219
787
-616
371
621
811
59
693
393
-194
943
-305
-723
653
415
-681
388
-12
723
-61
-368
-983
627
-289
-725
462
768
972
273
244
884
-983
612
-220
560
-29
-541
-42
941
739
96
-823
-616
-832
-682
-519
879
630
-323
871
958
247
-565
717
805
-708
-184
-641
-440
-406
525
720
-853
-759
-788
-205
-189
255
-79
866
224
-728
643
-818
-915
-439
330
108
134
-302
-430
927
-907
406
-858
-909
533
374
-762
925
317
-825
-922
-690
-908
830
82
-284
557
474
-459
134
424
-734
-572
848
-618
716
-259
-580
144
-492
-493
789
329
-457
711
584
-922
-621
-175
-788
-745
879
-839
463
409
753
420
644
-159
-713
-502
-930
753
96
-650
418
-229
-534
692
863
437
600
816
545
15
321
680
112
650
333
668
521
-653
-647
416
-728
196
945
-102
90
431
-871
-876
-465
-569
71
-326
-882
497
939
583
-970
-386
-374
-567
706
-561
90
304
396
359
-665
-580
-775
643
736
-330
207
-956
-688
-923
366
-303
-57
-712
-165
-859
813
517
838
-422
-588
382
57
-348
336
305
193
-338
506
734
177
-947
-106
-861
858
289
132
418
-182
313
-205
-346
-520
-828
-718
-312
-765
-906
-244
-960
755
806
868
572
827
-432
900
-861
-765
-9
103
932
-994
922
-325
-984
475
599
-813
-907
-919
-635
-635
464
7
230
460
-536
763
491
-222
-546
794
393
204
743
887
543
-995
956
-255
508
-905
-258
468
211
-994
638
-841
814
-614
-830
-265
15
-363
440
-855
887
-478
-289
849
-91
532
-589
-210
164
-734
-852
-620
-920
859
-915
791
773
-405
-408
423
52
784
142
-612
-431
755
718
247
467
548
416
62
715
-200
439
794
-133
-190
-229
-855
724
-475
-976
922
959
-740
-128
-865
-286
-178
126
370
-952
-528
-318
724
-254
738
668
-902
698
839
-989
-456
228
-481
-581
-232
202
-959
-813
984
715
-429
222
-848
541
-610
484
866
352
629
799
911
-683
411
-335
-491
8
-844
554
-949
-434
-923
-426
952
368
-557
-518
-597
-494
-306
522
-877
293
833
17
795
224
333
859
-167
-970
-653
67
-323
297
190
-581
884
936
440
271
-165
-660
-311
-561
-103
7
227
595
-99
286
947
-813
-564
675
532
801
275
-97
72
-777
581
834
-266
658
-179
-228
-878
-260
110
767
607
214
24
630
194
456
350
-638
914
-728
649
-503
929
-914
147
355
874
-372
-933
-90
243
634
-194
622
-555
-344
274
-657
796
-131
-851
-512
-19
544
-418
-801
360
496
368
730
711
328
785
354
105
-615
-62
958
-79
854
53
-691
569
627
536
451
-829
883
-76
669
804
798
736
-354
-707
162
916
489
537
473
3
-200
123
-42
484
-687
-880
-460
910
629
-194
405
-68
-123
-55
-539
215
-474
-233
-339
-892
-755
140
556
832
853
-684
-71
-301
-199
-69
534
639
979
916
-618
-14
-801
-528
38
-212
-700
-925
-628
199
-772
758
367
-99
-136
-100
-139
795
104
-903
-174
360
-776
783
35
-652
670
37
900
45
-727
-550
-174
-433
181
-42
969
415
607
-514
339
-706
279
754
-521
951
-626
-743
-879
-678
354
928
435
404
-150
474
269
344
409
914
-355
195
-707
-283
279
-549
666
-935
965
-617
-786
713
-522
876
-579
-99
-215
-740
-239
-829
-991
583
300
22
-957
-173
640
945
455
-342
753
175
229
-519
388
651
-79
920
490
-405
-927
-597
377
-956
721
-974
600
-512
544
-125
-822
803
-871
-886
-779
298
409
-767
-584
428
684
155
-766
375
-238
-993
661
907
441
232
-416
-132
126
-628
221
247
-975
714
298
-460
36
-170
-289
284
403
-263
-537
-801
496
-655
407
-87
125
-140
91
-897
570
627
676
-296
-523
406
266
748
-965
-952
-400
-947
164
502
-895
460
14
-427
-393
537
300
97
-338
584
253
-276
627
-491
101
-569
-310
-79
710
827
-164
-203
381
52
-329
341
356
446
24
830
489
-804
-682
787
-722
-38
-346
-608
561
-8
274
-767
837
-525
320
230
-474
-287
817
462
-212
-746
879
-387
-896
44
-853
738
118
936
228
-345
-543
-379
436
-834
-410
496
994
827
659
-852
226
891
-90
-835
-226
382
586
-506
146
703
-699
-919
389
-901
746
-961
22
440
705
623
-917
558
-769
776
916
438
501
29
-698
44
-252
-10
329
166
726
960
824
923
-983
252
-756
-283
-419
465
88
-631
557
-952
-807
-297
-682
547
692
-34
-293
905
-613
387
-131
-186
-940
-544
-536
664
-634
-485
-808
641
-597
-559
-257
-254
-138
-496
-718
-385
366
-582
164
521
897
245
623
925
683
737
174
-177
786
-509
378
-298
-472
977
-121
-70
-609
531
593
-395
134
-20
426
-718
-348
640
822
-595
590
-703
241
-520
-819
-582
738
-433
-825
84
-260
-709
-715
-887
637
-218
-296
-598
971
-142
-314
534
-144
328
-60
592
-51
-636
178
983
-124
-182
-340
-760
181
855
-564
-586
304
-344
43
78
838
626
-306
478
971
64
-787
-104
-747
-263
611
356
-971
221
390
311
-307
813
-878
-14
202
-85
666
807
-672
-163
421
277
-432
146
820
822
-976
-317
-568
78
-907
490
-282
-98
361
449
-111
328
524
745
824
290
-920
259
-328
526
-837
123
-655
649
-781
-551
0
-293
-134
-698
504
-29
-765
-884
543
88
936
-783
283
-178
-760
281
113
-781
-877
-398
-895
118
580
881
-560
979
-89
677
-6
-375
-411
594
503
16
468
-910
-913
-389
524
-476
927
121
689
-1000
-535
-996
958
-585
22
505
-461
596
711
330
-584
-244
-759
-61
290
-734
713
91
-826
-838
-1
327
-193
-855
-793
-535
367
994
-822
625
-896
-379
25
-374
905
-352
-561
251
68
-75
107
969
315
-908
934
-808
601
-240
783
98
-383
-767
-122
-759
542
246
-246
350
822
219
-452
-369
-88
209
-733
529
50
-101
-902
94
223
579
39
339
705
-997
-636
-249
87
-999
934
426
383
-923
-326
-787
-144
500
488
-474
-903
879
693
505
-641
479
-672
-595
31
257
-88
-590
-400
64
416
268
-810
-770
703
-723
742
-665
621
-795
-999
578
-712
484
-832
-759
-501
962
-672
-393
-971
343
122
763
-472
728
-17
68
892
570
-837
-438
679
-450
-838
881
-693
784
268
-319
877
-196
769
-969
707
-380
867
986
116
584
324
549
-790
-833
-790
-824
-433
452
-374
-998
300
-174
-490
-468
423
-990
981
452
-317
-167
-307
539
606
-135
-674
-303
885
956
-467
-919
224
-196
-601
-52
277
-675
-211
-863
-102
-865
989
-971
785
-271
482
954
-48
527
-231
-379
-847
347
371
-678
-447
-395
702
-390
1000
-933
-667
990
135
901
414
-668
-355
-764
789
901
504
-380
-52
-615
406
-818
854
142
-907
575
-900
-652
541
468
287
518
527
830
-883
-981
-668
826
-334
134
423
-881
765
-611
745
-206
-457
-104
-277
-661
616
684
106
-969
-425
-795
-70
824
-607
-496
893
146
-465
-494
-847
-579
256
780
-156
32
966
280
95
-895
594
-227
715
-235
870
-696
-281
305
-209
219
-54
166
897
-839
474
373
240
-513
409
-105
-443
311
891
-118
518
-423
-952
-582
108
263
942
1
-582
-394
-235
-129
296
100
-228
164
-891
-470
223
933
137
-605
248
-956
-601
141
793
-302
648
-101
38
-661
400
666
362
118
-917
567
-656
-196
-175
577
-91
-822
184
-220
201
258
620
288
-407
-33
895
642
581
-355
191
669
439
215
330
210
-906
-820
775
662
739
-624
379
39
25
-52
-726
60
-398
-48
195
114
576
-783
502
-700
751
1000
-645
88
-53
-497
669
-503
384
-96
-655
-630
788
-305
-965
961
566
-917
-595
-879
154
220
-805
-46
402
392
-431
20
-351
-673
-253
303
-32
-718
255
-423
440
318
52
-739
-901
900
507
874
-215
-106
-738
313
-811
535
-809
771
-822
827
-932
197
-453
914
-488
803
-406
189
-111
872
-17
235
832
571
404
612
987
852
-624
355
-834
175
413
-979
735
39
577
906
-544
783
-113
561
-421
676
340
553
55
-155
397
-159
577
-115
778
-519
-458
-212
209
-404
808
-427
-383
302
763
-312
-398
110
636
177
153
-927
-281
704
100
776
-788
697
-909
31
373
667
-554
-158
-915
-768
-562
434
550
-847
848
-121
400
-293
310
-989
658
971
-374
139
-209
473
-645
910
-533
-536
-868
131
576
-39
549
-851
895
764
614
-871
785
-156
-737
-945
303
857
-1000
250
989
-157
488
-927
-499
-16
740
-213
-274
-114
462
-496
798
-386
447
490
-509
670
573
-478
656
263
-587
302
-897
-709
393
825
-327
-817
50
-926
270
411
-193
740
424
-455
-402
-673
733
36
-864
-53
112
495
-466
-866
503
-897
375
971
883
-531
-780
-664
-670
-715
-763
-664
846
-774
-6
435
-851
-490
378
235
-7
405
698
348
824
44
131
384
-813
-879
-915
792
469
139
-874
-974
270
-328
219
619
148
283
326
-237
642
-975
-29
-661
58
736
-883
431
-333
-714
-643
78
-753
-225
493
973
-43
-210
267
-224
791
792
375
-559
714
843
535
737
-127
-4
729
838
-264
-515
-962
-347
-372
-472
516
936
-332
231
853
-265
676
251
-514
639
894
942
-915
586
850
456
341
689
946
-525
-578
-399
220
-539
-443
152
515
400
880
-876
-595
-497
146
-797
-201
16
-22
-956
-729
-653
-442
440
208
973
-31
-255
965
182
728
358
190
668
-917
317
-557
333
-629
195
-303
234
-346
669
918
-466
144
398
-642
643
526
112
106
-230
-187
38
-459
-467
-27
314
-335
-7
297
-458
-49
554
540
604
-348
-484
468
-972
-599
689
894
-361
-99
-955
-123
-368
206
-94
313
-754
681
95
747
105
-848
653
-6
-133
262
-996
-407
232
-416
308
133
-137
-257
-293
-509
169
978
363
-23
704
-21
-396
-530
916
-402
147
567
813
679
-787
-68
975
470
-865
-725
693
-37
913
690
703
2
956
313
-867
-175
589
-850
646
145
735
995
-875
-281
-165
970
-157
-704
-688
642
123
935
-175
-359
-798
-84
110
-643
805
-382
739
295
347
-826
641
382
671
-950
-514
270
484
479
-513
-808
-986
-167
416
-95
-1000
-468
625
641
374
-23
435
289
-944
332
521
-446
-389
224
286
-576
-376
645
252
-494
-463
-399
-863
62
611
-700
-307
671
-262
839
-721
288
-477
382
-535
268
850
-892
-13
-836
-96
-996
454
304
609
-160
-502
-214
106
-833
176
834
-494
70
-414
-837
-952
-753
-553
369
-913
878
680
2
-606
-238
-24
-199
42
839
-123
534
-352
-710
147
725
978
-732
-797
722
979
-847
292
-154
-174
-307
293
-218
-21
-849
49
-284
-281
2
-651
944
-329
393
866
186
-834
-135
804
-309
-606
-272
197
264
-478
-76
-456
-711
316
-659
-7
716
-346
-55
592
623
-215
-86
175
352
-110
-295
-147
28
333
-176
58
-981
580
509
799
-724
-964
746
-320
545
-490
-436
-211
51
573
-401
-333
692
-202
555
379
-869
-951
-528
-75
421
-280
945
149
-623
-605
-128
-584
-105
-740
38
99
-235
-563
200
983
-243
-804
447
-613
862
196
192
-695
680
-556
-445
243
-812
-22
313
203
24
-944
297
-322
475
94
469
-115
-368
-337
-677
962
445
399
-593
-517
809
580
460
-930
-752
-112
64
361
-789
-14
-254
941
-96
-877
763
203
-69
-468
133
549
180
-676
-429
36
-43
-856
58
-124
778
-330
859
-526
895
60
-442
971
-740
109
-422
-827
-286
58
-802
991
-586
205
-82
426
94
694
959
-982
-169
385
-300
571
650
802
647
290
-185
-469
-647
930
173
890
281
-98
-890
115
-840
-128
48
-560
-290
-845
442
871
346
493
110
-369
651
311
627
968
-996
-201
-864
201
-245
-285
-438
179
-81
311
-376
-476
256
-781
404
-874
-247
396
687
-45
-894
606
-468
-649
-881
483
808
690
299
-57
-340
-107
-389
-478
-903
624
100
-648
-960
491
235
427
-642
212
-999
715
-55
-752
698
650
-173
-768
-526
-921
43
401
-731
382
-442
-208
278
383
259
-663
49
100
-38
-217
-554
555
82
-658
-783
115
-106
-748
-399
657
450
977
-102
-431
-187
-760
575
-162
155
879
-660
-25
946
-267
-846
4
-177
445
83
600
986
-538
65
-216
-159
313
971
-146
79
-496
-885
542
-822
-216
518
-565
488
800
310
-272
-703
-27
949
-279
697
-138
-69
31
213
-457
274
125
-681
658
522
-906
356
68
-659
995
-212
-94
-784
-477
369
-496
162
416
970
-472
-524
253
483
-944
-694
-820
768
-380
905
226
759
441
186
-447
434
749
-537
-8
-958
997
970
-197
-86
-790
-237
897
-205
-741
-268
586
133
438
225
-902
-721
185
-691
211
-319
-632
-815
128
910
633
868
244
-114
-66
-249
-525
30
650
-859
-664
474
-128
167
939
918
-606
-368
623
-716
-31
609
-7
-424
-432
-285
822
-653
611
-267
587
-51
-415
-243
714
-583
601
363
-748
-17
767
-728
-758
899
-520
-79
-655
-618
-375
-338
-24
459
-455
-59
-975
1
561
865
-419
703
410
-62
175
372
512
-801
258
-705
615
646
-658
981
-7
961
-590
-231
784
906
-198
-13
-256
35
387
-451
799
889
178
447
742
67
675
724
740
604
-94
304
201
482
-780
553
888
328
-476
994
177
-122
-24
514
141
-238
602
459
-114
-592
-22
614
-781
-715
-897
-73
521
518
-934
-428
931
38
-69
-630
-539
184
452
117
638
-337
962
760
363
929
-386
771
-317
706
958
127
-882
-170
482
-519
-317
906
336
-790
711
328
556
-647
610
-580
773
-828
729
-655
-175
514
921
-428
-569
-191
-295
998
-470
-724
807
401
-440
304
-411
-425
597
298
-53
-500
531
-564
-142
-19
-530
-319
161
-484
-575
73
-835
732
-931
686
-574
116
963
-231
508
533
-700
857
-662
385
-694
-212
788
462
250
-415
-842
678
-209
635
312
-560
152
162
368
-9
427
184
56
-619
-335
493
-473
-358
-254
382
412
270
-494
-610
511
242
704
-381
911
-56
-335
-508
-125
625
811
-889
50
583
973
-962
228
977
-410
-701
-550
-545
-959
763
602
-402
673
138
725
-317
9
647
50
299
762
736
-324
-324
-670
77
431
433
106
290
-85
-254
793
313
-713
-803
-866
592
10
-525
-367
-734
-269
240
-520
734
-576
797
571
226
-285
-480
370
-654
691
-466
100
358
-516
-69
-953
199
166
-879
642
120
-515
-52
-728
831
-799
552
-447
-876
-245
-212
187
-538
106
835
-906
905
-576
278
913
290
-739
990
207
-704
-867
468
571
867
-462
-161
937
267
-486
509
-375
-779
-867
321
586
-663
725
-205
-519
330
705
461
-411
-687
488
-586
276
117
420
-502
-476
-928
656
300
-135
-97
517
-104
-88
-325
-649
-388
870
-323
987
-812
896
-881
-69
650
-65
-214
827
618
605
930
-587
181
529
-42
635
457
-618
754
365
492
102
221
11
-895
-163
331
425
-959
242
-520
-272
995
-722
-783
-233
398
-478
40
866
-140
954
-518
-709
32
775
741
606
-485
536
-400
-777
-130
-299
-50
-434
-880
871
-862
-929
149
