-154
-529
-286
141
106
-467
202
453
775
-543
-924
-763
-806
-55
485
652
543
-444
-988
-499
354
-236
-798
783
-79
899
-490
232
-646
-657
-231
-593
172
98
550
-396
-67
101
742
-811
839
17
367
666
567
-332
889
-909
-2
88
-831
-327
664
367
-252
-855
-890
-834
871
-660
-327
-959
837
-740
-947
-407
824
-355
-42
-554
-547
-953
-171
-216
966
635
-755
-951
598
-545
413
-483
-124
-784
605
-155
-548
403
818
161
221
505
-580
-584
-890
192
973
219
609
-184
-371
-609
14
-233
65
299
177
-996
146
254
-339
-276
514
22
-818
288
-169
401
-368
555
-816
-224
-536
6
658
735
-973
-143
674
262
36
175
-517
-702
-509
432
123
-358
130
916
364
361
527
901
647
202
-914
361
-598
-885
825
-338
-329
-488
560
-135
-369
927
528
-432
-580
-702
-189
410
585
-248
946
678
943
730
468
-275
-364
110
-314
264
-83
435
-174
719
143
566
-171
997
-218
25
103
-811
-102
1
-322
776
-788
178
352
4
425
-668
454
-998
487
195
572
-923
-118
-149
147
486
296
464
79
-57
939
300
-206
586
66
-567
-412
-274
-842
-634
-152
447
-570
741
152
-199
492
-53
661
286
379
-238
-391
-213
-704
-105
169
-432
21
-892
-105
752
-896
783
-579
-94
-282
-838
130
372
331
425
-896
-548
-600
40
-766
-36
286
-496
-145
-935
-683
651
559
-139
393
-603
-253
895
412
-688
-20
710
253
405
555
727
-452
780
-696
-544
346
-406
178
98
102
-135
706
435
-319
-443
236
-393
-175
692
960
439
163
-135
-430
-798
-912
872
154
-593
-887
321
889
-881
-641
127
890
-679
-150
-271
182
888
-900
87
-382
-670
-711
-374
610
-523
-915
911
66
209
427
760
601
432
-948
509
605
397
80
-117
-513
728
677
14
516
874
829
-27
-421
184
-50
-904
-503
-361
724
76
-633
-520
-445
165
514
-476
-182
-287
-951
-923
-505
-611
-803
-178
-394
-520
-561
303
327
-688
-224
-210
-609
-5
-215
-657
399
-169
-705
73
636
975
792
0
-87
-972
386
-344
872
-937
605
954
697
889
45
700
-358
-927
-5
510
-848
-948
438
-875
-423
226
23
962
-721
-883
-463
866
658
-707
760
-996
-16
-722
471
-477
535
-315
519
135
-458
-428
-771
-570
-399
-984
266
773
24
47
-409
-638
527
255
-292
385
-480
395
37
638
13
542
657
51
-895
629
-99
455
863
-443
-818
197
240
-248
895
199
482
-737
194
947
316
-281
-888
411
29
783
-597
313
-362
-490
791
-911
251
56
908
-742
50
634
-563
867
-614
314
857
974
-340
-511
937
506
-719
-497
869
586
-768
30
-837
-512
543
-56
203
-881
-649
-539
-903
316
416
-576
730
-377
374
713
-192
529
-575
-802
-965
-839
528
-271
628
777
-635
-87
986
-958
-173
-295
464
307
-642
978
-82
724
-795
2
-785
-946
-988
83
598
-583
-10
-880
786
-807
-819
-129
66
-453
-536
208
272
-877
-898
185
-895
702
534
914
-748
556
-305
493
-768
591
136
610
887
-210
-461
740
-831
144
381
-159
-663
-966
-969
864
722
-124
908
-391
-531
-692
915
484
507
-717
-386
237
-70
267
593
-378
653
-682
791
339
856
-771
787
-261
-645
580
940
179
61
-334
-219
-238
-838
-776
953
935
-583
267
598
-205
-167
177
452
-367
-285
-420
-257
-891
-989
557
-546
-73
-304
513
44
581
-484
-507
-376
-165
-863
-352
693
-958
730
671
-21
449
-652
-465
-734
-449
-341
-630
-458
-957
-367
945
-436
-698
-812
952
-675
-127
82
598
201
-931
717
436
931
-418
-762
-101
-187
-138
894
376
102
302
-76
-894
-196
632
-702
217
659
-345
424
-383
-464
-176
937
889
575
-981
-968
26
846
918
394
766
-242
962
-277
697
68
-286
832
280
-846
-175
982
754
-73
-577
220
-327
-68
137
-100
-972
462
403
723
-97
-452
869
-859
967
-732
-767
-984
-126
-291
-403
-424
-729
993
258
-503
-110
-920
56
664
449
-467
-521
-774
597
6
-919
321
679
-573
36
-447
-647
542
-263
-201
339
582
-222
-193
-823
376
-482
520
-795
886
-518
729
780
174
-830
-627
-428
227
686
261
-699
-224
-674
-789
-434
678
-259
-419
-251
486
868
288
964
-275
996
-556
-236
-711
-678
867
-36
-50
689
882
636
-935
-643
191
-95
10
21
645
-622
954
239
216
-970
-575
-325
-840
454
-21
-497
-38
694
373
-624
-152
704
-910
467
-237
477
506
240
836
909
341
153
-969
497
-733
490
-513
566
-639
117
946
-204
21
-414
-887
280
-317
-553
-122
-208
-483
-408
932
-997
-439
-829
183
-56
-677
-943
-614
-901
-326
-544
589
116
-86
541
-573
-784
-964
330
850
-898
827
978
-104
658
-272
830
165
-606
-393
-708
-894
-444
227
-879
-353
37
111
408
-741
232
-736
324
900
-877
943
102
-798
481
170
-663
316
-416
787
401
866
-69
260
248
402
-430
138
-659
541
-587
-839
-228
348
328
-745
776
-834
-830
562
-112
-66
33
-859
667
-664
-813
528
916
236
-873
34
422
-227
231
104
315
-264
895
-80
-176
593
-405
782
796
-549
-683
-503
-297
483
-763
-473
950
-100
-940
-229
415
-903
11
-623
-859
-758
-635
420
-912
-297
-972
353
-162
681
518
342
393
913
-992
-802
568
-978
-183
-506
-847
-476
-104
-599
-744
-630
361
-270
72
347
995
900
904
740
937
-590
-949
665
-525
-812
482
-250
-485
435
-511
487
573
-111
-78
-309
-734
-856
506
889
951
-453
-115
656
573
-199
485
439
-980
-358
-585
-608
255
131
-595
431
552
-162
-806
235
972
33
785
-112
554
465
-295
164
395
762
410
-490
494
934
875
-980
733
507
-220
906
220
594
578
966
826
321
-804
672
-221
-683
-439
-858
-454
960
-386
836
-109
452
708
683
-518
-427
58
223
-419
-757
182
-193
-837
126
-615
-368
-820
836
-327
-168
979
788
-582
-92
-55
-561
-653
-182
-429
536
-470
-174
66
-72
-136
-325
755
752
-705
36
-905
837
-781
-165
-511
798
-145
369
-228
493
-634
-832
344
543
242
431
854
149
327
-121
396
-221
-55
415
960
-389
-524
-971
-958
638
-274
128
685
-771
623
-162
-788
-341
420
409
360
-514
-204
614
-126
-353
-183
-880
-688
-657
-156
-551
492
-519
-332
-215
146
-835
-409
-577
-995
508
-686
135
-789
212
-767
275
-828
293
-66
266
-307
460
881
370
603
-805
-546
715
-984
369
-9
75
583
746
664
202
-58
39
755
962
635
-795
-911
-521
608
-741
671
-265
-877
546
625
-935
766
-481
927
-117
-723
-544
-749
513
-430
-911
298
-506
-477
973
353
-813
579
-579
-319
98
-239
-589
-205
-583
-751
-204
226
949
427
-20
-965
398
919
-188
562
-129
964
482
91
-33
-811
-900
-847
391
113
517
-88
-758
447
-151
-700
-163
-52
-322
-915
-740
-147
644
-221
-627
-257
-284
-9
-803
-559
-191
-575
914
513
-251
984
616
-582
727
740
-737
526
-311
-426
-796
-874
146
843
243
-600
109
2
434
649
775
-941
-597
-608
-327
-29
-901
994
193
166
50
340
952
-109
-222
-920
157
692
-745
-310
-470
-981
7
173
-879
-824
237
-535
-659
-454
-424
-470
-974
-436
270
498
-923
-258
823
958
-88
328
417
617
722
116
-731
-848
602
-286
878
55
718
795
-123
681
-282
421
112
-283
738
762
139
-54
-227
-717
870
-753
-50
-953
-987
-55
-508
-252
196
218
-859
842
-576
628
-430
-68
-405
-575
-868
798
-296
375
808
-769
-635
-476
997
-652
-941
176
243
-340
-798
149
291
340
-982
-643
-257
743
-735
989
643
-324
140
425
-704
-141
-264
388
-451
234
505
601
-122
610
-86
405
-40
908
-752
143
-216
-687
946
-490
-649
139
346
759
-283
-860
-362
739
-401
681
571
-825
169
-566
613
160
443
-666
860
-941
477
-395
825
-673
-33
-840
241
-149
330
906
190
-290
-496
-134
483
960
965
311
17
-430
-382
858
499
-949
191
-553
-609
-863
-425
729
-913
880
996
626
679
580
-493
-318
920
-673
-514
-327
-669
-91
192
-155
-139
41
359
-612
-520
498
-243
-781
586
-746
116
-729
-924
-378
-405
168
-149
-770
439
666
-786
-102
-260
-727
387
867
816
-26
-458
-909
701
362
-165
194
-111
-845
627
715
-894
-120
71
-901
-491
-811
358
169
860
-223
-949
28
-484
-973
608
951
452
-35
238
801
956
621
195
11
556
552
32
-505
815
119
-611
731
-375
168
23
-796
257
-744
-563
-585
-180
-239
-180
-26
61
-596
-638
-578
-691
447
-794
878
401
-451
-922
572
538
551
953
509
981
235
-569
-756
467
778
-406
264
104
-793
-471
442
-696
427
138
20
891
222
54
-997
535
-332
325
723
650
-269
14
-337
-905
-516
-305
474
87
185
992
-989
101
690
43
396
-344
-223
-122
-276
-978
-445
877
-512
-234
-195
-740
532
24
524
469
-512
-749
417
384
662
920
281
-387
-338
-357
-605
80
-443
-79
-957
661
-389
953
-35
-227
-300
198
523
-87
71
13
11
-13
-955
-806
407
166
561
-553
70
265
272
-188
-786
428
-443
662
-173
-325
-229
777
888
675
-258
-46
-78
329
-250
-471
215
-215
-843
-318
697
957
-680
613
943
-187
-311
-541
-711
-297
581
-279
28
722
733
55
66
847
-212
539
-579
394
-50
-955
17
794
981
828
814
532
358
717
-241
-264
-249
131
-536
-288
-48
-255
995
50
472
516
812
-907
-109
-804
-579
532
-129
362
-752
-988
140
-994
-477
192
317
-444
-191
-165
33
654
896
271
736
-83
-316
494
131
-343
803
312
676
358
117
827
-39
517
87
120
356
-908
987
-597
373
-776
-743
163
-476
141
-558
367
-762
989
945
-416
513
-668
117
937
609
63
898
456
632
380
927
-120
659
60
197
710
807
-287
-201
-628
-234
251
729
236
851
183
825
-22
569
-349
-391
-206
-740
689
121
394
-669
712
772
623
-1000
409
-558
-521
999
-382
66
-395
-642
-68
832
123
-613
-269
797
-808
732
347
813
886
862
-986
-790
-719
-223
-28
-516
-952
-716
459
-117
621
-36
-581
-298
-156
-598
149
-13
593
827
361
998
-842
850
-890
392
429
94
-191
-211
802
-1000
20
-971
-388
-693
-2
-601
-554
501
-664
306
227
-142
-491
-526
-384
180
801
105
-525
-334
-719
365
-459
463
379
313
-819
73
258
-473
-504
-609
65
-522
967
399
325
-351
-128
11
-301
404
-908
-413
-85
-911
-262
509
973
56
-858
-756
-782
769
-439
-924
35
-481
-936
95
-310
180
891
743
998
-42
-35
228
-422
-589
318
768
561
64
-548
488
-794
427
-955
442
-460
703
-86
-241
-769
895
-119
832
214
-177
730
47
-563
925
320
-828
654
-340
-201
-591
-123
-842
-592
-817
339
274
-881
-256
-661
-247
-122
-357
20
-819
747
681
103
842
433
-859
576
-227
480
-305
-375
-288
-420
-243
508
947
527
826
790
-277
376
764
791
258
-940
596
512
-419
-616
-400
671
-625
-515
-833
-531
918
-338
254
-867
-858
776
196
769
-652
25
-500
417
-116
-783
-59
-181
-635
-908
791
-887
524
344
87
-546
-57
-698
-999
-590
-963
-220
-309
319
-315
-903
929
-585
594
285
-926
920
241
-345
-808
135
489
512
-417
-689
-226
266
-475
604
131
-82
-387
-139
-647
-799
816
-315
-776
-544
-374
728
36
703
595
-788
-685
-211
-709
-623
579
56
911
384
-343
564
428
-756
-832
135
942
352
83
-23
791
-430
741
-905
529
482
-719
-428
-863
-794
-167
-445
728
119
-861
-129
458
192
731
-685
-259
22
-846
288
175
-248
138
-228
-37
-958
508
817
-999
795
-264
-922
-788
844
561
270
186
617
145
862
-184
872
-469
913
567
-463
-19
-758
-620
976
-367
3
424
-16
-104
230
552
920
-704
164
942
-471
144
537
841
-126
597
409
919
372
-844
78
872
-509
627
-475
-336
11
142
106
830
-710
-767
924
-418
-645
-946
946
95
289
-600
905
-611
20
-430
403
-882
-766
242
-233
-839
-589
-548
258
-1000
324
-670
-490
912
-300
-503
-308
-369
-64
903
-839
-307
481
-515
442
640
-470
-832
-733
431
-263
651
-802
327
241
-545
603
446
-318
-360
959
166
331
169
155
41
807
70
987
655
-945
969
-753
615
942
247
-818
-246
966
-897
516
-1000
529
-887
781
-93
348
-142
435
-2
-457
-440
569
-664
736
70
399
-460
177
794
-491
992
658
-29
378
-973
946
-64
-187
237
17
-565
-217
-436
265
-102
555
181
2
-961
176
-727
-602
530
1
-595
567
563
-146
-112
-165
201
-735
-76
-383
-131
847
348
-393
229
247
796
-644
795
-949
896
-661
534
-619
902
-655
74
-268
4
845
479
-419
-79
458
-90
-42
-482
-819
-745
-753
-755
461
607
332
340
10
-625
-760
678
-134
-531
-253
-36
328
-307
622
-156
598
565
924
-95
40
121
164
-69
120
892
-264
68
317
378
782
883
251
399
-995
90
-439
-431
577
-511
-951
424
-755
623
-169
-94
221
664
522
913
-320
-327
586
-847
152
-922
72
727
-297
-556
-290
-86
741
-488
-92
714
-593
915
-666
277
-242
-368
930
245
-355
-832
-958
-129
-544
-747
578
-352
-687
976
638
797
-404
-968
820
-237
160
428
743
-48
-385
734
515
-383
923
605
713
312
-481
-499
48
746
706
-647
929
275
305
454
31
-671
406
-932
-945
-737
215
504
-828
92
-616
852
-57
-679
-782
-692
969
-828
-1000
957
-80
-795
742
-938
-370
23
-967
527
-305
-119
-973
-496
312
-708
892
-49
-400
20
-607
-726
926
474
-423
-697
-776
186
-513
-784
-512
-139
-114
-704
63
-214
-254
-491
-155
-239
-135
528
-232
-8
-977
738
781
276
-818
-509
822
-147
516
-874
868
-361
-876
223
-441
480
-646
-908
908
-949
983
178
388
703
-806
-875
231
863
-654
-287
379
-351
148
-560
-265
-76
844
643
-29
171
-692
-651
-833
-985
415
712
-648
-288
254
-307
-821
498
-625
208
-488
-736
55
292
-452
-13
513
-11
-113
92
-721
94
605
153
295
854
414
-537
56
-408
-6
266
840
-152
237
-942
-720
993
987
552
-437
-997
295
21
-826
42
257
204
-700
49
823
383
688
-466
501
-619
290
234
838
-800
946
-38
-849
-641
478
-262
-884
160
86
-275
776
955
450
205
699
94
-551
-881
172
777
291
-812
3
-361
778
506
386
878
-912
-91
827
-896
164
906
-706
-961
-386
-944
97
428
83
361
246
341
-238
827
-827
-425
-816
769
545
827
687
896
-859
432
837
139
286
-496
74
26
262
785
689
565
-945
9
283
-357
-23
-501
-381
-838
377
-325
-256
-680
-197
687
263
-820
870
-79
-646
766
-137
-331
162
-744
-112
-765
838
624
406
-624
943
-756
187
-139
997
954
754
-907
-981
-510
-115
-66
262
885
-910
226
-946
-363
-999
756
785
-225
-788
211
536
152
839
668
-395
575
808
221
-535
911
-726
955
790
-671
-329
451
-410
-949
689
606
970
-969
64
-336
583
314
6
-579
85
973
246
187
184
-1000
-227
380
7
-147
-316
893
-547
40
376
-855
268
-224
-138
-370
-854
-937
-867
246
-670
625
904
740
321
922
314
223
-624
868
-900
-60
-699
-840
163
-829
-350
96
-769
-196
-450
-540
-6
344
-269
133
-156
-730
-692
944
-235
484
-973
-387
232
722
814
978
836
969
-812
-863
705
670
619
226
-902
-40
-761
-178
396
180
-175
-643
525
-297
80
-925
-823
220
191
205
-685
985
454
-422
-414
504
-769
257
492
-757
-732
-765
762
-425
-903
648
455
91
-265
-728
-748
593
-667
-513
502
-685
-314
961
-808
273
-918
144
-977
314
272
-139
765
340
885
-683
245
-832
-703
879
-542
731
-4
756
994
634
-608
134
-256
206
214
-802
-917
977
266
-387
-119
361
517
924
940
-251
362
-605
-284
-229
118
429
238
24
759
-338
-528
881
-837
480
629
-557
379
221
-882
355
683
-637
885
-994
-820
508
89
-832
572
-205
110
113
965
-557
614
-806
256
363
978
26
525
-995
-982
-370
-496
109
-829
298
853
-966
-481
620
139
-577
846
811
486
335
76
748
-782
55
-575
204
331
-396
471
937
948
-656
-614
-914
699
95
312
129
-119
449
-86
493
-954
289
266
-996
-403
130
-120
390
-904
-810
58
809
-451
678
352
-397
771
-601
-926
-905
333
-576
710
-623
614
-493
414
371
-933
665
-520
-176
-80
-33
-831
-502
3
514
-330
-859
-78
599
-441
-688
-477
41
534
-45
328
-903
-781
-229
381
-738
-511
232
192
820
585
522
-509
864
-838
25
277
249
-773
-243
-97
993
-866
-392
998
-754
299
-469
142
-146
-493
-263
417
-733
478
-599
387
74
-712
-503
-292
-90
264
436
-647
798
977
-603
445
288
116
-523
752
40
705
84
39
362
-341
-574
-319
-573
-32
-944
-254
660
-264
-74
537
-4
369
-990
-226
-432
869
765
-583
873
104
981
859
-459
-720
908
-649
-781
-386
373
-355
-558
-292
-99
593
797
-880
-945
418
-518
144
947
511
-583
-762
-137
849
-417
231
-441
-707
-59
261
812
100
601
720
495
-718
-14
-786
-252
392
-802
112
-380
237
-472
43
-443
-781
-542
-76
499
378
32
593
894
-571
-88
868
272
185
948
-775
-717
66
-309
478
212
-567
649
-475
517
-782
-935
-264
-175
-610
593
-855
-456
-38
-952
516
360
-132
869
895
89
628
216
197
-771
875
-846
426
-521
361
-425
719
702
3
658
701
-12
604
-521
117
566
-296
-739
-383
554
-968
-982
784
874
-960
-392
-752
-806
-774
-847
-969
-369
-22
-243
-213
603
278
101
-825
-793
20
-972
-491
949
-513
-814
-364
963
479
-37
978
-895
190
275
-999
-358
-5
415
-312
-750
-882
465
-620
353
100
309
-43
831
-233
509
-155
205
-771
783
-385
322
955
-273
-888
-1
-711
367
-697
299
-743
713
27
839
-452
847
-802
458
554
166
513
588
-653
540
706
-510
883
-639
-934
160
180
-482
-448
-791
-741
540
-347
-476
-286
122
190
862
516
-773
674
-283
43
-501
-175
713
433
-138
-364
204
-778
-352
461
-459
-651
35
387
-352
424
-458
920
23
23
-101
-66
-389
-888
-983
-253
482
-828
511
736
-684
698
-838
515
723
-469
276
-225
388
79
90
27
713
-763
-624
822
496
723
-968
-815
535
5
682
-948
996
-37
-858
-560
173
-642
567
434
-545
189
733
143
892
540
-429
-882
202
715
193
554
946
233
-539
-983
949
-200
-569
251
815
722
198
-958
971
153
-629
60
-3
-942
131
-51
818
-449
392
963
-985
-971
773
-650
996
-650
579
-317
501
-885
555
-545
-590
663
-812
735
634
-593
-698
745
-284
797
482
-445
-159
-976
-543
-400
-229
324
-1
336
-701
809
647
-536
965
-175
-576
604
810
-390
33
-529
882
123
189
-858
855
938
459
671
955
-522
409
-909
-224
-712
-82
-778
56
-787
533
434
-497
185
-535
764
-8
-827
644
860
-905
3
-156
-811
-696
777
-132
958
641
-905
-718
-568
612
124
783
321
-99
319
66
-471
-125
248
-606
916
319
-713
221
-639
-468
885
458
724
-33
-876
-282
939
598
-460
220
-917
195
571
179
508
681
741
-183
-249
-883
455
754
-225
73
-569
329
431
657
-802
959
-815
-777
-689
437
645
-995
998
-427
37
277
399
279
850
889
760
781
-95
-233
895
288
785
-625
-908
690
78
-69
906
546
-436
25
-94
763
722
-794
-686
-388
731
-457
-823
576
-942
644
-285
-714
-268
-444
-159
918
-494
608
-935
-622
-934
-255
797
-500
37
961
35
-886
-283
-494
-813
-230
689
-834
-722
-953
-495
-121
-459
-629
-993
-993
416
-481
-163
874
878
-492
175
53
179
984
169
-926
971
-519
-656
-812
914
-113
-359
-609
88
-61
-310
-681
-854
149
-404
137
979
-791
-234
-961
-352
500
-16
343
430
200
-326
242
562
748
-282
243
435
806
473
541
104
388
-748
43
-12
949
342
112
931
-117
39
438
-786
23
-763
701
623
191
-309
-201
276
492
-105
913
-464
-654
938
340
457
795
-872
-586
-748
90
644
-547
509
-689
937
524
29
-719
394
944
-144
-627
178
642
151
-213
-598
-480
571
483
-881
457
872
59
654
-227
-869
-251
-988
-350
396
-659
394
-433
548
394
-858
650
-989
-910
578
-777
354
-730
643
-153
-727
625
-46
-466
-588
898
-402
-786
-907
-524
270
-257
-679
-967
-553
-404
783
-328
-721
-924
-961
86
-1000
-887
202
-868
-356
-517
76
67
-568
-19
-657
877
285
-918
-804
724
-513
-688
-330
488
303
-915
-251
217
-678
-191
-703
981
-51
322
-925
-621
-901
-811
-581
383
930
-898
-42
668
-166
-828
-116
-494
175
-944
270
-316
557
-177
470
-257
798
161
714
-682
-996
-522
-727
-124
-642
-891
630
-291
-652
202
945
749
595
-271
272
711
579
301
106
-228
-344
590
-868
335
-424
937
-214
961
619
777
118
109
573
405
-414
-9
-853
-932
210
761
280
-347
751
684
-800
117
-697
-280
-685
65
-227
-681
-770
181
858
759
369
-335
78
-864
-703
-417
-571
996
27
368
-974
-511
322
264
-662
-507
-607
385
760
499
-880
-52
-518
911
-26
-373
372
728
-562
-137
247
881
-897
-995
33
165
-923
-35
-939
479
698
693
-400
-149
-976
-519
-61
267
681
464
228
619
-565
536
635
-935
850
75
764
-35
-108
-770
-997
519
694
-920
-67
692
203
963
141
432
853
342
909
70
-533
-167
345
215
-335
351
-942
-909
-222
46
251
-43
833
-771
-204
850
556
298
311
-308
-238
623
-906
44
-501
-884
805
-37
-381
859
-774
-298
-926
-373
887
605
40
-779
24
49
544
948
662
284
322
580
-388
-344
-855
430
516
-435
951
668
-261
620
-918
-865
221
857
437
729
760
-681
352
-329
-131
531
49
-780
10
-361
-399
-697
-119
265
299
-625
604
-55
-333
-553
32
998
-448
136
36
-762
381
-959
-212
269
-948
143
288
-197
509
-637
454
-257
-184
461
636
233
-169
-814
29
-808
99
157
-738
-689
-238
576
641
-81
-271
744
-860
-164
483
348
-810
803
373
-807
414
181
-855
581
-496
227
845
-517
106
341
-624
271
760
89
-676
-325
-966
-982
494
-218
928
336
-63
-427
293
28
267
-160
737
255
739
235
428
276
136
-761
-672
-860
-207
241
879
577
708
-796
264
-237
683
-971
-620
-881
-606
314
-997
828
368
-359
-532
990
-715
-949
547
-810
189
-329
-669
-988
-420
634
-183
-138
447
785
353
-8
-459
394
172
-31
-371
-164
81
14
-690
-617
-429
447
-156
-986
967
115
-910
450
-194
-688
358
-949
485
-879
-48
-420
-271
581
164
-442
921
462
771
777
684
417
506
-782
-269
152
-855
-179
-159
-786
-628
-733
558
766
674
657
-18
544
-305
670
623
790
-360
-560
784
-757
80
310
163
109
918
-422
953
-228
359
-328
161
187
-927
-972
17
-864
272
469
31
345
767
-74
994
898
537
37
-167
-922
915
-500
-186
-615
15
816
-501
-997
-159
-180
-543
497
141
-232
819
-740
997
854
399
-845
-575
185
-955
-977
264
-668
-443
-47
-273
644
-92
-177
-710
-975
832
955
-643
897
773
115
713
-295
-810
584
268
853
-42
-473
573
-989
-499
-497
-43
-530
848
803
407
213
-612
902
433
-626
-796
-29
641
757
701
934
-20
-867
850
96
-727
-17
396
457
883
790
-188
-84
271
981
-76
875
-510
-932
-711
322
-487
867
687
857
158
-913
-555
638
-731
-676
62
-389
467
428
805
-218
-644
301
-559
760
709
-737
989
-761
-5
-115
85
793
80
626
-287
-668
-960
-473
-528
634
627
69
-765
347
842
430
535
-456
381
266
-419
-388
-557
-919
-974
882
606
-321
200
325
282
-917
-704
-771
-747
771
-206
503
-260
-312
-685
779
-136
231
651
-88
718
-614
-382
-56
948
272
452
-569
-927
393
-798
-752
-72
-36
550
-284
199
946
-426
-807
-613
-907
35
188
491
367
-631
857
378
-508
-145
376
478
885
-590
-24
218
-427
392
-104
-839
-761
-961
126
33
613
-628
161
463
585
577
810
889
116
-438
-559
985
507
-984
995
184
469
798
804
-369
765
-84
158
-11
345
491
-409
-505
-160
14
871
832
-123
-710
-650
-733
202
-725
-762
-761
-198
-226
-463
-14
-565
149
-450
177
459
279
-180
850
-312
-688
-230
539
-392
158
853
-731
991
-858
115
693
-247
-946
561
-882
-492
-145
765
299
-582
858
-263
-984
-776
501
831
-561
176
-360
992
380
-725
-331
-80
-674
548
360
-251
-332
-31
943
-470
56
872
-842
-926
-319
-807
-523
-619
-960
-520
609
-206
477
879
-702
-392
-433
450
724
-54
424
-549
274
-32
-473
750
-9
996
-53
-21
-828
972
-701
-242
560
532
121
-184
-863
449
-588
826
-555
245
982
13
165
777
-389
345
663
678
45
48
675
-626
300
386
167
-310
888
-760
-211
-612
-811
-336
-258
-949
-353
-709
-919
615
-138
659
834
116
-421
990
134
-619
19
122
516
-631
256
-155
-245
-656
215
236
-126
428
641
946
-270
716
716
-238
436
-941
-226
-867
-261
-748
-454
-940
-89
-21
299
-323
-749
-2
757
295
269
-158
728
-597
519
-95
207
-814
-905
565
-61
-12
-877
-490
161
-984
117
-5
-739
-485
-788
-54
-238
919
-702
-484
-656
885
-395
268
426
-242
-753
-143
39
684
18
-549
-541
26
169
-679
-960
-568
-699
-661
-2
-680
-382
63
-163
422
743
-522
711
-350
677
657
854
184
744
9
459
876
463
-524
-235
-655
-320
828
365
269
868
570
-184
-15
940
-186
585
-27
-706
-693
851
-604
951
-438
841
-774
-28
138
-253
656
-395
918
306
-334
-107
72
-580
-176
748
-359
206
-950
-968
-975
670
988
204
381
-534
71
-592
-937
269
-407
937
-844
623
-664
767
-843
909
-662
-918
-592
357
-393
166
-167
-739
657
802
-636
-101
-943
-410
-537
-492
844
-531
-154
-748
271
-932
65
-89
226
379
-247
901
853
-11
-412
798
-735
649
-623
-584
77
-821
806
153
-981
-600
-9
804
738
913
-679
-249
-574
-836
13
196
-447
506
253
-511
625
939
373
129
-469
-178
608
-158
326
275
327
815
-894
445
435
-693
843
343
568
-972
241
-897
350
-491
357
-492
-954
-853
-637
348
-736
-4
-625
-890
189
-50
925
775
549
-80
598
192
299
-51
756
-300
403
-32
-286
-937
-458
484
-399
-580
-148
-644
-961
-394
-165
-800
-346
-5
823
-769
-495
-743
421
114
613
-801
-594
397
-829
838
-52
898
350
818
665
67
-442
-254
290
-586
451
-836
-578
604
569
886
973
384
58
786
-189
0
762
767
-382
-258
793
648
328
-62
-773
-243
-578
34
-983
852
317
402
119
693
911
-983
-16
601
-500
386
959
768
69
-302
989
710
-746
-203
-531
-825
-876
807
-954
-122
-908
-475
-734
-872
-941
269
-578
-276
321
445
880
-365
771
887
-243
461
-364
-78
-438
241
349
-672
-586
340
-679
-627
833
289
-75
400
138
-841
141
-86
594
22
658
277
-324
-949
866
-781
672
-259
843
-145
-570
-529
-79
36
-737
114
245
190
335
-783
215
-535
-287
-619
552
-984
-211
553
361
85
65
-711
791
-517
-215
-179
-555
490
-265
-6
-504
569
-889
460
-998
-827
-363
279
-163
319
276
-331
-671
-485
41
77
-951
503
561
-848
-120
577
-680
-380
-418
-421
53
340
29
788
336
516
-395
-551
648
953
819
-203
336
-780
-385
157
-643
188
-608
-579
518
-372
-669
893
-253
545
820
469
-735
19
-261
-208
-868
-326
-144
-252
-820
27
-428
166
404
-126
156
604
-794
-584
-352
-439
-824
30
208
-232
261
311
-624
-623
-870
-350
-712
593
607
-780
-260
28
257
48
-706
627
-497
25
551
-159
98
-580
25
-862
-696
-808
625
824
-298
-628
947
826
-140
799
31
-61
747
7
233
618
-818
853
-308
431
439
948
881
-1
-396
-230
915
531
243
-505
308
655
-909
-836
867
75
-25
-434
-413
705
-511
-809
-789
869
-357
-871
-491
-989
676
-446
-643
-963
-579
622
344
772
405
219
52
-790
-586
625
-1
48
-37
444
-572
-384
500
-583
908
519
-690
691
264
96
-696
-389
-503
-444
147
382
862
-145
-181
642
-1000
-743
111
308
55
-274
126
-328
714
260
-140
-116
-387
366
318
873
-159
-212
-620
-182
-268
829
728
-135
364
-588
-632
-387
431
128
546
-164
585
661
125
184
295
565
-129
-864
471
407
-467
430
-306
602
-207
-371
287
875
528
-929
-721
-564
-500
-702
-226
618
763
414
-272
-401
346
182
-540
862
731
587
788
-71
-568
814
287
627
455
-619
-402
590
720
55
-724
759
-616
-337
-104
340
-788
429
685
20
-404
-559
652
296
-64
961
154
834
-431
262
218
-931
358
-69
-514
403
-404
-890
578
-498
-290
335
589
281
-725
915
730
902
-477
-788
-864
-17
96
756
385
-598
470
875
260
-421
-310
642
754
268
373
966
-830
-375
-137
-324
839
896
692
849
-269
-808
614
209
-710
-899
-327
-538
369
-474
278
898
165
-437
617
864
-215
809
145
796
852
-484
-38
167
-278
-877
-157
348
842
909
668
978
368
-675
-862
-882
-831
559
205
321
-639
-872
251
153
490
-616
-268
-673
90
579
399
299
-256
-604
-676
-677
-193
366
-141
-80
-348
594
155
-195
106
-218
324
325
-185
-572
141
295
373
-478
-105
-334
948
-425
-340
-161
150
681
-278
-963
814
-900
-163
-445
749
-17
-870
364
953
960
876
-734
850
-397
976
733
30
-218
-307
-991
242
-85
15
506
495
-257
617
-978
-14
-789
390
-829
184
-452
555
803
-272
130
-323
612
370
-513
-90
68
729
-672
-117
-653
198
627
-909
-938
-664
668
877
132
-333
-514
-79
939
943
441
323
894
-677
327
332
-878
-980
976
-219
580
424
892
658
-400
820
250
-131
-195
895
729
75
-608
60
-174
209
821
-733
-295
-511
508
940
-799
-920
-962
428
120
990
-555
289
-940
-924
-34
348
-171
40
-680
556
-86
-415
-997
457
664
147
972
-549
-993
-963
-277
-603
214
603
-100
-995
574
-252
-736
248
567
-805
152
910
211
744
415
-214
-831
-832
321
-972
185
461
822
-404
-696
-717
667
-228
40
326
-470
103
216
-989
-255
-335
984
-63
617
249
-396
65
-229
-206
-786
-425
8
-889
652
-845
-965
764
232
295
-721
747
-667
292
-797
308
-413
86
-552
588
-5
867
605
403
595
37
-978
-776
645
-958
164
-529
-386
460
681
-828
-204
609
926
514
-805
-880
-334
-857
-814
62
-20
267
-99
890
336
-654
785
-817
-467
-357
668
124
-621
243
-496
155
-160
337
-867
300
-936
357
719
-189
-816
278
424
-303
-881
-951
-200
-864
410
1
-680
-839
367
-888
534
736
-449
-659
-902
-561
-534
710
-407
552
-707
-847
575
575
708
-723
567
165
982
237
-145
286
726
170
237
-483
-541
441
-3
869
-689
-831
507
990
-254
-105
271
110
665
538
-47
-583
273
-63
339
437
848
-992
520
-146
-624
-299
183
942
-935
125
325
-993
-952
180
-174
-990
886
-870
-667
160
754
-111
-925
-580
286
-785
-415
-836
836
447
-22
913
-366
-835
606
-552
-105
-35
-837
-141
-708
406
-248
-8
-148
560
-387
-296
-938
759
-979
-908
-702
362
347
-565
-620
-794
-727
344
-560
-516
686
518
612
-462
674
-52
-97
-603
-737
347
-813
-24
-964
783
326
-723
-470
-576
9
132
-934
905
-995
-976
278
967
140
-867
364
-952
399
254
-484
-253
970
-881
-166
-348
386
-666
568
535
338
564
980
-832
-783
234
600
-729
-260
758
-133
-179
725
345
993
426
-548
852
159
38
797
-134
299
995
-78
689
-625
816
988
-691
-85
144
-618
-630
648
528
-240
115
-962
-492
315
-311
457
-934
886
-870
-222
375
-385
-368
936
-309
334
663
505
-443
892
119
615
-672
-756
-916
612
205
142
-510
-625
816
-649
-561
-395
-646
-922
793
214
205
486
874
591
954
-587
471
905
-665
-36
596
594
742
239
-976
-3
652
-277
705
169
75
81
623
229
107
-430
789
37
-305
198
164
-900
-925
-542
919
-5
777
-308
-62
-544
644
562
-134
639
62
919
-536
-439
-791
926
444
-940
953
509
161
-771
135
368
-285
495
621
398
-429
776
-382
90
384
264
-173
404
-65
-81
957
-40
601
330
631
-206
-689
664
-636
312
-337
-58
248
-883
568
715
-282
-325
397
765
775
507
472
-878
-576
-832
494
-868
-183
375
778
371
-2
-445
-962
246
-786
92
359
626
-355
-467
29
-781
-884
276
936
-417
169
557
-35
-199
-701
995
77
546
-406
737
970
-165
-339
-565
-266
-708
747
390
-156
-380
590
189
628
191
-794
-874
499
-903
-489
-804
-764
-781
-61
-695
-190
-536
25
453
664
-332
569
671
611
-448
-266
375
-3
-493
-752
827
-174
265
784
-683
547
350
882
74
-646
178
-259
539
-553
-361
136
-465
-14
-516
-837
-415
238
-741
696
332
389
-720
-740
-506
454
73
827
-546
-436
104
619
-402
-248
-22
-865
-502
451
-113
-687
210
703
875
377
563
-716
-689
356
-511
-416
-665
-563
923
732
-575
703
746
336
6
-572
-635
212
-265
-758
-783
-445
-716
-729
551
-613
-554
-369
940
195
125
-262
881
-60
-170
102
796
-9
-862
433
240
653
-78
-946
-633
424
-261
493
-759
-887
-489
-28
-75
-632
-374
-228
-670
119
-443
847
-283
331
-509
-174
-298
15
636
-343
-24
19
770
759
142
-52
551
-973
-664
-398
-473
305
229
343
536
-100
-90
-560
692
547
-895
-945
-16
-752
558
-580
-746
943
-840
-14
970
-237
56
-597
342
696
-921
586
203
-858
744
-488
918
-279
-139
-132
-947
930
-335
242
939
-794
446
487
-638
-975
469
841
-499
-969
-762
530
635
952
-604
-2
-333
-745
8
-615
-99
-957
-342
780
-831
-700
-683
-826
770
-550
980
-78
959
367
898
-743
-603
108
-145
-729
867
-275
17
318
-533
239
431
959
381
228
688
-352
-784
-722
815
-665
-156
-517
-266
-929
-561
-780
513
-462
-797
-593
100
350
-956
-708
-328
-342
504
284
3
342
360
60
-856
-372
359
-31
-840
108
-8
302
-111
-352
-320
576
-814
-484
-156
-654
29
-762
-698
151
22
140
-925
993
580
-332
-829
189
644
900
-951
926
947
458
-312
-723
705
143
370
596
157
279
759
936
-174
-824
-299
-94
-110
-897
-474
794
418
348
-702
823
-486
-677
-676
296
-178
-874
-556
325
-50
-829
36
-333
200
-800
317
-854
-152
780
-393
-611
-75
-543
397
223
-130
285
68
396
-394
-782
-948
-971
-410
131
107
197
425
-827
634
890
-17
-585
-420
-926
198
937
585
-970
-779
-189
-407
-818
502
-413
-228
-326
-558
787
-660
-796
254
-390
145
548
978
501
-659
582
-996
-170
-584
-64
-325
-244
896
621
-48
5
-613
-435
561
157
718
-45
-17
-924
-944
-177
-140
906
995
-487
727
991
-520
-435
-679
-231
-911
-397
-928
-315
512
931
157
-599
-947
810
809
-216
736
-408
772
514
241
340
-571
777
-575
-926
123
-724
-486
812
300
-771
-730
698
39
-162
-462
-668
-643
384
978
-124
-492
-865
693
-996
801
-356
-619
646
232
-493
-624
-71
-853
205
-419
210
-134
-959
293
-77
-934
-606
-406
-202
831
-788
26
-224
-396
-777
-621
961
489
550
-36
-328
-183
931
512
582
-410
-174
367
-799
-581
-307
512
-866
-94
642
81
-363
376
-976
971
46
-406
643
163
-998
449
-398
-565
26
-336
-170
-996
-317
-40
262
-588
659
144
801
749
-743
598
-89
619
692
382
245
-542
561
-274
-31
-920
-343
-744
713
-146
819
-517
-308
-716
-486
733
-200
-282
-507
-164
-676
755
-702
-74
-25
228
-43
458
215
-653
-511
-119
-499
573
356
-454
238
-292
-445
-236
171
117
-573
294
557
761
1000
-548
786
773
-394
-871
-461
-820
-931
-152
-409
-165
-791
-667
371
-370
466
600
-188
-425
-697
-470
207
-617
-19
-570
-707
777
548
-77
-213
107
-111
-569
-501
-998
-879
-662
-554
-249
-82
194
-834
-742
869
91
217
-51
221
954
-981
-361
811
191
-270
47
-922
-78
-896
957
-930
-937
-964
456
133
-19
-152
466
-407
-555
58
-765
-389
-596
969
-432
-647
542
-196
983
777
-26
-690
-423
-419
190
936
57
-258
996
-587
238
-396
-640
867
-36
226
-527
-682
-79
726
448
-373
366
-458
-132
-610
789
425
-877
367
540
316
-161
-45
-67
934
-662
805
780
-221
243
715
-734
-870
764
-966
392
-119
-104
411
-46
-159
-762
-305
-150
-471
-210
97
631
-422
-732
897
423
-323
-709
-63
-673
-856
42
-108
640
553
132
-886
-953
754
-7
755
-441
-905
-644
-585
510
284
-644
552
656
-478
739
-489
735
-531
126
411
221
731
982
542
508
255
-265
392
80
-173
277
228
998
245
839
-475
-649
583
418
-654
994
-622
428
434
287
-347
806
-592
542
521
-222
512
-722
-163
796
260
-681
-546
-9
995
-673
884
-107
347
141
562
-206
-518
269
-99
-690
-659
306
447
238
350
-666
-384
133
77
650
574
-550
745
-858
-596
-231
-565
707
-397
-259
-237
-52
708
373
-335
182
487
182
-139
193
298
298
872
337
-314
-489
-462
-216
-256
262
-746
-635
-748
444
679
836
980
691
-316
762
778
705
-643
528
-422
50
-765
151
-973
725
329
-72
-757
12
-12
-133
20
873
542
-829
-808
72
288
-145
717
79
813
851
-677
347
-293
-441
61
-383
-610
166
817
613
-470
46
-499
-262
-462
-388
578
-588
-745
998
-639
506
473
-632
-868
-225
79
-190
252
116
-932
-477
-422
-836
-794
944
576
-460
682
758
-706
-245
-154
43
-858
-473
-558
582
-554
359
-60
-432
-836
-879
-533
118
-710
595
-858
839
336
-913
-990
342
-357
264
-115
-669
992
-24
425
398
316
105
-681
272
-715
-482
592
-575
635
722
797
-552
746
-835
415
965
-942
954
-125
-746
-780
-668
986
967
-816
338
-577
771
941
520
146
-163
-316
-53
-330
143
-915
-626
546
838
-975
527
-27
-105
-789
-665
782
825
823
-978
-147
593
772
-288
979
301
-796
186
-363
-960
-216
-484
-101
26
-497
-420
436
-876
-438
863
-964
886
110
-471
-694
357
-845
25
-728
197
757
196
2
-259
-515
811
186
837
-878
168
-816
5
421
713
-76
-624
49
-993
842
433
-557
785
-204
388
-906
-815
-43
-94
-471
933
-549
537
511
735
-896
-536
-120
-632
-388
-70
-910
657
244
-553
-239
-862
318
-298
458
817
-744
817
645
-431
256
-602
23
893
-463
774
272
-373
882
284
-91
539
319
-551
825
319
-143
-321
-409
-152
-734
257
19
-576
622
287
189
-940
401
-85
190
261
-755
-870
628
-222
-299
-366
-997
-855
568
59
-565
322
244
-504
704
-393
573
-700
-404
-534
386
-212
-860
-656
-370
192
-268
225
369
182
265
-839
-778
748
539
84
331
529
-293
784
-765
285
-52
-985
-886
-313
860
391
445
992
-860
929
-433
114
-651
21
-654
487
743
-482
58
-755
-876
-457
-841
-625
-139
299
184
224
799
-299
-534
873
-702
-197
-909
933
74
-644
-918
70
-1
-584
744
-667
-487
242
-843
478
-332
-70
647
-271
123
562
-897
-987
-643
-756
-965
762
517
-85
238
432
400
-945
-99
-632
664
-691
298
598
-782
616
23
12
-590
122
-510
311
345
-293
-759
-915
-156
-526
697
-707
-346
-549
502
-226
608
-976
205
-449
-694
111
-752
-650
959
99
654
-57
311
254
-111
666
-647
-714
349
31
759
-512
595
856
354
-738
-176
255
-620
-496
782
-465
-913
-798
-844
-616
-143
-44
-761
-120
-612
707
-844
-41
204
325
796
-956
184
204
899
320
313
90
750
635
977
23
560
330
-97
-124
-782
-421
417
137
-443
310
995
88
906
269
62
561
889
-489
276
87
994
-649
156
-840
-744
157
-710
-715
-796
568
647
426
-995
316
981
189
-112
704
982
916
927
107
655
951
-365
130
846
-1
-423
319
57
870
-264
-735
-917
573
213
158
-307
996
351
-127
470
488
-213
-547
572
418
541
-795
-685
-594
-595
-681
-565
-577
928
838
719
216
535
359
-779
-121
-392
222
289
-366
-820
-511
715
-742
-144
-526
-948
851
632
-727
229
-500
-526
72
953
139
-716
139
-50
566
378
189
-619
-129
-799
-984
918
28
467
-49
-667
514
-624
918
52
-489
-114
-919
724
71
-821
-890
-682
-759
214
616
922
574
607
703
-43
-919
-893
335
618
93
289
-859
65
321
-843
711
-537
-885
372
-347
59
636
-57
-713
974
-49
101
-405
825
721
318
835
879
756
280
13
-822
-87
-132
-226
-777
-962
74
-703
-584
-394
853
454
-824
-395
528
329
-694
988
-357
-570
-788
-467
-14
704
192
-2
248
907
749
263
381
-390
123
-982
140
-255
356
-501
-697
-196
-727
-687
379
-758
-193
-502
-990
-675
745
-581
229
706
94
-169
339
19
-674
-773
785
-833
569
-604
-920
-804
-978
-733
794
900
239
-369
-543
-595
944
899
72
359
-733
86
-276
347
-711
-176
459
-730
606
-123
992
-680
-171
817
-836
-559
-481
573
528
-542
791
-376
871
375
-725
497
83
645
92
949
-404
-427
0
951
569
233
-440
473
800
-534
-519
-55
302
939
-805
801
696
-2
924
-26
-404
-487
981
-972
351
-862
524
736
-742
-828
64
531
-799
665
884
64
-709
235
-525
-475
-18
-946
-710
-787
873
433
21
360
-287
38
-16
924
-869
-7
204
-463
-947
-30
-537
730
453
884
399
-447
-175
851
-431
-473
903
207
-423
444
87
-993
178
599
-150
611
-84
766
37
501
-942
200
-605
-807
-446
628
638
821
473
-123
80
773
904
-863
405
271
755
659
-564
698
424
-624
-448
-698
938
463
60
965
695
715
998
191
-776
-362
-880
-692
934
-805
-173
571
-975
-649
-104
-619
33
340
492
943
915
962
-267
-930
-972
189
-843
853
-250
-934
-64
884
33
-711
-393
-477
702
-664
772
-483
379
-616
-569
632
379
675
85
91
125
-10
65
620
496
-907
244
-251
510
-279
-753
-817
-868
-790
-572
-350
160
-449
-124
-614
-416
-313
747
-196
525
-337
-987
-607
-463
189
-817
-230
318
-889
-906
-498
-287
-495
60
-409
-787
-205
-714
-615
107
86
910
-489
604
631
-175
300
-804
592
883
754
-377
-480
28
-848
-275
-439
-406
-624
523
450
86
-170
441
-43
975
292
819
309
423
811
-737
183
-615
-671
847
-206
-141
443
-909
-512
922
750
336
729
603
136
321
-456
601
-725
-41
802
813
754
839
-176
208
-756
375
-654
-301
795
367
-135
153
-19
-308
-555
-277
-891
-654
-332
487
918
238
10
-761
-329
-665
-244
-812
38
-774
-415
-858
567
-812
399
-493
-578
646
-544
421
607
-273
-555
-221
754
-107
113
389
-84
494
313
923
-974
71
950
607
871
223
-957
363
632
667
182
944
-242
-454
-486
15
170
-721
954
359
-714
582
-415
-383
-487
367
-747
301
765
312
-527
410
-632
-751
834
903
-169
790
765
628
-579
79
-247
-139
522
425
179
-713
-987
-609
503
122
382
-84
-347
210
-130
564
707
-137
453
464
542
948
697
-174
-122
434
547
225
871
945
-92
-838
287
-47
-677
377
210
-351
-280
-355
282
-624
-750
-399
172
-888
325
-912
415
-806
-403
-661
567
-48
-309
-113
926
208
785
444
-199
-486
-283
840
-124
-36
602
375
-366
-436
248
-932
-687
320
799
-688
354
-169
413
484
126
-538
642
-815
-826
-289
-380
92
868
-482
568
668
64
274
303
467
569
474
607
683
432
-300
520
-613
704
-976
919
-882
364
-261
848
702
258
-86
622
-343
-682
-981
-831
767
754
875
283
749
511
325
608
-559
903
897
407
723
-168
442
304
-591
-48
-186
344
-401
-864
207
-696
65
723
-166
804
-999
865
-3
923
-325
745
808
-151
-25
-137
-486
749
701
-561
689
-102
987
-510
319
-649
-623
934
591
-241
-566
701
172
0
269
501
846
-705
-130
234
203
8
-756
181
-185
829
601
940
-381
-352
-466
-564
-703
-345
-933
-889
-1000
107
-623
961
126
-651
-600
41
-988
12
635
481
606
-150
-331
209
-295
173
248
72
-718
723
-462
337
-311
711
696
-143
-788
238
164
865
-802
-10
145
399
500
911
501
148
215
-602
404
612
-503
786
639
-436
-322
695
491
915
-915
431
766
-293
753
-328
-924
-44
-698
433
-266
-3
696
-856
836
259
162
-923
76
151
109
-157
965
340
271
-376
464
-672
-940
502
-46
252
876
333
-994
-605
478
-424
895
-17
-74
528
-975
-209
-502
-684
512
331
389
-435
-645
647
-597
-478
-791
-671
-854
744
850
-37
-378
-669
506
477
220
-686
-315
762
78
839
210
344
562
945
112
-589
-203
-910
-729
642
796
-373
567
558
-205
-810
-931
-517
-175
-351
858
285
444
-98
505
-317
678
-466
160
-688
58
214
-912
-887
301
590
50
-140
-71
254
-255
-990
10
417
374
285
-204
-414
830
-87
-557
-654
-487
-906
-768
-668
863
-109
-158
345
-111
-135
-681
-726
-36
-891
-901
773
260
-737
244
-157
25
573
-799
-649
-35
-267
558
55
-931
990
-797
693
966
-348
-501
236
894
86
-484
-261
-130
-603
892
39
-571
-233
-999
-272
-25
-846
-992
219
524
535
86
819
604
632
899
47
172
-220
-839
-722
490
853
-536
859
-388
-25
-110
289
583
815
784
-119
-650
-764
-995
289
1
-794
-699
158
-206
-211
678
-229
701
-502
322
953
-7
-324
805
-377
794
151
389
-466
-948
-562
-403
-962
978
-255
581
915
495
-49
-105
-769
311
741
-507
624
533
-936
-17
-775
801
-874
349
-307
-209
89
-652
-322
-381
516
388
-470
-308
-193
12
129
177
-860
728
-9
399
420
289
250
-689
231
-591
903
-144
199
408
-685
544
-840
748
-903
966
760
-401
427
-117
233
799
-450
566
-482
93
706
-202
684
-15
977
-262
-854
420
-740
29
-418
-157
-357
-452
-753
-207
-645
-697
-808
288
700
278
-738
-26
-882
-674
751
-629
846
-504
-868
566
-897
-355
212
464
-609
479
-985
-651
-454
-15
421
-924
246
133
-387
-166
796
356
720
157
765
788
12
315
720
-647
-853
206
850
659
-818
-885
-342
461
185
-43
-228
562
678
369
801
865
258
766
946
693
-973
-324
745
522
963
368
960
-526
11
747
-345
302
427
994
-321
-828
718
-434
244
-385
163
-384
532
115
-714
-838
-657
561
-450
160
-313
-588
-810
-340
-513
430
-6
-286
696
-754
-337
-337
-452
987
420
756
-638
129
-431
746
860
955
-117
-418
636
662
479
-66
446
-335
-21
-536
-308
523
-487
713
-758
924
-947
-636
-988
533
-131
-354
-741
-432
-370
-440
-739
-466
-912
903
-811
273
-108
-452
667
522
-541
-808
-385
329
-609
873
-189
860
-56
100
-635
-1000
611
-201
117
-756
-7
738
-429
-626
-747
307
905
-761
596
454
94
-196
803
-983
-513
91
237
-292
-223
255
-245
68
29
-721
-766
-745
-775
-588
519
-388
929
-765
317
967
417
-856
581
-651
556
906
546
299
-606
796
-799
-816
-939
203
-40
-748
61
-73
643
-819
639
-100
300
213
419
-173
-979
525
-627
-229
-872
-642
-813
679
559
765
82
185
946
-424
492
897
-58
730
-892
-731
501
842
274
110
-476
659
-343
-912
781
-782
-676
976
-602
-160
26
-715
-347
-38
-208
-655
87
-317
461
-750
31
-136
160
260
238
-110
796
156
-845
-917
85
-997
-421
-81
830
287
937
52
556
-307
368
-12
726
374
-151
-751
384
-223
-640
-984
-424
218
-217
-496
970
-178
110
-876
-403
-832
814
-181
134
784
765
699
757
-334
61
-349
-363
-382
-553
176
-804
843
460
-787
-630
-450
-74
391
863
31
-983
813
-707
282
-688
54
973
-762
-980
-354
-842
264
-473
295
-515
101
904
546
354
-121
-814
468
-683
233
-947
-180
757
-201
262
468
938
-210
637
284
421
-962
169
-783
543
758
-618
955
622
-195
-267
-52
-883
619
-54
480
-222
129
-530
414
-159
-744
344
502
235
58
-614
-997
721
-674
-406
589
-753
-395
888
977
197
829
-115
828
685
804
-153
896
-327
-959
-322
-21
-921
447
926
-335
752
-363
464
789
-971
490
424
106
-673
882
-113
461
-835
-575
1000
-739
31
-479
213
-287
564
-350
628
225
-820
-302
-369
409
-672
237
-290
-648
-358
611
-912
630
281
-355
665
-790
-105
-416
-401
-86
997
845
177
675
884
-811
-901
165
-421
931
-250
863
-761
-810
-161
659
-6
472
92
-318
166
729
629
977
-155
531
-873
-75
-700
156
535
465
-104
-211
62
650
-853
-754
-893
-223
800
-461
944
-893
824
-771
621
103
-679
252
406
-597
945
779
-59
280
-362
629
179
157
685
-38
-766
21
963
744
-761
988
625
-658
-330
0
38
-399
499
-776
217
-465
-539
617
-619
-649
-106
-287
-88
643
204
136
-165
236
419
-130
323
507
136
563
813
-584
-307
652
-234
-242
247
914
797
-817
-809
-431
-588
470
424
-13
-755
678
70
-410
-474
420
-457
616
-164
-354
-369
357
643
182
994
923
-782
-78
144
395
-713
-3
-738
102
107
257
889
416
-474
404
-217
-954
-943
916
488
904
-127
-534
-614
306
978
423
-991
-850
454
551
-870
-982
-653
-542
682
867
-164
812
519
-295
985
-642
-528
-200
22
-746
857
-688
-14
414
-283
494
-687
811
442
481
235
-935
-343
209
-872
-558
-58
-132
85
-315
53
-561
485
866
272
696
893
363
227
600
-613
91
-62
790
193
610
286
-403
-982
163
-916
-19
332
560
143
-474
-920
720
666
-946
65
503
668
-152
-731
169
-224
427
374
649
-243
-374
55
-860
94
509
-631
-429
-84
244
596
-822
-650
-668
-707
978
113
242
669
820
191
180
-891
989
-386
-561
-999
-961
946
979
-80
-648
595
-482
-762
741
517
771
-70
-481
540
-131
940
-904
-420
14
-52
-703
505
-160
-850
653
137
4
-384
-167
-174
-100
-878
938
150
765
999
583
-326
-238
896
42
-707
-970
113
250
-203
-417
-483
-476
-227
-570
-444
496
943
630
-154
284
-482
-421
442
-854
-952
920
-947
851
452
42
-225
-826
601
275
-182
414
398
-965
637
542
-567
433
-25
-398
474
121
-842
958
-713
78
-642
-380
464
-505
-136
-668
-840
-867
264
-474
654
592
757
42
-651
-761
421
608
532
45
-741
-324
-459
-471
-37
-592
600
227
368
525
573
-3
-560
114
176
-194
-79
-657
-469
