21
453
-955
-701
607
564
52
887
795
-293
-16
-350
-66
-327
-29
-108
242
970
-935
767
184
-803
621
-755
603
-848
397
643
537
-153
-625
-777
880
6
-250
-527
953
-340
-23
-862
-626
-430
163
-663
693
831
719
519
679
-360
-85
207
969
-466
847
-667
-574
-472
750
857
444
-780
-602
314
740
-104
375
-912
-326
124
329
-864
184
-929
-915
-529
655
-435
-768
609
374
-831
-347
-243
-238
-392
-448
501
-931
-55
28
-565
-235
412
-844
816
-251
37
-946
28
649
619
18
-829
385
886
706
302
-278
736
107
-136
-85
-155
222
-113
-867
-920
-492
-734
-385
-112
940
-350
-42
-753
-841
-354
-828
54
-692
-668
958
746
-517
815
-360
-690
706
-140
-210
441
-89
274
-869
354
-776
-720
-604
-730
-647
558
-925
-116
-349
-248
-242
167
278
-900
656
496
190
847
-629
-101
350
938
-207
243
-472
-397
417
-182
-973
518
-860
395
-737
-384
-2
987
717
-931
384
811
188
930
281
-175
792
-264
346
47
-999
-309
-736
-959
-54
260
718
-532
593
-579
-652
74
-581
-581
-588
-335
-7
-872
-541
331
337
-688
730
572
219
989
-204
-808
-25
264
-458
-954
223
91
896
-937
-751
94
-674
15
260
748
-728
187
688
780
-32
-214
559
581
442
-959
246
-206
-659
-898
-385
-561
692
-617
-958
-145
-459
793
314
-633
-776
-151
-745
-174
-795
470
757
-298
-803
-395
96
613
842
169
297
-652
-836
565
-597
-334
-409
297
-292
316
763
646
875
-522
775
-633
-379
-936
-878
-84
-131
-73
944
583
-714
-781
290
956
-488
-35
-448
345
-626
798
379
-643
-167
401
660
499
897
377
-406
416
-269
-356
603
-76
-717
682
548
-134
-537
371
435
285
104
756
-335
856
-777
356
61
707
-292
438
928
580
-228
150
-918
120
282
-51
-282
-570
-444
-393
-599
-516
-546
-794
887
878
279
135
-343
-890
787
-104
-906
-147
683
160
413
-959
-638
714
196
-330
-684
-198
-352
60
-143
935
182
-211
41
-986
-263
651
749
372
-962
317
-401
562
964
579
-998
178
-136
-204
313
692
77
-91
552
343
465
326
-243
391
598
-981
-366
331
-661
394
-961
-586
-607
267
-994
815
470
407
344
-437
-576
-358
387
839
353
-551
-160
-306
422
264
-180
518
614
137
281
639
-36
-599
-457
-628
282
357
-343
676
384
-335
-287
-262
-24
905
-369
-970
215
-896
458
99
185
417
553
-356
445
-739
682
-134
611
189
383
-808
677
-348
480
175
-509
224
-104
606
-639
-577
-238
-514
-134
155
-335
-18
-367
-672
530
-300
896
-450
744
1000
517
-149
-439
-152
467
751
-809
326
-124
-360
587
459
576
48
-141
-976
-649
127
-257
-616
-784
-280
-743
-656
-177
-430
-96
114
282
758
-7
-162
-161
783
-459
231
-252
942
945
334
-530
-846
893
-455
-116
407
-698
-72
223
-991
241
950
513
-391
780
487
441
839
-640
968
-310
-917
181
425
797
-259
-389
557
-890
-636
47
-167
-212
520
628
-20
333
470
-587
-333
-648
349
445
801
-184
-702
648
936
943
-746
508
615
-764
-462
-445
-277
-97
-458
-933
-746
-266
283
733
-800
903
579
579
-665
654
-972
256
-119
819
643
-127
279
549
908
329
-159
-856
-612
871
30
-933
-727
192
-918
781
-310
300
-594
-348
543
737
-62
-493
-98
778
295
412
-991
889
-898
-757
655
-249
-116
-91
-41
-428
-475
827
767
-57
-389
547
760
535
731
371
-110
745
-966
-449
-874
-189
-638
574
-644
663
472
-661
289
-379
920
802
-886
-729
-489
-660
-175
372
-128
-367
-531
770
-352
-744
-809
-689
-327
-368
-419
80
286
795
148
907
796
556
-324
41
956
211
656
-209
561
-656
-478
-493
-699
-795
-9
-635
-511
898
-677
919
824
-719
224
-376
-713
145
-804
-716
-654
685
248
-250
-20
-174
846
64
-508
-856
406
-969
55
-533
-727
-444
-592
-501
-198
-567
141
-685
-234
318
356
838
-65
-438
107
-364
576
-620
-756
628
971
-453
753
-14
-630
-328
818
-103
-239
78
472
-875
330
323
-539
-118
-232
-509
176
996
-264
733
-926
-590
-432
76
-811
974
196
16
-358
-681
-882
955
282
-698
246
-161
-139
-425
352
591
290
985
647
79
-810
-693
158
-951
122
678
-657
743
590
-405
62
45
-231
-589
-893
-682
-305
-744
-806
78
235
-537
-737
-956
546
-541
-23
307
-249
-698
51
-83
-139
-587
-188
737
604
-877
463
-306
271
405
-874
391
178
-32
-61
231
-82
-384
-648
619
402
458
16
-324
560
581
95
-789
-902
5
-464
64
-699
625
456
482
-14
999
879
-824
991
208
774
482
375
176
580
-762
-652
-418
589
-619
461
98
-990
-557
-267
-940
-308
-519
-514
-150
-110
985
-38
898
-83
-112
-113
-639
-186
787
-214
449
295
932
-246
952
706
467
-75
-430
-585
387
-25
127
145
-984
387
434
339
887
865
-559
638
-655
-88
304
-513
255
660
5
530
-357
-479
323
-318
685
995
403
353
-492
-482
-851
872
-114
103
-369
-914
272
-714
-30
957
194
336
216
90
544
-247
454
-456
-307
-615
-953
790
-698
783
928
59
-843
-585
-915
-487
841
364
-52
619
-465
-21
-85
-108
314
0
-702
-910
689
-306
413
150
785
466
-889
193
322
956
-734
-281
-687
-109
-322
-122
890
370
418
-207
-820
-935
-503
220
-623
-103
700
-923
963
883
805
-82
-77
991
-330
-214
126
-827
95
388
553
566
-304
732
-710
-627
-905
139
-749
594
-117
453
675
-895
-841
-930
966
981
654
-724
717
-558
562
848
-855
629
-969
-69
-3
-153
-755
-131
821
620
-931
-11
-386
553
-367
259
667
-181
-172
-866
-427
-193
-334
-921
84
-151
-294
342
-720
-313
-526
-131
-164
-534
283
818
-988
361
-539
889
361
157
964
922
-912
-957
-447
-152
-328
-562
-942
549
-609
708
-817
659
48
662
-981
711
-773
731
72
-501
-748
800
-216
-817
-989
494
922
322
-539
467
134
700
-298
-985
-491
-185
-418
109
-203
969
917
-757
987
-536
-957
-43
745
-471
-647
591
-931
11
-15
116
-374
142
-349
506
-79
904
-805
-323
998
362
985
-733
367
466
458
867
550
-11
-429
-570
335
-222
728
-50
-563
-731
927
830
-431
955
67
745
-22
41
757
884
900
839
-933
426
839
646
129
742
-662
-372
452
258
129
-990
-381
-371
-178
-911
-703
-907
-306
-426
-134
-967
-960
384
-901
-74
69
412
-545
-677
-926
-782
387
-190
80
147
-929
272
653
643
5
-765
-648
751
-482
-40
851
-17
929
-242
-312
660
-641
-976
938
-282
-405
-543
-306
473
173
655
-828
679
-709
7
-70
-585
647
6
103
-736
-567
-608
-340
583
117
-525
676
784
813
721
690
876
-469
-421
312
530
-328
527
-184
-383
981
-204
-809
-780
-907
-621
-912
-204
818
404
-86
221
690
730
-117
715
-679
540
-445
608
768
566
40
-637
-904
-444
-261
70
75
249
-549
-888
359
758
-395
-66
-852
914
295
19
649
-432
-970
444
961
116
-95
374
-180
967
-726
-595
-210
996
-328
193
287
629
565
747
-792
-736
102
-440
738
431
-845
-138
817
-392
132
403
358
584
-31
866
-673
-745
-403
-253
-473
-638
-892
190
510
-504
-584
-821
892
656
246
749
-597
-746
706
250
-861
-650
-815
576
-927
-613
-204
-972
878
-126
-273
875
-285
36
-235
-73
-931
-887
-649
469
-749
-741
-365
-962
876
878
-984
422
71
659
-557
482
-742
-338
-980
-344
313
98
-431
419
173
448
615
-893
897
-626
566
-517
-18
698
-340
89
-658
-665
-37
137
355
192
196
20
-800
955
-143
-773
-684
735
99
-125
-869
481
921
419
179
-498
23
477
564
-326
631
623
630
-926
935
-602
680
485
-164
-432
592
149
-403
-817
410
31
-617
546
230
214
945
-29
-12
-132
758
-650
266
-209
-331
-698
-216
96
316
-493
836
515
455
923
-114
-55
669
-407
119
581
-958
-855
131
791
-34
435
454
26
870
888
-838
974
-266
-409
886
917
667
888
200
-994
537
-54
445
-147
-530
-181
944
984
-616
-18
-345
398
-825
-224
-328
851
644
131
241
-370
88
711
-187
-563
294
765
-261
609
-147
-328
726
145
-255
-969
-504
46
689
-164
417
725
34
-74
-55
999
167
-217
963
362
654
-968
-83
-245
334
-237
-437
-23
528
10
-755
-79
169
466
-144
597
259
578
-781
396
-885
706
489
72
-559
-806
-281
-229
-496
435
78
-415
-804
981
462
511
552
814
-826
649
210
-115
526
199
283
-613
-727
300
-373
299
-32
-926
-992
-271
366
137
477
-926
340
-930
116
-669
220
810
370
836
-572
-912
213
-100
-678
-946
-10
-228
-648
401
-170
-996
612
-880
687
551
856
746
-31
782
-292
335
-626
-771
138
616
-434
330
-414
41
87
388
-825
494
-522
-620
-893
641
-793
-189
180
-15
346
-403
-927
117
-251
-959
-534
-608
262
628
441
953
449
787
-560
-599
-405
901
-863
-538
182
-741
886
-338
92
-855
234
68
863
-320
574
791
916
-26
-235
-488
-67
6
-749
-872
-299
-234
804
967
-265
448
-512
90
-820
45
145
331
-834
449
-882
-287
-879
514
-406
-668
748
336
-940
65
197
-708
437
-514
860
-8
-789
-17
661
358
-657
990
273
-60
-376
949
-733
989
979
-449
828
212
584
244
-781
-391
-497
516
-456
-951
927
920
244
-662
713
-288
-304
-314
622
559
-670
20
703
139
736
497
-522
275
575
898
767
442
809
142
-541
-1
-283
550
139
-45
-497
950
-771
589
-368
671
-485
-537
-754
785
33
-93
-251
703
671
23
159
680
70
-115
-485
889
91
974
-507
471
-629
900
475
-346
507
-741
760
327
623
584
357
-537
-133
474
263
-643
-913
-414
-363
552
153
-889
-655
-122
822
242
-346
659
-562
-922
-693
-869
-748
-881
-338
-536
-832
-25
233
-682
415
854
475
665
-352
-953
812
-865
-500
497
-320
-493
408
-19
373
289
-749
181
-84
931
683
773
-572
-640
976
-241
-152
-640
-495
-464
381
-990
-451
-596
992
498
197
448
-350
-479
429
129
-497
-332
-588
508
104
111
-303
53
-981
91
325
-651
254
-701
191
757
50
864
502
-919
-106
-494
133
-81
-658
-917
-472
-539
634
-702
535
-532
417
288
-58
-490
-640
-779
716
141
-449
-237
652
920
-721
133
-390
-918
730
-253
83
-758
647
-727
255
175
-623
-511
-395
98
-403
-269
902
996
-243
-907
-772
82
989
-148
-269
708
467
106
-446
-277
62
-676
-274
-705
-141
405
859
-451
-264
-533
-464
-419
-974
921
676
151
-849
917
858
101
212
-217
-556
-158
-190
633
-746
-229
594
723
-202
-447
594
-479
409
357
393
356
-703
-395
879
430
663
-730
922
998
125
231
-279
-474
-678
937
741
952
648
-679
-989
739
352
266
-568
-695
754
490
105
-793
-729
813
593
-767
-454
326
-902
256
90
878
36
833
593
-150
-151
473
616
359
266
-110
106
-748
881
-361
566
-809
736
-781
-223
-234
820
-753
-636
-201
183
790
-665
475
-83
-214
-835
-341
944
766
-41
911
-606
-707
222
-821
273
223
97
226
-919
503
-16
784
-384
-749
-595
-61
808
745
-576
-917
247
721
-576
-926
34
-586
204
-158
-573
442
-97
451
663
-866
-510
407
-461
219
743
584
605
-147
200
120
212
-347
414
-142
27
121
990
-867
-797
-477
234
-10
-377
-775
327
316
-75
-891
-979
550
228
658
37
130
-19
716
869
-209
-286
-639
-808
549
650
784
-415
-399
-557
-501
-602
-879
-828
476
253
-513
345
-157
-206
-997
-654
256
-371
190
-455
556
656
-832
629
-520
-752
-625
-665
79
-442
-482
121
485
-231
882
-422
-343
803
969
-706
-439
-146
-241
-800
823
991
18
915
-193
868
486
281
119
-71
-193
273
93
973
234
450
368
-464
-636
-288
-822
442
-800
-547
-842
-308
636
589
-819
-682
89
986
416
581
378
-256
202
649
-138
873
603
673
-263
249
-81
-16
837
-632
-820
61
55
671
583
345
-95
967
736
-890
356
836
-644
-394
-690
580
-678
757
-252
877
716
-338
399
-662
-7
94
-15
557
834
-376
479
121
-763
603
-455
-907
584
-286
451
-538
510
954
117
-755
501
-434
341
-585
-375
987
-274
370
-794
-901
991
907
-746
-450
-181
331
-81
-436
-805
730
676
-964
-350
718
-483
-961
-110
-77
889
45
290
710
571
-120
262
-250
-566
-921
381
-9
107
456
349
-787
-501
-421
298
98
35
986
717
602
364
-140
-686
139
386
-801
129
488
-98
105
866
253
-422
559
443
-199
-356
-572
556
-631
-824
383
825
-359
-660
-581
-744
-54
565
-93
-335
17
594
883
723
793
-642
795
-933
921
-937
122
703
-891
-664
-585
892
915
843
319
312
225
722
714
-599
-643
-637
-417
935
-85
-613
986
-225
-817
-352
253
589
925
-9
-273
860
626
121
-18
66
524
-60
-613
-459
-198
976
668
43
54
-422
230
176
594
783
-188
139
75
793
-752
802
-153
-927
-703
62
-133
630
440
32
-159
-314
943
67
-153
792
-30
863
-67
740
-178
-966
83
223
467
-885
847
-315
63
-487
-46
408
289
-434
-668
-486
159
255
96
410
288
301
-80
-376
682
-405
826
348
-491
-350
434
-723
545
-628
504
865
-282
87
-340
761
235
213
82
-386
410
-756
486
-548
-117
-931
-851
220
234
-101
-79
-231
537
-601
-292
3
23
-990
816
501
-692
205
-55
-423
-260
502
982
-465
32
132
-2
309
992
352
-389
-144
654
735
205
-629
-660
48
943
-704
865
-128
226
898
450
415
981
-526
-903
435
6
720
884
-450
343
-595
222
-670
-69
-834
145
630
-821
402
-187
643
-812
-102
256
-712
538
-256
-50
-686
-697
400
212
849
-502
327
854
670
931
69
-522
509
268
-383
-843
999
59
455
-63
409
107
-629
-196
-408
771
-537
-390
484
-673
-636
998
565
-185
214
-806
250
-824
457
-578
-397
-566
-854
-369
-596
943
744
902
294
998
-519
868
-893
-549
-199
-552
-923
225
-786
288
594
-971
680
252
-765
779
-82
-846
249
887
-196
-736
535
577
904
640
427
-867
-262
849
-625
-376
119
-704
522
356
-478
704
213
838
-865
615
-439
-875
255
-798
-128
141
-324
-677
326
-874
-689
450
554
677
168
-545
-67
124
501
502
-127
-281
-345
-133
-742
984
-558
551
-501
-377
801
-133
185
-176
565
792
573
993
420
104
-64
-147
888
-938
-152
29
330
340
713
137
-864
-706
665
-516
-61
216
194
995
-471
108
-471
-69
-380
-202
-228
567
295
837
679
-64
483
80
-399
266
-310
357
587
914
576
10
-6
879
-618
-867
-690
531
59
703
167
-521
-112
-210
-107
-320
45
58
-991
821
77
983
-410
-675
-479
-227
625
-39
-542
-139
-99
-167
-868
-41
825
-770
961
-12
343
-460
450
620
-852
674
-445
-94
-983
-168
482
-165
-729
-254
-443
679
850
-335
658
504
912
275
-299
580
905
607
-265
958
950
-913
90
-34
-112
505
730
771
327
211
-715
-258
-919
931
-828
-822
-859
-280
-796
-438
-190
94
-104
-897
-826
-779
-923
353
-423
-94
-133
-611
-497
-581
-852
665
-179
302
100
80
762
-392
703
761
766
-354
222
-126
-837
494
-315
846
-970
-301
895
-498
344
157
-499
877
364
542
-653
-915
342
940
945
-99
-1
623
580
-537
509
867
793
942
859
-593
814
-216
-639
-789
227
-854
336
-198
99
636
946
716
-890
676
-358
765
243
-983
-389
-539
-89
825
722
799
784
-492
-333
-505
82
802
359
-532
-969
731
746
-488
-602
411
-935
-29
572
-580
-343
148
-39
579
762
-61
-200
-856
-720
-621
-987
852
-736
-357
787
517
-341
-775
-503
-116
539
-159
-927
733
-391
-830
-436
723
-993
326
-18
-604
-590
-200
-83
300
106
-167
-424
329
945
87
48
993
-929
640
-483
-304
-912
267
-860
932
-715
670
-37
-204
465
351
-242
768
805
696
-967
892
208
903
600
-920
-190
-625
-848
-907
-223
963
734
758
-736
-971
-99
-831
-801
116
619
525
79
-534
328
-610
897
184
-672
79
-28
-165
-370
387
-503
161
-688
-603
-712
-762
286
436
992
599
325
589
125
252
-578
224
-339
-746
-261
966
-304
-767
457
-985
-737
-906
908
479
-943
-289
-67
-360
150
-474
-90
-569
969
-988
51
155
686
198
-196
-803
-216
498
-441
-49
839
-810
-347
836
965
891
-704
-639
-580
-357
-78
-246
56
983
-437
455
-461
475
981
380
-715
-456
679
-325
-605
-153
-322
854
457
172
182
-776
-688
-403
-525
378
-619
816
512
567
-127
18
-789
-585
306
-699
-260
-127
693
-20
-813
-605
-569
-811
146
-504
712
-818
-511
282
534
-958
595
850
-367
-665
681
-473
-775
462
-500
147
-741
-624
610
-645
654
376
-236
-100
955
-762
-65
944
705
335
-990
-413
-289
730
-409
-960
888
-394
455
-934
654
-275
977
-111
-695
-468
-555
948
498
942
338
378
652
974
-18
758
-361
-571
-595
-430
507
526
-208
-707
-207
724
406
-497
384
599
197
-353
-539
-332
629
486
-247
-311
-553
-141
592
75
891
273
-215
661
451
907
-145
-462
-742
392
693
-162
-78
850
653
843
631
-99
471
60
903
18
79
-315
909
546
458
-429
-291
-780
882
311
288
676
195
-711
965
590
-691
338
262
357
-505
419
797
-256
886
-370
-638
-825
328
81
-316
-905
439
942
-980
-826
774
156
541
-779
-157
-523
-384
-766
-799
539
995
810
-45
-231
-983
-331
664
-387
618
475
-709
630
717
-223
641
16
-621
-410
-968
942
-642
749
-923
82
225
536
991
456
-973
-339
434
89
-993
-173
-928
921
-374
-257
-705
-83
-657
688
794
623
604
-162
821
-862
447
-871
482
664
-987
737
53
-260
-637
-266
7
-197
-623
13
766
-808
-319
-688
69
517
446
16
-894
516
86
738
-32
157
210
-483
860
-672
949
-810
-766
-970
518
-993
-399
-642
79
-400
528
117
525
836
-373
207
-826
-411
-617
452
17
-290
-500
-566
630
279
-608
842
-352
-184
-266
980
52
609
-712
159
156
-175
-78
288
371
222
250
-846
396
-687
348
192
-143
-816
10
51
738
906
88
-954
-618
-171
-839
479
-371
463
222
472
-587
-406
-391
-294
409
-709
-3
-168
862
313
-724
-192
-182
-493
322
-862
845
-87
-897
502
382
354
-335
190
790
-388
-95
977
644
56
-181
683
739
306
681
687
190
833
28
-276
-602
-894
-338
-494
-323
822
762
472
-863
-841
-227
-898
-199
-531
-41
-794
740
-217
290
969
848
144
533
-966
-330
-742
734
141
327
791
-951
589
-864
236
71
13
944
792
155
869
-120
147
-146
-529
-411
848
-140
-417
-580
624
467
-770
-796
27
-351
-757
-589
-583
690
396
598
58
44
68
244
191
-127
-4
-308
81
-238
570
-115
-821
193
21
-849
309
-38
73
-265
-105
684
131
918
-516
921
-925
896
344
544
519
-640
47
30
917
-888
334
-314
881
341
34
152
990
526
195
-987
-730
-146
562
926
-811
723
819
-609
996
319
891
310
-225
-638
14
-204
-995
-597
-860
82
-354
-160
140
-424
-306
-358
-454
434
-55
-583
963
693
-345
334
-947
-960
-914
749
548
286
155
-167
163
138
-699
-87
922
-224
20
-730
148
763
-846
-102
449
-84
755
3
491
-577
-257
146
-519
626
175
135
-977
34
467
818
391
-261
708
-920
-267
-210
-336
598
313
-438
-476
-293
-652
391
117
946
825
-972
559
-871
-871
625
-679
588
-192
50
-32
-732
-167
-97
-694
-553
-814
-829
949
-428
-287
-280
-144
702
447
466
961
-658
-349
279
-751
276
-176
143
425
992
-150
-869
137
566
-816
58
76
1000
937
167
642
95
-32
-860
78
-854
-262
447
-8
553
798
-566
824
-717
-651
116
-996
320
-856
-191
95
-898
-200
124
-777
-770
-71
921
-313
772
-623
165
-523
-530
29
-748
-762
410
108
857
-284
-347
726
152
672
-393
992
339
369
524
-431
291
-12
913
259
406
-5
16
-23
-524
-779
573
907
670
90
-686
-843
695
-836
921
-369
395
-416
984
-163
816
366
103
-393
-8
-40
-29
133
750
-249
-152
-188
423
219
-708
-63
503
362
-314
-937
77
931
594
821
-533
728
-375
71
96
937
-354
-931
-168
857
683
848
-16
-423
392
-927
-707
108
-665
275
200
-265
379
-957
-66
908
-255
-317
619
-566
-820
186
-427
-602
340
-24
-254
-792
786
-544
-242
652
930
-631
987
-386
-337
-430
483
-303
941
-265
-447
230
-734
-165
51
579
-704
-882
660
-436
614
-457
-640
-249
-947
222
-564
149
-375
932
-619
698
885
-442
-186
-215
609
370
823
-359
257
-988
-238
314
-536
-729
304
-562
-225
-549
-730
-294
-786
-546
27
306
498
-387
-992
-498
999
-266
258
962
-596
734
5
847
497
-799
366
-676
461
352
-918
883
337
-498
102
790
-110
-787
441
-266
-362
398
623
-911
997
-938
-743
473
121
-397
729
989
-476
254
-665
-362
-367
-20
533
-543
-590
-235
383
439
-312
368
-530
-175
-604
625
213
-6
552
385
107
-691
329
736
990
-472
629
250
-717
-979
974
641
-252
-463
-28
338
476
580
164
-636
836
484
-856
243
-128
526
626
351
-78
781
968
393
780
-925
783
-889
973
465
729
745
-826
903
123
396
231
252
597
-828
788
850
-43
698
-917
-478
920
-951
480
-589
-585
351
128
-714
926
-458
-559
134
-998
994
-259
-543
-242
594
174
406
863
159
82
-966
-99
528
-250
141
-526
-387
666
489
926
-615
-70
5
-455
891
-17
162
-57
331
-509
636
572
-554
-607
805
618
423
-444
-862
-855
-984
-182
766
-937
816
465
-99
-316
-970
34
111
819
-833
-697
347
-68
-798
-935
-891
698
924
961
484
946
455
-752
-540
-734
131
453
988
-888
-525
679
144
694
604
544
630
766
-322
838
362
-944
-952
-511
351
873
546
-216
298
-621
-709
-961
-619
-211
-487
166
-643
-330
-702
-544
-323
452
-972
-5
518
-366
-933
-652
-653
-309
-827
-984
953
235
-656
423
211
-508
-206
-454
-522
-512
-38
-107
339
344
494
493
963
-186
189
-214
444
-891
-488
-838
-734
721
123
440
-434
-755
-686
-961
377
-131
635
69
-693
-861
756
409
483
521
610
733
-337
-942
664
468
-37
238
335
-734
593
577
811
-981
-839
44
342
927
-512
-81
356
-149
873
-332
536
364
606
-693
245
269
543
-780
601
-168
859
-170
-694
16
291
-316
163
-110
830
291
-73
-146
43
260
533
-205
-413
-542
-47
417
-961
732
590
-872
-435
-726
780
-692
295
155
-189
-61
-115
67
296
-777
504
589
-683
-502
-512
-706
-938
349
-614
-355
673
-426
-936
-264
869
739
388
541
-225
-377
326
72
690
-12
642
197
-590
-165
-104
667
-201
-232
500
549
20
837
634
117
-278
931
-836
-814
-167
-997
394
-941
-649
-860
-900
-341
-987
-382
-515
161
632
56
55
330
694
-495
-671
507
-496
-534
478
-552
899
-158
629
-98
724
-802
491
300
790
120
716
-872
703
576
-961
-886
525
987
65
525
-708
235
291
20
986
152
353
189
94
-440
-650
304
529
-927
341
442
463
388
-538
824
-150
816
869
317
-466
-333
-462
-498
-253
160
413
-718
-493
-196
-766
476
485
7
26
48
669
-671
-831
459
-332
157
710
-111
170
157
321
-149
-415
-639
-482
947
-778
-361
-448
96
305
665
818
370
209
-30
-989
-204
-929
-549
15
329
-680
-980
-985
-836
309
-395
173
-174
782
-925
-617
-935
-770
830
680
-898
239
421
-534
775
-456
-614
-700
-45
159
-863
147
-542
-620
161
-85
56
765
749
889
-738
88
748
-330
5
351
-361
-164
-877
-468
408
-543
881
-740
448
-496
-14
-409
-833
236
499
595
627
-131
-628
-375
428
26
71
-662
-502
625
-275
-40
-82
-917
455
-505
345
-697
784
386
-529
735
956
55
719
-892
-936
-620
448
-88
-591
-559
-361
904
251
686
527
-280
788
-935
-558
592
-817
346
-765
-998
146
-353
-172
500
-483
255
767
-819
39
9
-549
938
-302
678
567
-846
926
453
-233
639
-336
51
471
-50
75
416
124
-814
69
-786
931
-54
-989
-21
72
219
-261
-70
-735
454
191
883
-559
43
-916
175
133
436
-83
123
310
775
763
-637
-635
-453
331
571
623
339
206
-49
-157
236
-354
-651
570
-381
-783
65
-998
583
-297
-338
5
346
683
687
-531
279
-217
-461
-418
-652
-443
-67
941
-766
798
397
-622
-197
-307
288
136
219
-77
63
-686
-40
640
622
705
557
503
524
-580
282
-908
-452
-517
-971
976
882
799
805
-33
-156
225
980
368
30
-245
-530
321
-746
160
-417
-947
180
-119
521
-865
532
-840
659
457
-451
-724
408
540
-580
-284
-963
696
-677
866
-677
781
-518
-937
392
-548
-618
-949
697
965
-845
-882
351
-762
-352
-230
-15
-826
810
77
440
640
-99
212
638
-741
-792
808
-907
-109
896
817
-703
-281
-441
574
242
-574
822
-741
-818
-273
490
301
-134
534
-343
171
-6
-560
121
434
215
-56
422
-1
-798
-739
-178
-961
831
107
435
74
186
937
-47
-464
-539
468
117
140
-10
721
-781
-755
783
-680
-194
-119
374
846
-640
-333
419
-441
444
812
-313
-230
50
406
-174
-376
-287
811
310
-340
881
-48
-715
989
871
-165
-978
506
79
-206
-725
-21
-827
195
128
952
888
-539
-169
555
711
159
255
729
608
-134
663
781
305
-352
556
248
189
759
851
1000
783
-201
393
929
-188
-480
18
-949
957
-481
512
-670
560
-84
-791
441
70
-783
-420
628
526
-89
42
592
-914
-726
-974
-395
313
-845
-269
189
960
-958
921
495
-9
177
-376
-485
810
-391
-117
-670
437
566
229
844
-408
-477
547
843
830
-808
-391
-111
50
495
-614
-632
34
-569
363
-284
-283
-419
-133
-487
-17
-64
400
-914
80
-250
-919
103
263
-704
-608
-56
24
-304
-888
-357
-132
912
-488
-261
-613
-23
152
765
542
48
-589
-859
98
-807
-870
853
395
221
112
628
518
-748
-83
-300
292
598
-978
449
234
-118
231
473
407
-942
-996
403
893
654
-550
-195
559
-874
590
652
545
-608
217
-194
663
109
-592
609
557
972
637
-214
-658
570
345
-327
-138
-665
-129
-976
574
176
-443
-883
-455
-627
717
699
406
641
-260
193
175
-408
584
923
903
-911
-86
767
-728
489
-626
-602
854
-493
-586
723
760
-305
74
-533
-535
-130
-759
197
497
555
-340
499
22
333
-402
-339
560
48
76
811
-552
969
-230
34
-60
108
370
-1000
847
-328
695
214
-941
-120
316
-974
167
389
52
850
477
-487
-521
-916
-281
127
-294
-418
313
535
68
810
440
-558
497
-976
-968
41
-500
247
544
-914
-504
-456
270
-672
-496
162
-586
-581
964
-691
374
690
682
136
-680
-866
895
601
-483
-642
-395
-804
658
-57
-468
-573
355
-680
-973
934
670
-807
266
477
558
617
-424
-680
26
-515
-530
-414
-431
889
-608
-545
700
-373
28
589
-586
-328
898
-95
-503
-628
96
865
439
-559
315
99
-460
-585
-484
950
-298
246
625
-54
186
106
864
-386
-327
753
248
-382
721
477
-457
-108
588
-771
-402
579
-668
-351
727
205
-517
-253
-448
-360
-297
700
-40
-590
-853
-797
-798
-139
-288
-63
436
705
448
122
-211
414
223
667
-755
-706
415
-339
434
-871
994
285
-970
-766
232
-247
779
-345
148
613
164
-615
168
-511
-750
-896
529
290
536
631
-858
87
-900
493
537
-604
-651
368
351
-587
-150
-156
-806
-811
-224
-774
-928
103
-322
720
-934
332
-170
-105
14
662
-249
599
-777
210
552
-237
-209
-406
-604
-78
-412
918
660
517
700
433
875
-654
421
-152
-144
-139
611
693
918
-320
423
-381
623
-767
384
-584
582
-727
470
277
840
-695
-82
950
-26
-256
-245
-480
220
-927
541
290
805
-134
305
511
53
162
-400
981
680
-724
-514
351
398
-759
567
-118
-918
-436
551
159
723
-754
-346
-96
-246
852
662
575
-567
-769
929
-836
-465
-282
-74
418
116
-208
98
-760
540
-734
-21
494
302
-160
899
-831
-741
-834
-498
-420
189
169
37
832
-569
781
-294
847
549
-565
-962
262
-620
397
-871
-856
-50
-537
219
444
75
53
402
-271
-945
-818
-678
286
-722
-645
-617
142
-117
-304
-941
279
-116
-181
-688
869
286
400
-216
214
652
453
-764
539
155
589
783
867
-302
-846
-264
-19
325
706
285
986
-422
34
-850
781
-81
-789
7
951
66
796
-311
-315
472
-839
835
-664
-165
214
763
-884
-458
-593
202
-672
708
-948
-980
-858
397
938
723
206
167
669
769
84
-130
-102
-676
261
-173
-693
-784
106
279
281
-439
996
-679
-65
968
378
-2
765
-926
928
850
-333
-171
141
270
407
609
882
-120
-274
-730
15
246
-953
-345
-869
3
739
-130
552
-297
766
473
395
-743
-532
-685
-862
557
176
-785
290
230
-226
-464
117
941
875
-83
-776
131
-434
-846
-396
923
-99
-907
889
-352
605
-375
524
-266
586
153
-660
86
701
-352
-443
-289
850
398
223
530
-523
-89
692
-682
-778
-948
-42
-10
260
734
283
623
-434
-636
407
323
572
791
-669
-221
680
6
-450
-347
836
263
-817
925
-550
435
318
-360
297
-155
582
909
-109
799
-891
179
892
156
289
896
-16
-888
-623
182
-856
-485
434
-221
-321
-815
-953
767
228
-406
-857
383
395
-833
-386
-580
317
68
-248
223
175
-722
-351
390
-458
275
487
933
324
-308
6
899
20
-954
613
-650
-338
-228
-898
441
-47
932
343
-932
172
-847
335
637
281
-899
-319
401
-133
-882
256
-462
763
-394
-736
-18
-889
483
424
-945
-886
-545
81
-826
410
-769
697
-408
-309
489
699
388
702
-639
576
-96
744
-776
960
-770
-235
946
-866
-13
837
-269
628
-271
-918
-609
-598
-291
-736
243
85
87
-637
249
-903
-21
256
74
172
-303
-437
3
723
935
164
766
-794
609
274
196
303
58
545
312
-412
703
-425
-15
109
-911
-643
532
-771
-706
972
-609
402
-853
204
-645
603
254
608
-499
-955
-212
740
-482
549
831
-436
-167
922
-833
376
-993
-370
-239
82
255
-146
-325
-628
-553
190
-811
-716
934
177
394
862
-194
893
-476
-552
-987
-975
-253
-611
273
-802
770
-171
-754
449
582
-106
-998
-74
-379
-437
900
-475
654
-584
-110
911
-495
-716
387
-806
-823
-997
-848
-554
358
434
677
-140
872
-186
-309
807
-661
630
157
367
802
32
982
-473
550
702
-93
-540
748
-907
35
418
521
122
974
589
559
167
-52
-930
286
63
498
-191
974
-70
184
817
-59
-543
310
-704
-985
-715
-810
613
-544
-95
433
-93
-699
215
222
457
-621
646
260
-333
-918
708
-922
13
-748
-565
-591
-619
-547
-290
-204
583
875
-590
-318
-634
-157
844
-538
732
-865
278
758
-748
191
-159
-860
-37
121
394
831
254
-90
-813
747
-750
135
-635
-338
34
-306
-703
-23
-393
-161
496
39
-714
-525
-826
-433
-782
19
88
-907
-68
666
-893
734
691
-48
-901
22
-540
-722
-840
-512
339
-305
85
-209
493
-121
840
934
-243
-499
-826
-299
672
448
-441
-16
-761
759
-450
-199
-533
-330
-61
-51
-773
-339
-775
129
776
-674
163
886
647
-572
-599
-391
-310
-96
-270
-251
938
503
201
-154
-26
-861
630
91
-840
199
1
681
283
212
438
980
-267
-837
764
129
909
-191
350
764
-860
-40
-582
-886
439
725
217
-823
527
640
-859
-841
-106
-539
945
-779
-464
-938
-631
-321
648
538
827
371
-730
524
202
542
-604
162
210
535
-4
896
619
504
-54
-212
-460
-775
-190
-978
525
-882
809
-58
-950
-629
-608
-971
-603
436
-490
-415
718
162
-799
-328
-474
-423
-922
29
-962
562
-570
212
-810
133
611
-868
-889
969
863
-677
452
-378
-954
-125
-666
330
-66
878
247
-969
909
-971
524
555
-814
-412
-176
-24
897
-99
-175
-531
357
-8
-544
237
-990
-652
-918
-197
-924
-240
611
-732
65
-8
475
438
890
-222
418
915
265
242
-273
-932
-990
848
-181
706
-238
-662
456
127
721
822
-208
586
-177
-245
-682
-176
810
840
-136
852
-883
422
585
465
-634
315
734
344
-182
97
616
337
-546
-362
-541
-438
108
194
-6
466
966
733
-125
-518
-501
225
199
-340
917
295
575
-934
-39
484
501
-673
-877
230
-167
28
378
129
-199
-729
-97
696
-463
-705
503
526
-506
-572
85
616
-818
667
432
549
476
-371
47
424
723
-119
-517
-866
-461
693
-958
-337
417
-47
-889
-597
498
868
762
-291
807
-705
-742
182
-97
853
-80
591
-54
30
191
-106
-585
-745
948
-463
-558
-548
-960
558
952
95
666
-881
556
-962
-127
-343
-500
-833
-293
856
30
823
250
174
495
924
923
-467
237
-224
838
-624
-890
774
82
680
102
925
-953
184
971
-830
929
257
-927
908
8
-84
463
622
115
271
628
243
-79
638
-63
-647
155
674
172
175
-56
-637
398
988
-407
12
-66
324
-830
-342
-444
620
866
75
667
475
-292
-844
997
-928
184
-699
477
-449
956
778
-325
-315
-773
551
-192
993
823
-534
-818
-877
361
934
764
-322
-235
-244
265
-836
-725
-290
-449
858
934
235
731
15
-651
803
763
61
-189
293
-48
422
-214
512
836
-169
-658
-293
-309
-305
-600
-597
64
123
-186
-831
-606
819
140
-55
603
684
686
-376
-586
479
-153
337
-691
451
-439
811
586
392
-629
433
-52
156
-943
139
-537
42
795
-332
-686
448
-557
-778
-409
-991
-334
892
-956
-976
-831
-913
-460
-916
-659
-922
970
445
181
540
-952
517
-30
781
-222
466
725
323
399
-686
-355
966
-849
290
923
673
929
367
-690
-712
506
979
-588
-378
-333
-738
-406
-370
483
-264
-755
-815
-916
16
-639
218
-22
230
326
139
-701
-754
-231
-19
-619
784
713
244
-197
-426
648
167
746
-244
-213
428
726
-892
-701
-478
-274
305
501
744
-486
117
38
-11
-364
556
-724
-650
-628
601
868
944
-687
-815
-242
-101
-692
-100
888
-515
-258
295
872
-300
784
388
963
542
-328
8
200
-791
469
-424
284
754
-843
-617
-642
704
-340
-829
-340
-322
760
278
-59
-612
-827
333
448
692
562
276
-799
922
807
-48
-478
-56
-162
655
-699
405
258
-339
-94
419
385
968
726
704
1000
-94
33
431
-654
207
118
-891
-798
843
970
232
594
452
-390
729
199
-338
-569
-57
-229
463
991
-848
-338
-376
805
-928
852
571
624
-772
-323
372
291
636
-399
-26
981
458
61
-180
54
-109
222
805
-902
505
-646
910
-740
-674
-862
348
516
-755
-911
-563
203
478
-631
965
538
610
946
780
-602
689
-97
490
-501
713
434
60
196
-803
-562
-861
200
217
-693
339
119
205
979
361
551
-132
26
986
-628
-198
433
-267
42
-447
25
-663
117
-565
-778
830
414
-578
-237
494
921
-692
761
-935
983
645
-482
-733
-422
-869
-19
-922
221
-525
43
-350
798
534
-49
-748
-933
967
727
-477
454
879
-956
-635
869
-252
-866
-205
-694
78
774
-712
-354
-580
-590
-797
-135
239
614
16
323
-307
88
-760
-944
-117
-658
-738
-888
-259
687
-883
16
-713
187
577
-586
-453
853
631
618
-45
853
-139
222
998
57
-955
876
-809
-623
-107
-918
-894
-459
-471
-517
-187
538
990
-28
214
220
916
454
-495
839
719
164
75
-54
-676
-683
367
-818
622
-42
-229
-837
614
818
264
8
820
-760
854
24
-856
-131
-346
871
-352
79
-632
0
568
-977
-774
-336
288
-233
873
-309
850
-473
512
851
148
709
-428
-689
-565
-790
234
613
528
319
551
951
-500
-720
-752
-882
-612
-977
815
578
970
692
695
-512
-889
-928
-385
-51
-108
532
-483
-98
-425
3
-567
-482
708
-706
-373
-259
558
226
-418
67
-345
-300
335
-564
165
-515
-590
-807
660
-427
-305
-385
21
66
563
-15
-542
-57
787
-323
-188
-320
-509
463
775
-754
557
378
471
-846
272
-490
635
-104
924
-698
-942
-246
-226
180
785
-632
865
705
711
-708
-668
305
914
819
-65
684
953
-253
723
179
437
806
-97
208
-437
820
415
635
-863
987
-554
495
627
353
755
888
946
451
-818
-607
161
71
51
-803
-916
203
-205
528
-247
40
-70
-834
-902
257
214
-840
-254
658
-71
-547
39
255
140
290
384
-966
245
100
966
-697
-666
825
610
-119
364
747
-743
293
808
699
416
657
118
-238
-566
-519
-731
530
-317
681
192
419
-836
-245
188
807
-480
-594
-696
-485
-257
-296
-519
-638
725
337
-722
879
355
-93
900
760
-332
-479
334
32
-455
-606
699
714
-354
208
-515
-290
-916
290
-125
130
-579
175
379
394
693
927
890
-803
-329
-593
-235
440
-668
-958
544
501
245
57
456
-81
734
312
-61
325
-570
563
916
178
-612
-272
77
-879
-127
17
833
819
-829
373
-13
-399
-951
470
-934
-371
-690
-280
873
-286
901
669
346
594
-84
261
123
784
-152
109
898
914
457
24
952
-857
-46
616
-75
-97
483
535
714
734
613
503
-902
-972
-413
-974
-618
160
-511
-353
-951
-841
69
-430
870
-810
407
352
531
930
121
370
-10
789
-725
-897
-467
168
-119
-269
403
-793
750
-240
127
-233
-368
907
-175
-848
-767
335
805
124
-25
282
-325
457
579
-955
-886
-107
728
813
-511
-40
593
13
982
-462
248
949
628
416
-823
814
-597
-614
936
-85
597
-443
512
-710
-451
-18
698
-382
422
362
-551
-731
776
-358
-463
891
-856
-571
300
-708
79
828
656
-870
36
-239
-697
-686
-896
-935
619
156
-727
748
509
-440
233
155
-446
499
256
563
-584
-733
112
-117
-264
-358
-360
-507
-597
52
249
-476
623
335
135
-493
791
-788
-788
-562
916
205
-107
408
587
766
-264
-312
-729
995
-385
518
-615
37
967
646
365
841
-204
-773
413
-734
972
389
579
17
-49
752
-879
-299
-749
-682
410
-789
-58
-476
648
949
605
72
-33
393
-961
-423
-442
592
-682
-855
-289
43
930
-253
893
202
119
-976
684
744
765
833
495
629
89
582
-872
-375
-601
445
-562
-777
-291
-151
320
-238
-204
443
-714
507
-39
984
982
661
115
38
-379
38
-412
-185
967
783
-959
264
-981
-371
585
-46
739
-415
-270
-541
939
432
395
202
232
-886
-901
-314
-384
-748
212
-47
990
-394
875
-306
516
748
599
384
-611
378
564
-438
168
827
-136
726
831
-311
266
-449
-387
-746
455
576
-660
614
668
732
-210
-66
719
-716
-672
404
-562
453
717
72
84
430
-566
662
739
-164
-605
-70
888
-838
722
-132
519
-976
385
-342
-875
-725
-82
197
-788
136
7
468
-252
-470
356
787
-456
-258
671
649
-159
638
74
24
-775
143
-319
-875
-156
-280
704
875
-108
57
590
30
-963
-587
951
-121
285
-117
-544
292
368
-349
105
-939
-969
-750
-531
-775
342
-706
818
471
530
-283
923
573
875
293
-297
538
898
-199
-226
756
-591
-368
383
-206
-857
525
-264
-164
-481
278
217
-353
-146
-55
-244
470
-932
536
11
-799
-873
-138
-662
-57
819
718
-93
189
-923
-132
-532
590
-713
-495
315
-823
-568
-101
645
-24
452
203
-300
-840
570
123
771
-684
416
529
691
848
-340
-173
-816
-136
855
856
507
506
-457
126
577
-71
500
-970
-952
-279
-228
-859
246
-427
-277
-293
-512
322
682
-532
-825
573
-565
831
557
-847
121
-547
699
754
-510
606
390
-218
23
-8
971
-29
199
-286
-375
553
-63
711
-682
-991
870
205
376
-13
-327
-984
45
620
485
-755
-495
-906
-340
910
-534
-424
-882
600
-279
472
-165
38
23
123
448
842
-795
-866
944
-735
741
-202
-675
321
-685
540
-521
-197
-392
594
-269
295
832
-448
