-42
627
-42
475
856
-695
426
999
-385
449
154
180
-219
673
-68
446
-572
-877
-981
-786
-682
-935
582
-877
319
-355
407
-355
-480
13
-965
-737
-209
-809
-652
754
649
-736
519
-37
-486
639
666
561
436
-969
890
937
-477
728
877
306
-522
-956
439
-246
469
83
-313
-321
-430
385
-528
68
227
536
-324
698
694
-83
190
-988
777
-838
757
-326
-703
569
-882
403
-128
-462
-715
-354
92
278
605
67
554
747
440
681
52
-21
738
487
-804
-162
-360
-612
-26
-975
96
671
-877
-521
979
932
93
938
60
784
674
175
-117
372
870
-695
-416
734
661
-91
-510
-153
341
-455
-608
-433
287
106
476
82
-195
111
112
-244
-759
-50
-649
-191
-193
-916
-772
427
-833
-626
544
-513
-460
-890
567
-310
-330
-452
-561
791
864
726
-36
-334
131
683
-53
-869
186
957
-267
-208
-58
855
960
-966
455
940
395
-335
28
-921
191
646
-512
-740
-233
-137
-590
-341
747
73
792
1000
250
-500
207
-113
-282
-883
239
360
-574
124
386
-164
-430
-133
-663
361
-234
-363
537
-413
710
-479
-166
-396
502
648
-421
16
857
-465
-950
-407
794
-741
51
104
429
566
133
861
978
-149
-992
84
38
472
789
-559
-817
674
-866
209
273
588
739
-145
697
-950
-233
875
293
332
-569
482
425
-969
-693
532
-60
-364
857
595
-115
-180
173
297
946
349
-69
-174
-714
-286
966
4
-890
265
63
-171
354
826
33
-616
930
322
94
565
166
-500
-784
-258
-526
608
-502
-220
559
313
420
-159
703
-781
-68
-827
378
394
352
-665
-625
-733
794
-202
661
366
806
-870
-556
503
310
-628
-347
-53
254
798
503
817
361
353
-28
-991
-466
-554
96
-466
-272
637
-960
-522
282
-269
317
431
485
166
-933
-73
653
290
-382
569
487
-921
393
113
541
-525
-917
355
-635
-676
361
438
344
221
-136
-382
339
590
-237
-893
799
141
3
825
-962
-738
12
-613
-378
-854
-634
-703
71
921
618
441
205
859
-397
-200
289
-476
608
-755
-668
-249
-168
-862
334
-169
-99
931
-472
-302
591
-623
-399
446
718
220
-5
859
616
55
-348
-535
-583
-27
-849
-308
642
911
953
58
-238
-152
-34
-137
-490
979
-792
-323
963
-178
-435
-456
-776
321
-650
220
629
-870
158
-381
371
688
264
644
278
854
-529
-681
240
470
816
-512
367
567
-478
350
-644
542
356
-446
-989
-950
144
-384
-384
-72
297
-550
605
-774
798
-390
169
-793
1
518
763
-185
806
393
848
6
-828
952
-961
814
392
-977
192
799
640
-750
64
-525
-662
-396
589
-249
-469
465
409
398
-29
446
-834
282
-829
-661
707
927
115
-275
-997
-267
84
655
-484
982
451
861
373
-570
643
-9
-67
-479
445
421
-940
911
585
155
-717
-745
-384
-343
-814
-671
-813
-955
570
-660
-4
455
-404
-948
818
102
-164
938
583
573
5
-69
-22
637
-42
-367
-279
955
451
-216
253
952
606
-626
725
765
49
-598
-647
697
-591
-138
-632
-301
-949
404
-770
365
2
-103
793
-182
-624
150
830
247
-598
-270
700
-885
855
-577
964
472
303
-19
-941
836
859
-775
-169
-210
-998
-177
266
-929
25
-347
-663
67
-3
-445
-728
-591
-925
348
-346
-239
-932
246
-149
384
-14
-327
-503
-507
-226
-592
-699
297
927
-860
-636
198
-179
357
576
-206
-999
498
-182
765
-838
607
291
-515
-324
12
-196
-378
253
-940
-58
213
978
831
382
-748
-84
83
874
-211
-469
873
548
-258
-845
-465
-467
-206
953
87
251
919
-69
80
-766
905
-679
-466
-823
-170
-640
-207
67
592
-596
-14
-391
-697
-116
-151
176
-52
-34
543
-604
181
-918
115
727
57
-424
661
-795
-953
-619
52
254
-721
2
-245
-535
-280
72
-891
274
-642
-378
-868
-63
253
-173
-953
733
437
-671
600
-430
169
-303
476
-376
-365
-301
-719
700
-976
455
296
-480
-19
-507
144
-21
-37
74
262
-704
778
531
-709
512
-64
-511
817
409
811
-507
998
228
-266
-475
-693
397
-548
387
-199
307
-340
-539
-139
634
483
-20
-40
861
44
225
-793
224
213
-8
-933
729
-183
994
254
541
170
248
872
769
829
543
-983
382
-996
191
62
965
215
357
-746
-593
-335
150
940
-696
-677
284
71
384
57
899
345
872
-69
-499
147
-526
436
-585
763
313
91
-543
-226
942
301
238
-31
-253
-908
176
667
-275
1
-44
740
277
666
850
-589
941
-254
122
606
-121
-170
50
-669
-212
419
-663
-423
-610
-784
63
-818
-255
473
117
-533
-969
-218
370
571
740
498
827
-97
45
-794
527
-844
-403
-723
662
-236
319
-809
257
728
816
-504
-752
556
-281
867
-577
358
774
-174
-185
-809
611
-18
633
-515
-399
511
-973
-406
386
598
-902
127
339
789
-216
483
-606
629
333
20
404
306
-207
-954
850
-675
-906
-813
-19
378
-192
-119
655
-906
-47
991
-10
-572
-439
842
526
-513
-537
-214
-817
768
587
781
717
861
-604
661
877
396
529
-899
231
671
874
439
451
258
970
-407
-396
-879
-729
363
-527
-107
-344
328
871
-977
-197
-995
-822
981
-230
-80
-807
731
-26
-692
215
-8
-642
98
143
135
461
-62
-801
-523
-935
-96
260
-964
926
-210
486
1
-67
154
226
-283
291
-246
750
-185
626
351
51
-859
821
925
113
493
506
-952
-610
-995
543
-390
-58
696
862
-992
-529
-329
-985
977
-557
823
-207
-769
590
-890
49
-222
-29
-552
-444
48
287
-594
139
-817
-302
429
-21
289
-811
690
-886
-93
146
-223
367
266
-661
-369
-524
-767
813
239
946
-666
-550
351
-262
-239
-506
313
-427
683
-854
-495
-875
-787
-529
-78
-440
-265
709
106
-331
431
-829
-202
-643
977
258
-268
-516
-165
882
-581
943
779
-355
458
172
-510
748
-368
33
-37
-300
536
-986
767
886
161
972
-367
-89
249
204
184
487
850
923
-748
-318
-421
-757
-801
-409
729
-942
524
-389
-54
139
488
-524
-770
-910
32
-335
849
-438
-68
389
-178
-109
997
-174
727
-618
881
59
177
172
252
-817
433
691
328
-822
-158
405
-79
92
-524
450
-113
299
-142
-931
-184
-6
-503
160
-46
882
515
-532
955
577
-507
663
-314
-723
994
-10
503
116
222
-125
857
-234
-49
175
-7
-993
-153
769
750
403
589
795
-125
-846
-195
580
-81
-825
494
-291
43
164
762
-204
774
59
982
818
690
238
-928
714
-857
-446
610
-776
-769
573
153
870
-573
698
941
-983
-585
287
-196
-292
-116
-442
-595
-93
-502
996
-551
-611
99
23
337
-71
993
-827
-579
-226
513
609
-198
-876
713
-557
-741
-422
-864
560
-384
850
710
-842
130
-107
-784
-216
-265
47
-172
-584
-861
-704
-559
90
854
-146
-465
-510
-689
844
-11
-958
-698
-792
860
-870
559
152
-322
229
-23
155
-558
-773
-327
-269
-419
957
-253
819
-165
78
-540
-388
756
-83
544
-814
511
-501
-607
-781
-817
118
818
-685
-947
-333
-391
869
275
602
817
278
241
-288
16
-857
473
-818
447
165
249
-18
103
-924
35
-471
-47
-593
303
132
-21
896
-101
190
96
-350
232
-258
-284
521
-572
901
730
-802
373
125
-136
430
-582
-243
927
-685
34
696
234
288
-315
134
479
345
399
-923
712
-777
545
909
912
993
346
-782
-269
-873
-981
159
-428
103
-58
-882
24
294
35
-860
408
-640
-35
679
561
981
428
17
360
519
-603
-545
-842
-842
-942
-633
-967
247
126
564
-671
-39
-363
378
413
636
-188
702
376
279
-127
-757
-456
-242
450
246
-970
-750
821
-825
-645
-102
484
-35
921
758
844
507
57
-326
823
-687
-341
603
-509
-946
-108
-455
-637
993
517
-707
127
-508
214
269
-955
-937
700
376
-370
574
-911
445
-666
-213
-230
-189
-991
-528
115
-74
474
-89
989
-256
-111
50
-693
680
643
332
390
997
-669
-344
558
372
458
-376
824
-173
502
829
-153
-50
-289
-362
419
-943
512
-211
-658
-373
-62
-762
166
800
506
-186
-336
-719
-757
157
-303
-80
65
-878
-828
-776
672
147
326
-577
-305
398
394
557
-748
685
208
533
-975
-314
664
986
993
-39
889
146
-101
183
547
-838
235
-92
185
-865
57
932
-315
-213
460
-993
492
325
125
-599
12
998
-375
-613
-366
-597
852
272
214
412
206
-422
-682
-495
262
987
527
-914
-293
243
46
658
-799
917
-433
-103
788
599
-181
307
13
86
223
-237
8
-243
-183
-854
-683
-605
430
-629
877
164
719
304
962
991
-165
922
-172
964
-578
494
547
64
667
-897
503
45
-585
-132
526
-207
960
195
896
219
130
872
-8
460
-569
-192
522
270
349
165
-784
-457
782
312
162
-759
-423
-901
706
637
-672
-238
-89
690
134
383
-661
-769
-924
-596
144
-353
-575
-882
848
504
-932
692
-678
-276
-630
482
-436
-329
9
479
-376
-121
-837
-405
509
-934
667
-556
-483
-460
-881
431
976
392
664
225
-209
-861
330
896
-323
334
-488
-422
1000
-280
782
796
672
984
-626
-360
-187
-997
-720
277
168
-482
864
-378
-437
-728
320
-44
193
-486
-984
331
875
-601
248
-575
-893
-84
-429
-263
-229
907
-69
269
289
483
-674
216
-380
5
278
438
669
208
967
109
487
-255
-911
360
-776
821
853
363
-290
66
-815
453
-884
-844
926
-822
-46
534
-50
-953
-690
280
-184
-105
-535
14
-183
-620
-955
-55
45
422
-916
60
73
667
-118
-29
637
368
-514
-885
760
-287
-417
-489
-591
370
766
735
-480
291
-685
-999
-312
-411
-85
-253
669
963
957
-342
276
475
-649
379
-363
725
-284
719
-399
-992
882
875
900
-814
-119
-147
-242
-380
-697
-157
28
-794
-551
992
272
-981
365
-338
-33
659
275
-294
726
-242
387
715
245
-856
808
417
-698
-938
893
985
170
950
-583
66
-809
-181
-137
-476
-285
-154
316
534
-307
-801
-789
145
241
-70
-689
-728
-253
-849
509
-299
-619
731
-699
-852
-562
626
671
-686
-632
706
-800
21
897
854
545
-626
-126
260
792
761
-858
-783
-782
-872
-567
243
-846
-6
273
586
221
344
637
847
21
609
438
576
471
938
-393
-643
345
466
140
-859
-504
-873
720
506
66
-637
-794
-762
-979
171
26
822
657
-546
-939
653
503
635
-435
410
13
-501
724
-484
-173
398
-316
483
-143
220
36
-254
-626
-115
-48
356
-306
-800
-954
45
716
-9
949
268
409
-878
631
-817
824
931
-503
930
984
448
-558
-118
174
909
-512
289
-890
-945
-476
-167
319
704
-312
978
462
391
970
-114
264
209
-532
-66
37
-718
457
889
-372
-263
755
814
217
-112
-142
-252
-868
-253
915
-71
931
-470
309
17
-652
682
512
-586
-977
-267
-375
-558
198
-550
537
-853
-830
623
-15
177
726
47
-136
-915
-86
131
-238
-216
-78
364
601
497
956
-365
-636
-702
-149
843
-555
-962
463
-387
158
976
254
-773
783
-34
-746
148
-869
831
-934
-573
149
-755
162
395
112
596
-463
218
-63
-481
468
-720
841
-562
149
-277
389
809
-917
-861
748
486
299
-294
-49
242
385
-921
-748
-933
188
-264
-139
90
970
695
238
763
941
-204
-424
-332
834
705
-475
-201
829
997
695
-383
879
86
114
-163
84
-734
568
430
561
-11
-609
127
-282
405
173
-205
-742
-867
-500
586
917
-428
-341
528
554
-835
-952
-128
-636
-763
-468
314
-411
-714
534
762
-45
180
-743
33
806
-551
312
925
-774
-896
242
71
273
942
-930
-114
151
810
-137
810
-999
6
754
912
842
170
408
-275
-241
-823
684
634
-501
62
-833
-426
298
-735
-835
-238
-559
-11
-760
466
831
263
386
379
987
-123
-814
719
-557
-684
201
-515
425
-276
574
-995
-182
-768
897
-779
36
-767
-162
-667
36
-110
602
575
53
651
139
956
-575
-564
-495
774
947
-726
-245
-991
553
-781
-558
-297
135
460
-740
-229
-929
-13
710
980
-729
293
-937
691
928
-919
933
443
-893
-244
7
698
847
-52
582
-638
835
-257
-954
404
-604
294
267
-439
-399
-535
-312
107
-861
845
345
335
688
-615
-692
-640
214
-360
-326
746
985
-362
-385
399
-353
421
-985
-493
-966
-694
583
-78
-192
614
556
-692
-207
-146
-98
372
-240
-411
496
56
415
333
116
582
546
603
-107
-844
401
-228
13
618
351
484
616
-679
-937
717
356
465
918
162
484
152
-612
403
-833
-237
-509
-988
957
397
633
477
-486
-718
-172
-38
369
-80
-113
-349
-270
126
66
-520
-458
-860
878
968
-254
205
839
74
-383
-348
997
328
63
445
756
-987
190
-224
894
-842
303
-677
-517
626
795
551
-685
781
-384
-672
726
588
-835
-852
539
-150
-67
-790
939
-291
-362
-993
-171
215
607
7
696
712
-691
-889
632
-109
901
-723
-50
349
132
-975
866
738
991
850
404
19
-761
615
755
-741
134
340
-483
-578
628
582
-690
-799
50
-973
-971
930
567
357
56
-795
-713
395
-519
885
884
54
-829
997
-591
275
-195
518
222
-287
427
-236
16
-627
-173
-818
-139
-888
464
-585
-842
-797
601
445
230
470
-895
266
-941
649
-51
467
740
-141
-418
-484
864
68
-164
-966
-297
-390
-904
-73
-298
-608
612
-223
171
-407
-398
-661
-491
-755
-394
-484
424
-185
569
-826
819
101
-47
-495
-509
-195
-207
178
37
762
359
45
-486
34
-507
-449
-59
-471
788
74
142
619
-461
423
-740
4
-607
294
485
437
-67
-617
545
-119
270
928
-703
766
74
333
775
872
454
373
-384
895
-347
-772
115
-493
-728
654
-112
629
902
-930
-512
-861
174
41
-304
534
956
-333
418
-838
-499
-242
9
-562
-711
310
-940
309
-129
-998
-437
708
474
499
406
-336
-568
-938
885
276
-159
-336
117
-529
74
813
886
380
-37
0
-29
643
-843
887
-376
515
847
138
405
506
1
-952
752
-708
167
-592
890
110
896
317
915
140
749
943
196
-24
100
608
961
652
93
-795
-551
680
-603
-594
238
579
678
681
-893
-827
242
486
447
842
-733
449
147
-647
852
361
-237
572
-198
-129
207
470
-669
973
302
-679
-404
731
-49
-498
-906
-629
-197
-361
-204
642
-537
415
-769
400
611
361
758
357
-975
291
-376
-1000
463
431
-938
-469
-832
945
-408
-589
658
-596
-582
-463
681
-387
993
451
-857
-499
893
-665
406
819
-540
-923
-825
-174
301
-819
-335
780
-712
671
-719
838
100
-156
-460
-321
344
44
-792
143
844
658
518
720
-361
-555
793
425
-257
414
-792
-650
764
-592
550
-80
-182
-137
820
-656
324
-188
-962
506
-517
-811
-180
476
-506
-959
-400
-931
-253
436
34
-693
634
373
-462
640
-701
713
-730
-119
528
-306
801
-59
503
654
435
-751
-12
-824
508
289
670
-918
946
-902
-456
770
926
-282
242
-124
952
-819
-691
-360
-352
368
-294
267
552
644
-793
-704
-594
623
70
709
-829
-744
-379
-383
27
-912
-428
417
379
-719
-336
-831
980
-688
-176
224
-189
-25
78
212
60
-422
-751
993
-822
-809
126
382
345
674
-777
735
-801
314
-348
176
-800
329
-153
-339
435
392
869
-636
-283
568
-747
-446
-461
634
528
-444
13
40
978
569
-308
-358
-91
950
-475
-423
-985
-513
831
28
-664
511
351
-441
725
165
97
214
669
756
-137
-93
-748
24
991
878
636
-756
-252
436
-179
-831
-846
-594
102
-506
237
-571
-789
433
-929
627
178
302
-355
-725
-515
750
-506
726
-38
564
379
-441
-716
149
-934
-380
-157
-798
-549
445
-163
-366
-333
652
968
-363
932
822
-13
473
700
-620
-138
-544
-54
216
-428
-575
-133
-351
-177
-933
206
523
-186
391
-534
-631
-312
75
-984
-129
-507
-383
73
-968
-199
-289
-535
-466
637
-928
146
284
-333
-745
-435
-118
-660
-289
-667
785
317
-477
-243
-798
-21
-435
466
490
536
919
-828
543
199
-187
-582
-405
-350
-343
-311
617
-175
-563
-567
-28
810
-554
-362
200
906
982
-788
121
990
658
-211
892
-147
-336
-223
753
283
-800
558
-759
651
176
-190
-271
775
653
-640
-951
-257
312
727
457
499
922
-380
-499
-381
-156
-263
942
930
971
17
38
346
-63
-693
-776
-820
819
354
-827
-466
-10
360
-488
69
45
645
-648
261
-148
54
-345
267
802
-597
94
-363
-890
992
-632
-813
-843
235
-183
365
-385
-93
83
197
867
657
-841
709
-65
774
-7
330
-985
-50
211
-359
-134
-838
-598
-444
-904
-237
-715
803
699
-353
705
318
108
727
-407
941
-773
451
560
585
-45
864
460
746
8
-672
-13
376
3
103
-827
370
596
-550
-304
-872
879
348
-701
-178
109
742
-250
-177
-957
-603
122
-723
346
-201
-963
989
-245
436
656
508
-576
-605
351
-978
-257
976
-82
636
81
58
-15
-473
-837
-705
224
-346
160
346
-981
-376
997
214
875
663
342
644
817
-216
80
816
505
645
834
-526
-787
-110
-387
908
457
-819
940
-671
474
-871
-61
417
-607
-589
103
163
67
309
-679
-978
-12
-131
-175
916
496
-393
-823
596
291
-892
-376
203
486
-133
495
803
616
13
432
-435
238
135
-67
-2
-642
-187
-17
-969
-629
975
886
890
-106
-729
-267
839
-657
-6
700
286
-634
383
-16
220
642
-718
933
-990
869
908
131
-410
-858
-507
289
273
749
-625
140
-331
875
286
720
825
461
486
459
-454
627
-665
-802
-774
93
290
-397
-794
-338
-720
-852
655
229
29
215
-508
336
-241
538
-362
-964
135
-20
788
196
-430
-399
-403
479
-386
-716
-647
-530
937
292
90
744
709
691
-184
-849
487
137
213
-494
-783
941
71
-327
651
929
650
-677
-539
544
662
180
690
391
922
-440
-686
958
920
-418
183
-399
-454
121
-323
-807
-132
-712
-486
-732
-581
-619
939
49
465
374
119
605
980
122
-379
569
499
991
-944
-893
-727
807
-615
-968
-375
498
230
120
-611
-831
-833
545
753
263
331
-141
-924
-364
-755
-414
-643
391
992
-748
-975
-830
540
-766
-927
-236
-800
-349
-658
127
189
-986
614
-527
-740
581
713
-605
25
-379
-751
-995
588
-503
-16
-348
630
-450
-513
-104
898
-737
-593
252
754
-495
-196
-954
-283
785
744
548
-100
-174
-735
550
-396
246
-95
-401
-523
108
857
-926
114
-794
-675
267
-245
717
-920
-748
-427
698
642
684
-869
-699
-463
325
527
-314
595
-173
-517
-933
-319
-157
411
706
117
122
234
-142
772
-184
176
246
-501
-645
215
-814
556
-879
752
765
47
-612
-787
328
237
-316
628
418
705
-44
-711
-506
-965
223
-253
333
767
-183
176
-329
-71
-408
-660
879
419
557
-297
335
402
-737
557
-781
-278
310
767
-788
-519
-989
-40
-154
-287
869
-856
637
164
-692
-425
383
975
-134
-373
922
919
-838
761
-349
31
-747
893
-398
99
-752
-174
-403
174
-492
-687
-808
-585
-244
626
264
-357
901
512
504
-881
-456
-491
214
596
129
767
640
742
452
525
423
-148
835
-379
-220
-466
-355
23
158
391
475
840
290
-813
244
672
570
493
133
-312
872
-121
250
90
157
505
-354
633
101
-342
835
-591
-532
62
-908
313
482
-76
-207
211
882
874
44
-607
544
504
880
-319
601
813
504
-21
-654
-6
-252
-33
-515
692
786
927
187
-228
-320
-956
325
947
-217
-816
332
549
-407
-607
613
-892
518
520
-768
224
465
928
-873
989
-554
-430
-336
-610
353
828
726
77
-222
-594
-623
-522
-495
367
42
-310
330
662
441
-334
112
-989
-844
460
-967
471
-603
70
838
657
341
714
-814
582
313
-749
-335
646
-280
-986
223
-129
71
-347
980
-623
508
-513
-871
707
-491
-95
433
373
413
-516
721
-286
-962
-618
-482
-950
658
-143
254
514
742
11
-157
947
248
-716
535
-946
-681
-965
737
282
975
915
563
-423
-913
727
-695
23
-224
247
874
635
-210
103
468
-114
-192
-493
-34
-696
328
-307
-163
-320
-921
798
-301
118
-584
16
-956
181
751
64
46
369
12
700
-56
927
156
592
27
-227
-126
-100
-270
-143
-873
637
239
551
-416
-674
480
140
-418
866
-583
820
-837
294
953
689
430
938
-317
795
-745
-941
62
252
248
301
704
-185
499
-904
959
605
126
275
-505
-531
823
272
123
-296
-919
659
-567
298
520
-396
621
-466
-928
-517
-494
-835
585
199
-494
-568
-585
-101
847
776
-343
-719
-381
-491
706
-26
771
-990
-961
-467
452
-949
579
887
829
750
-954
-146
912
-441
-529
340
-680
290
749
-115
9
141
-263
-456
47
52
-621
-936
403
984
-784
-451
-960
480
-199
64
-287
791
-22
-237
26
813
850
-988
-726
-990
-403
123
-306
-874
165
-253
765
556
872
-306
222
334
368
180
652
293
-54
16
742
-550
-632
852
-74
524
778
-673
-992
-790
-692
414
444
351
798
286
661
356
2
-744
-545
866
80
949
-473
163
542
510
317
-342
640
-656
66
-62
-398
-9
-719
-207
747
-852
-418
525
312
-872
-118
-302
-283
-781
906
-289
-905
-24
664
-42
-919
795
-598
792
964
343
171
-213
378
-809
573
762
-686
-909
735
569
33
-504
488
116
-944
872
476
-557
-125
-990
-6
313
378
-229
-712
15
-828
643
-48
-980
122
-667
532
-343
-976
-424
440
-718
184
239
450
-610
820
-772
-302
-810
906
426
414
-723
738
784
-701
138
-406
597
665
-830
-382
-920
686
569
250
930
37
-681
-970
-612
-948
652
906
-389
-431
171
-242
272
-878
106
24
-971
110
627
667
-409
-458
245
621
-863
-507
764
316
-787
475
976
904
-84
-632
929
807
-903
121
-430
113
-351
935
-908
-278
345
-861
-166
765
634
969
-961
-857
-999
574
792
-249
-288
559
853
610
208
-900
359
129
345
-327
-753
-873
-499
-769
639
205
-554
682
-957
334
522
-226
999
-976
671
533
-234
425
-114
-445
938
-81
-220
277
114
-504
-178
-204
819
-11
-759
-244
158
-451
-885
-69
119
838
799
-986
-936
253
-520
599
613
373
-533
-992
182
-415
-190
712
981
555
-710
-427
894
-236
250
-416
597
-89
457
-963
189
506
503
37
308
-453
37
968
-690
-199
-94
-971
-258
-972
-944
206
-159
-681
-486
-524
-725
255
-268
33
410
-715
494
-914
-241
625
-796
-698
-372
114
-551
464
-713
915
613
-96
-531
-427
-401
-841
856
53
-471
60
274
-194
-694
-668
-205
-232
-306
-816
675
474
961
-789
-247
568
-810
-227
413
-473
-672
724
-246
861
147
-340
932
-627
509
-812
-347
403
784
3
-272
-666
356
371
69
-650
803
575
-547
9
-95
430
38
-224
629
-814
265
109
948
-826
778
-725
454
-346
181
705
-865
-172
-735
67
701
-950
-331
638
-126
-122
-908
-474
596
338
-283
725
97
271
-522
-853
-21
-364
958
54
495
820
180
-670
-416
-250
390
685
-470
216
472
-353
714
723
-214
-657
-574
643
-644
-871
-871
765
-88
-244
-656
292
-75
727
789
108
600
-509
744
85
536
-443
-719
316
-436
189
552
778
-152
-893
704
910
-148
801
253
184
-661
-361
282
-298
-385
-915
-770
-731
115
-631
28
-694
-636
-522
-335
471
-231
-943
228
-427
892
-137
-959
291
-511
85
-275
-548
-800
119
370
-753
981
-552
-540
522
-670
556
827
516
-680
94
-904
861
592
-533
-104
310
52
-65
-151
-504
530
360
-946
-570
-220
501
-609
234
849
-529
679
-774
-161
204
16
-331
574
-40
-939
556
-488
-296
-803
38
671
688
31
53
180
-707
-576
-781
495
1
999
305
-497
-407
423
-133
124
626
-449
851
-867
213
-177
-92
755
-626
948
-92
642
324
-153
388
-396
-245
320
99
922
451
-12
756
-802
-889
-72
-853
-997
375
85
-442
585
-815
613
-866
11
125
-315
50
-769
-993
469
-105
643
-147
-53
-312
376
-235
657
619
79
-704
226
-428
200
-664
-672
753
705
-375
-330
693
-647
481
563
-851
374
119
-314
797
-262
-923
441
233
-790
-972
-205
17
-343
-845
-366
133
711
288
912
-291
-936
950
30
540
430
861
-28
686
-489
-373
434
-173
-727
-838
-407
-927
-918
-811
141
196
978
942
-793
-848
880
515
-348
966
648
-190
464
-498
-918
941
-43
-995
-130
-718
840
122
136
-317
-467
-743
-830
-680
523
-167
-463
875
801
131
-201
718
122
-586
856
-183
-899
-760
954
94
-70
541
444
-22
343
-182
-805
-523
452
-271
-601
-688
171
247
893
133
-441
-795
-697
-160
-919
-808
-226
778
-891
-160
-783
-845
-275
859
-338
909
-910
-552
-175
356
328
81
-86
-2
920
-57
-265
-365
400
-642
471
277
303
18
-228
270
638
331
-202
-426
-765
-192
-365
-313
812
25
-650
711
879
218
84
-713
-861
-6
317
901
-150
-774
-355
-291
866
663
864
618
376
-650
-932
832
573
-49
-675
822
74
-458
-606
-817
-977
-469
-893
-861
-635
-609
-490
-613
-681
-847
956
-944
868
736
-650
985
126
753
471
547
614
-458
-712
964
401
-86
981
-930
840
63
309
457
611
244
335
944
-389
886
45
-832
867
900
-618
-450
336
190
-269
150
523
907
530
-281
-318
-92
-416
872
-768
671
-959
224
988
249
671
841
-970
-79
495
-65
201
-999
833
959
-10
-15
670
161
822
-341
457
-365
-596
-147
-255
-267
-959
363
44
464
-502
-375
-104
414
-924
902
311
-558
-148
-109
32
-62
981
-25
-349
157
762
939
-784
-514
526
-575
968
494
692
-768
-642
987
-679
-475
-806
-229
424
-484
-307
-426
852
-537
905
-796
-271
-498
-321
-699
-987
-509
-115
803
-167
430
-328
842
352
434
-266
495
660
-108
335
161
-47
-610
-139
763
43
27
-918
943
-400
639
518
317
876
893
-837
-251
436
49
-182
699
-385
778
905
887
-839
-739
396
610
759
657
111
-704
645
-183
642
638
-804
-363
-847
-72
-272
-102
-168
875
724
-485
-814
-987
63
543
-83
421
-380
-122
-682
32
-668
-982
-501
698
-30
808
-552
174
-109
-176
-912
65
-819
928
10
-653
-292
641
388
-9
425
986
-320
264
-875
791
441
306
720
982
-778
703
-158
533
-457
28
-698
379
629
95
436
-877
-625
689
930
-766
97
684
-388
26
-820
-277
-592
-307
253
-34
979
274
363
-890
-2
-255
-571
27
-798
-304
97
-988
731
-51
210
-637
-885
-204
795
906
-381
-575
-485
-268
643
-848
-287
-329
125
845
-448
-569
-840
-824
-714
-231
88
-402
12
827
-967
418
652
432
-620
235
-451
850
761
224
722
-428
376
463
-154
-402
-286
-345
-597
156
-479
709
-68
-299
-346
497
-197
589
-446
-962
-478
610
827
-21
442
-583
-297
-591
-535
621
237
39
-452
-899
736
-565
635
286
-618
432
-113
-580
460
74
-495
760
820
-407
-515
433
621
-759
-72
845
-434
868
875
-370
7
-665
-686
395
-767
-7
71
942
-249
45
-269
998
785
141
-94
-153
770
-758
-91
-342
-236
130
670
-648
190
730
-897
-872
-131
-89
-827
157
-560
625
-457
394
304
-924
-281
-466
535
-806
-177
-549
-934
-196
-683
201
24
-876
-514
-141
-517
-110
537
-366
429
998
-287
756
-123
-558
844
-718
872
-702
-220
44
-358
772
823
895
329
-151
-936
134
-843
-802
-334
662
-285
534
-728
-753
-666
561
320
-357
-478
-346
-556
-825
-113
-18
-7
322
-661
-415
164
-934
-451
-324
-76
-561
-442
-224
334
700
452
-657
-761
-338
-610
-626
-44
-614
-158
-844
805
-589
-887
960
276
-595
-823
302
302
984
830
553
890
-490
319
-84
28
776
-238
-152
818
-58
526
-559
896
-35
-493
-218
551
765
-515
-372
-599
-761
135
-112
-227
-114
23
538
-636
-310
-477
-229
-577
423
925
-71
774
-818
-393
43
-673
156
-904
-69
362
753
32
-383
15
605
496
-546
627
-611
-235
-863
-368
642
569
-854
-92
978
-833
132
616
331
664
168
-675
-954
896
781
-954
-710
994
637
-445
978
434
368
823
917
-237
418
-737
545
-782
-797
269
-373
-4
-203
-42
525
211
-519
-634
374
507
925
-798
-337
-908
389
922
-294
-384
379
345
-622
293
704
-968
647
942
-526
-405
-170
676
319
201
968
-995
320
-808
810
-245
-139
-258
-93
733
203
30
211
-809
-94
463
-599
-603
-763
27
642
-14
-415
529
-376
-323
-423
-13
-632
367
106
804
495
-312
490
476
-481
-508
211
-468
-361
936
381
-551
318
-793
237
748
-388
973
491
-108
463
648
122
438
402
720
-953
885
-493
-322
427
973
-853
290
-361
246
-973
-890
927
-295
374
542
-658
-261
793
-560
888
-710
440
471
765
175
-140
866
-799
247
-125
-976
9
357
799
-673
623
945
358
-880
-452
975
-949
149
84
641
593
361
-234
377
849
944
-537
-453
-482
390
966
332
-278
-882
319
-319
-89
-146
920
-693
-679
196
828
252
-32
-191
-164
-869
848
640
625
588
759
-239
-248
-474
-518
634
98
736
266
-945
-561
568
375
39
-708
-831
-913
645
623
-897
988
-752
128
-972
797
381
626
-534
-96
-463
-765
-431
-630
661
-844
565
456
716
655
955
-160
-572
-548
-844
730
-467
60
-962
-986
-780
-411
426
282
567
-985
816
-266
987
-511
342
-41
-290
-513
-45
-722
-201
612
-893
333
326
841
177
-426
-841
-879
105
-667
-480
29
439
629
-242
-859
994
-658
95
901
935
-526
-63
-552
923
397
513
471
716
-266
283
690
633
114
362
-455
-570
437
676
-101
-941
-325
390
183
-782
193
652
-142
-170
-327
-453
-519
559
-973
-320
-307
-561
-145
228
576
-353
287
58
-689
592
-309
-590
426
296
317
276
