-777
174
-841
-916
146
-268
-296
-822
-507
-413
-773
-992
-250
-272
115
851
158
545
-6
-511
-469
473
-529
-533
-331
-806
191
528
-527
786
304
32
-754
-181
-221
-806
-888
628
-618
-915
70
881
-233
268
391
-572
778
686
670
352
-624
155
-566
-62
-161
972
-676
-887
528
-691
50
177
158
-31
845
-297
660
-154
-96
442
131
-460
111
531
-382
-621
144
88
-732
688
-61
-175
32
490
-968
-877
-133
984
959
869
-84
52
689
-736
-798
218
864
-329
660
-249
654
109
-987
-767
132
120
569
-698
-736
-8
-918
264
-599
732
577
604
-812
539
-734
-354
-345
704
-23
790
-702
-928
-474
-912
-521
69
-717
-805
555
-510
289
-365
616
-992
-740
755
771
245
-626
-844
22
-154
867
989
318
882
974
-35
337
-118
-151
-871
331
946
839
579
-453
217
990
-813
-632
740
484
291
-664
342
-914
722
-994
-957
548
86
-338
48
782
984
-291
47
6
-824
123
140
769
-998
344
-48
238
250
655
209
229
-700
303
607
91
767
50
497
-558
873
-692
-159
-272
578
-442
-869
-296
-350
368
-765
-929
675
-18
-817
-470
-48
639
-761
65
-693
210
378
429
-969
-976
679
190
902
-257
-181
-429
677
-429
429
-165
958
8
-208
762
576
837
297
177
-647
443
-782
246
375
826
580
152
-736
797
773
598
-344
693
538
-774
-290
-330
348
221
646
458
362
-554
198
-421
-223
-18
408
-349
-79
-107
-290
-510
-67
89
-481
559
765
-741
-508
123
-819
323
-441
474
-679
-147
-500
301
612
785
276
188
-930
-439
-295
-452
-116
1
-691
-796
621
-719
-848
755
765
-210
108
-6
-933
-176
-214
-760
-162
831
-810
-588
-697
-758
-39
724
750
682
559
-691
-571
281
300
986
-786
887
488
264
576
-301
-811
-352
62
794
-945
-246
-992
-343
938
15
-435
-7
178
-223
310
-978
337
612
-176
14
68
253
10
-485
472
-77
-591
196
81
118
-644
-963
457
-863
395
476
-315
927
-819
276
990
-246
-524
-374
-173
-31
-263
914
-833
649
-796
-867
92
-450
-87
-641
-630
-370
134
-737
-976
909
312
520
-107
-80
564
-190
942
365
-508
-238
-512
886
-90
68
439
-391
47
421
-582
637
840
127
-902
390
493
-832
422
549
-26
-184
-312
955
-57
-968
385
203
-463
-888
-789
-645
689
-421
-798
-228
-195
371
-415
159
-130
895
506
-159
-404
581
899
497
108
-565
-1000
-474
-290
-65
-139
690
807
235
569
-91
-939
428
-422
464
192
135
-817
350
406
894
530
612
-957
-334
-921
564
915
-97
-495
-761
667
781
504
-615
-784
-523
-961
712
541
773
-440
52
-231
460
-80
-676
-791
77
-961
-631
-343
-268
266
731
-540
303
-898
-928
-784
151
-773
-591
-375
-20
-396
248
300
-71
63
-899
-463
-77
277
-380
-26
-751
-689
364
-955
350
-750
-444
464
-237
830
901
535
731
496
859
287
988
-531
861
9
-215
130
295
-397
169
-923
854
-632
-541
120
-575
613
946
-264
583
-198
195
-647
-288
976
-913
-904
870
480
-78
-482
828
627
232
312
-472
121
422
98
52
-558
899
150
379
551
722
-177
349
-461
-565
304
630
-393
349
152
516
-138
-356
85
642
-44
-449
586
461
-102
113
-529
-381
805
-206
505
-760
946
302
1
968
631
361
983
-337
-24
-807
-323
-97
690
876
487
146
-630
-108
88
961
220
12
-155
-75
564
-666
35
-384
-919
-650
837
482
671
597
504
-859
693
393
-236
-482
313
316
565
-383
-914
392
237
938
276
89
-709
-762
763
711
-40
-619
-724
-57
-864
370
-214
-13
313
882
-29
263
-704
161
-25
35
398
-708
-824
87
853
-532
-371
-940
337
93
394
331
454
644
-571
-817
-697
-794
-975
-648
-588
983
-225
532
78
940
730
-833
-63
-684
-635
969
-495
114
-376
92
602
922
-314
-815
-987
89
307
955
193
-448
24
-844
-954
-756
-305
64
42
-319
611
-448
-193
-677
-606
-649
173
393
765
601
10
109
599
301
317
-131
-915
904
825
-871
663
133
977
-549
-25
536
214
-407
61
530
818
-637
-864
2
-749
299
282
953
-239
-558
-444
92
758
740
-469
903
230
582
979
-54
-973
193
904
-584
625
-782
586
-115
-729
661
-493
-726
451
798
-820
741
625
-295
-174
-444
607
-688
296
831
176
-361
843
-203
840
370
33
696
-147
-103
908
665
-142
86
-450
-251
-730
322
83
829
-974
507
288
871
855
237
786
686
-418
-529
-972
-119
-376
-821
723
724
447
-911
-887
-238
-984
187
-834
931
673
-358
309
-226
-46
-789
521
-858
-654
-141
-663
-575
422
-46
-386
-56
-340
-520
857
551
361
-879
698
813
-687
467
372
634
-116
726
537
-809
543
-820
-795
903
744
-200
999
-977
-897
-506
979
70
-593
-140
658
-597
374
-247
568
-946
-487
771
352
-326
-985
-851
650
-25
-542
552
324
-763
792
-139
-745
-630
707
-848
118
-268
385
-138
506
-175
-978
268
-463
982
849
869
504
284
-539
971
-925
-985
-463
-848
-68
525
676
439
805
-255
-772
7
179
888
733
-955
-51
383
444
-13
-681
821
337
255
25
739
-524
-503
-43
-545
-672
-812
-167
22
5
907
-338
-789
952
80
98
-802
-151
326
807
398
677
845
850
378
-853
-780
-47
497
280
-576
-575
-963
-522
867
-884
-695
757
-918
432
159
719
-751
-102
-784
-480
199
365
-940
793
-864
-17
-213
-170
-454
565
-343
336
-335
560
169
-289
-997
-104
-598
912
756
113
-601
272
56
565
603
-290
924
110
111
92
365
-769
-844
33
-906
952
-799
-513
348
215
-248
-118
495
-351
949
-553
-752
-600
820
-327
670
391
-586
-994
-698
-526
684
-511
-321
150
-248
992
416
-334
-902
437
365
896
288
148
599
-302
-226
326
34
488
-658
-96
-267
-308
-855
715
560
-832
-793
148
46
724
-175
530
426
-267
452
847
239
-482
-567
-996
-493
862
-512
-960
-150
827
88
636
-703
-245
-240
925
-727
834
875
703
723
235
869
-47
-601
697
-401
739
-763
-324
23
-710
-395
-48
430
592
596
608
-724
-585
157
573
-189
784
405
988
945
546
521
966
-661
-216
784
-169
214
498
390
436
-473
-567
378
-362
-671
114
595
-666
-546
-206
260
-603
989
-91
-178
-607
-879
109
897
-629
-44
185
-908
-963
-81
-93
555
-462
489
-459
753
-806
-811
-37
-806
-400
31
101
-156
-450
-10
-883
985
157
-625
-754
950
-146
476
52
706
-671
537
530
-663
826
-282
237
-273
470
626
-318
-803
-211
548
619
718
-358
-715
88
46
896
369
411
-361
-427
971
-982
441
123
213
-657
796
-537
-980
-585
-439
769
-4
915
565
904
-70
-919
-226
-130
116
426
523
354
-684
379
847
523
567
-993
-838
908
-29
670
-777
668
182
-442
251
-165
174
625
-788
437
-700
-753
-351
357
-679
-761
-930
-326
-868
-127
8
-29
-72
-964
85
-338
64
-602
152
506
358
371
-153
-635
-264
247
127
-944
-283
662
-50
-296
919
233
-41
410
-550
-532
150
133
-425
739
-957
151
558
-124
881
631
-675
16
-402
817
-909
-381
964
-641
653
-28
656
-725
528
-858
921
-333
-541
-42
12
644
-630
185
-893
-986
844
-667
561
-851
394
450
-39
-723
-331
-662
-907
-233
896
183
369
14
-249
276
320
61
431
-866
-980
721
435
-431
-684
676
76
-210
-963
327
-824
802
767
-383
-659
-730
495
-560
-358
-201
602
198
95
353
-136
-56
-453
-247
934
-457
-569
-437
-637
-311
-599
-120
-424
170
-279
-518
-52
616
180
-697
-713
266
415
151
-720
-478
17
-814
-934
-330
276
386
654
39
-947
183
-940
-659
-781
-868
-600
-969
-110
-565
-695
79
-970
324
87
106
-574
-966
-845
138
-812
232
-9
-952
405
-106
794
982
996
614
-333
314
167
313
528
-174
-328
307
-308
-921
11
-764
644
-359
-56
461
330
947
-288
-439
508
80
222
668
-773
473
481
-351
-452
-713
756
524
-5
335
861
593
854
988
264
-758
-332
365
57
13
910
810
456
372
-697
-816
-50
221
-540
-504
776
-996
-722
-807
392
-589
441
-966
-293
-620
9
-86
-905
-211
-145
-608
79
910
-859
85
-777
376
-302
9
-640
724
-192
977
44
395
27
958
-56
3
-66
-979
-9
91
-702
-490
-510
496
-961
-187
-479
974
420
961
914
-519
160
-239
905
869
487
651
960
-197
629
-838
303
624
-123
-114
862
-748
773
-350
587
893
941
-25
-299
-749
-686
54
451
-803
556
310
329
-530
-960
389
-466
-224
-443
982
-989
-217
-575
314
-954
922
929
81
-366
792
-405
242
648
-199
706
296
-63
-328
655
-652
-362
-803
705
1000
25
-67
-819
-355
-6
608
327
-199
-674
-548
131
384
971
-281
-459
325
492
-923
-412
788
218
793
-646
-165
473
971
-568
-522
-580
-118
-79
352
809
-174
974
824
-525
-877
105
392
-655
211
977
-82
-286
3
217
-722
762
-597
-277
-409
188
-339
304
59
-370
630
84
995
458
196
-945
-162
465
457
689
503
794
917
258
775
-708
330
-524
94
738
531
-200
-549
267
-10
331
516
67
-784
-422
527
-466
-305
639
781
173
666
-953
-615
-27
-12
468
803
-748
-791
-548
170
-821
-638
688
785
622
679
724
128
356
-569
-296
373
149
-903
-107
-535
-80
-953
-69
-633
-233
-368
-220
-991
433
-340
-47
-487
302
-122
546
-440
-183
-986
680
311
15
591
321
-401
442
25
-598
-383
184
295
94
404
547
-574
-292
546
622
-596
-413
380
-129
106
-743
584
539
228
560
-195
-949
-27
146
-986
-555
-808
-594
-552
-931
-430
619
-830
-890
-149
69
-163
-357
3
-24
756
611
870
661
-67
-136
482
16
-875
810
-984
-167
-605
-705
-137
347
-814
-555
606
-196
371
-379
825
-551
365
194
-183
133
-603
532
709
363
753
226
699
-438
134
-378
-536
642
-739
-883
228
277
660
-361
-870
81
587
-686
425
-403
283
-589
-116
345
-801
757
-290
777
-951
289
424
45
-278
-923
997
-599
-158
975
-713
-90
-435
70
-154
142
940
604
744
986
-561
434
413
872
-62
-571
-233
678
-700
674
367
436
-767
-546
950
-314
-537
415
447
-872
-499
-502
-127
81
-414
-541
858
-350
215
553
-608
310
-335
875
-742
-366
185
371
917
830
-155
-335
388
730
-399
682
-70
-943
-563
-864
-540
-188
-575
319
446
-768
-256
288
-320
-842
-734
769
-199
913
-385
-123
-680
222
62
-687
-409
-591
-259
-423
-251
-481
-423
-682
457
233
354
946
-322
-392
459
503
788
-223
289
-89
-736
-53
41
406
-557
-383
-521
95
551
-340
310
665
276
185
-316
-298
-413
749
-38
-625
291
228
-941
751
857
-525
416
-765
-237
-431
109
-707
-817
448
-303
-555
-716
-771
624
-528
-52
74
388
432
420
-53
218
-504
235
-780
134
-136
-687
-782
-265
2
305
-642
-7
-538
-521
-394
-321
-833
166
-256
-62
846
440
928
-824
0
-702
-295
-426
564
750
-147
-88
-962
-111
169
304
-128
-506
660
-42
160
-756
476
-649
11
-609
-574
-561
83
-373
963
-862
704
445
738
-12
-118
14
217
244
-91
-65
370
209
-25
-24
853
912
214
-30
-144
849
-11
-475
702
391
266
34
688
-365
682
525
617
-658
289
-792
851
159
133
-849
-297
100
820
346
-966
374
434
-862
302
-925
35
-22
-669
978
-345
-738
-805
-67
-894
-187
-473
248
-790
-340
709
-872
67
-977
790
953
-952
-160
0
826
-956
854
-847
-199
436
-737
-257
-246
-203
-881
650
-548
-33
-969
-545
-981
-488
976
889
-694
-531
-701
793
33
504
-400
968
-288
-703
686
130
581
157
-161
409
637
361
784
951
395
82
808
137
-336
650
775
-182
-210
-794
202
-148
801
-216
20
-753
398
-46
-861
770
-936
23
-639
-166
-221
362
997
-22
-25
387
-397
-274
-382
110
-718
-261
449
-889
164
-30
-394
754
-737
49
784
-926
-445
-164
319
-213
-875
818
117
900
-399
-90
736
303
-408
896
-294
-374
595
-26
-372
316
687
-905
539
-220
105
-669
286
-329
-819
172
849
-711
178
-973
253
608
-210
615
-840
65
-37
403
375
-307
406
-425
-725
-873
-807
-873
-233
-705
-749
973
913
595
-749
781
146
-196
-201
42
682
706
319
400
-829
335
874
-708
162
256
198
945
123
-179
106
-292
317
-517
-890
817
896
361
24
823
-27
530
-771
269
-391
28
184
524
876
-849
-169
-885
803
-346
843
838
71
357
275
272
-905
8
-230
-251
-472
503
-544
-635
709
26
-219
-317
837
-847
426
-247
-387
-675
-678
-550
589
97
374
598
-571
-921
-629
413
-955
-842
-307
-984
-199
-526
-161
342
-805
382
-864
619
753
-562
500
754
581
781
24
930
27
532
100
964
163
666
780
855
-440
708
758
-829
153
982
555
547
-635
954
96
447
-37
503
-497
-66
616
855
-536
-897
-408
-917
624
-833
203
-877
-427
-46
767
747
-10
303
-409
-836
-71
-512
210
610
-190
651
-735
162
90
-827
365
-263
972
-593
-410
-732
-978
-52
-679
102
-226
-439
-688
889
527
-65
-302
-665
-369
818
450
-544
699
29
107
537
-513
595
585
-332
347
-999
-292
-313
333
-210
-728
653
-779
261
132
-965
743
-570
384
-700
641
5
251
449
610
953
239
681
-484
115
695
630
-572
-530
-445
-490
39
16
396
121
687
335
-347
-203
-815
-584
667
-803
875
699
-781
248
-141
-307
-533
473
-876
142
-142
-930
-975
-516
-930
-774
681
-522
-476
888
337
655
-865
-888
-582
658
-964
527
-834
267
-448
-340
303
500
-758
-899
-653
-445
-212
-21
-639
-912
-714
-412
-3
-428
860
-684
-610
936
518
-72
-476
-293
-838
711
122
744
543
-914
-450
595
-77
-937
14
-106
-986
931
-902
-114
-305
-135
-386
-196
-923
-937
-708
627
215
802
-875
896
-90
-801
-403
794
16
-21
566
-358
898
-540
758
326
76
532
499
-975
988
-273
921
60
931
402
-37
-177
-166
-115
-677
581
508
981
-735
-739
247
847
631
563
759
908
-723
299
-423
-388
107
4
511
-550
-27
-718
736
320
52
873
-197
-283
-831
291
690
346
636
-474
-840
432
700
513
-950
-523
384
472
535
786
-57
-236
-876
-976
-882
-301
181
-994
521
339
-155
866
-718
425
421
-803
902
-860
-244
-244
-659
-288
285
444
-398
269
241
899
-754
-817
-86
-759
-906
-496
-602
258
9
-825
61
-529
699
-242
-273
21
364
975
-457
311
729
-118
22
-443
-563
-395
578
88
-379
-993
634
149
643
92
8
-253
499
228
-811
686
-261
-621
785
-297
720
592
-220
708
600
683
-163
573
-885
-725
115
-583
202
809
-980
157
-85
-480
64
-396
-340
126
-76
-900
-716
152
222
-398
-88
745
705
-61
-336
-23
-664
89
46
-107
59
-610
-584
196
-594
-448
487
149
-388
84
-601
182
-85
395
250
816
-441
-824
100
193
758
833
-432
-953
-171
-78
-68
-483
-38
598
124
-612
758
368
735
8
-925
29
948
168
-317
612
602
623
836
-123
883
-502
-389
-479
113
409
-657
-402
-845
-171
830
-131
-944
-459
-663
-590
623
533
690
163
30
-515
-475
955
758
568
808
568
843
781
-262
645
314
-750
721
682
726
470
395
884
-830
-478
584
-996
-133
-860
-967
-834
93
-163
967
-640
419
-530
210
549
912
-367
168
31
590
795
-667
43
-410
287
-636
585
561
928
-738
964
-229
225
811
-406
-204
-782
-588
-623
-450
-594
593
-323
-854
-156
685
-578
460
135
-132
-376
901
274
940
775
623
744
227
-124
-611
962
442
-697
-74
288
553
-125
-575
856
8
-253
-669
691
388
290
-670
240
-141
305
-682
553
-641
426
268
-260
487
236
-789
-158
-225
-129
-2
-849
-475
-147
441
569
-229
491
-53
240
122
-503
584
-762
537
719
-627
837
920
864
-852
796
695
-240
-553
-321
926
269
179
-483
512
574
108
-846
716
-630
-150
490
996
-611
90
-412
896
-707
-68
-358
295
161
-752
26
-7
634
-985
-564
-416
-149
793
205
-187
-799
-350
437
-439
636
458
-233
-142
-185
-491
-461
-355
425
-484
410
948
942
977
150
-687
-599
902
817
276
-733
-668
-977
-522
343
-207
-334
-247
979
760
65
819
-607
42
320
168
-904
-872
-319
-38
661
-88
-791
-969
-93
313
589
467
-629
-246
-347
790
-214
835
-883
794
357
13
298
-205
-90
-833
413
536
831
-29
-216
784
124
-732
337
56
-852
310
179
265
-169
394
-292
-590
-153
761
-226
-523
-640
916
514
954
193
-872
-56
139
-166
669
72
39
516
-418
-773
-410
208
273
489
-755
855
567
801
-633
-802
-446
-805
735
-752
-423
970
-168
-889
123
-577
895
118
-100
160
-7
-646
-921
396
977
-850
735
-19
-476
78
-255
13
-410
293
-712
867
-734
899
-879
-448
-21
562
-625
-337
305
-792
24
601
168
-974
487
-745
-347
-732
-923
-70
-731
-505
370
469
-624
398
880
363
193
-605
347
853
251
595
-765
-43
241
-53
561
53
353
978
-793
226
-169
-930
133
-940
855
285
434
-984
928
-277
336
-121
738
765
223
496
-986
441
-359
838
-838
434
202
-668
-37
323
591
242
382
325
231
-499
177
-725
854
-466
633
266
995
-693
987
-975
168
50
-774
867
773
-92
-771
993
651
-138
706
-422
-559
970
-673
-568
-442
337
992
386
477
-223
687
-641
-592
-483
168
439
-742
114
792
512
247
192
-805
806
-649
-858
-228
-325
918
519
773
284
-920
116
-836
674
561
-710
-553
-287
-723
-488
588
962
347
14
-204
676
-724
-328
-960
-32
-778
720
-858
908
-667
70
871
-268
870
197
339
566
-183
229
-430
386
502
-285
809
343
-818
311
-570
422
264
272
323
-711
12
347
-813
89
725
-317
-926
-865
328
-346
-20
755
-886
-217
498
459
969
-13
153
-300
340
-327
692
89
168
-529
-408
79
-890
-944
-606
812
602
-577
162
-983
561
-774
565
-225
-138
-745
927
-236
-788
353
53
589
580
735
215
838
427
-671
48
-631
410
-176
361
892
497
-144
634
936
-825
953
-346
-509
-144
-937
-361
-51
693
-144
-971
-1
682
-473
-195
588
378
-649
-331
415
-240
-773
-867
36
904
-590
-944
-862
-287
-523
-400
107
-414
69
297
-610
247
-683
-964
502
-989
403
294
-931
-741
-168
-156
-620
571
1
-333
310
87
-108
-960
303
435
464
-934
-1
85
-534
728
513
-310
-753
394
-441
566
-48
412
718
500
-170
592
-84
504
-832
870
628
373
640
-473
-468
808
153
-32
-779
590
-438
682
767
375
-846
-457
-72
-688
591
-225
-74
-864
881
349
-131
-67
-679
924
704
891
-53
298
69
-958
394
704
110
-360
-299
850
149
-858
412
-461
-845
952
191
309
-133
1
281
198
-887
-664
673
978
-756
659
-201
-231
633
685
-117
163
-15
-677
832
-301
185
-612
-320
-280
-449
-747
238
968
589
364
-424
490
123
-438
-717
650
-987
116
-949
862
-771
486
766
-39
667
-152
359
262
708
-395
746
510
-418
720
-262
-588
330
-956
-953
-972
347
661
-240
-16
298
389
-676
88
-253
-457
433
258
-446
348
-284
876
635
-253
666
-15
118
-616
615
645
-522
-744
-428
25
285
304
279
-289
-627
456
-333
80
834
-102
-883
-251
-648
-243
-746
875
361
273
-670
-406
-74
329
13
-191
-919
-994
363
-211
-143
-220
691
-617
645
254
289
-74
-179
515
-985
259
-546
-999
310
675
-785
-821
342
-457
864
-327
809
-628
-126
874
-549
838
876
-863
-989
65
872
998
240
909
-931
-214
376
-912
-186
-905
678
527
-185
3
-89
-94
-236
779
-35
619
407
-823
-586
-27
-262
-231
-452
-888
-775
-804
-585
691
-470
-166
815
847
64
-380
-813
-383
-276
692
-123
-862
-257
-143
651
-755
-988
737
813
-573
-212
533
619
866
384
-577
-708
-269
772
180
204
-641
-377
528
348
-442
59
-378
312
251
565
750
-773
-153
819
-235
-185
-654
-604
-201
537
623
955
746
-220
510
-669
-459
565
636
-88
-895
-720
240
979
135
-35
-504
818
255
716
-179
-781
903
-751
113
-443
-335
-869
580
97
-728
-203
-828
88
-388
869
51
-273
-708
476
-9
766
-574
282
-194
-49
-934
157
379
171
312
-73
83
452
-927
-140
-727
-539
403
-636
140
-781
370
-815
-855
-709
-956
69
898
898
-811
-950
570
163
-72
-731
-55
-296
245
906
-548
-707
775
-850
-345
-887
-805
440
-114
911
362
-950
-88
-537
852
-799
215
-783
-877
624
919
-499
-571
803
807
-465
711
-282
915
-81
410
577
104
-245
-833
-182
-312
-473
-858
-462
-503
151
-19
-935
-750
762
-951
472
884
283
-733
-522
523
493
-975
-590
-431
-604
-767
846
-221
316
717
776
-451
-214
-613
288
-687
-668
-170
-161
907
-558
-827
-1
966
638
264
997
733
-713
-72
262
-185
-662
-802
-610
469
-849
750
-650
714
-846
-307
-942
632
974
909
-251
-79
-620
75
744
-34
527
-16
248
213
-271
113
300
-597
619
-619
-611
-390
923
-880
-437
-351
-491
591
479
-996
211
166
-373
-398
181
134
-383
-319
-579
-248
-662
320
156
-745
-868
157
-66
-412
-34
159
-490
-506
-141
-452
-259
118
-945
-416
-879
-709
78
670
957
987
-573
-651
343
-886
-541
-18
-592
478
-801
793
492
731
-588
746
-923
177
-936
842
795
159
-737
63
980
23
646
791
-872
226
-33
492
769
-829
449
590
477
864
-19
794
129
-528
243
389
-449
-140
-295
948
833
242
-498
973
-964
-876
-500
324
-17
-455
-5
879
-709
535
286
-145
126
618
550
81
571
-840
-147
620
589
-152
418
603
-128
-622
529
746
-380
574
525
-436
-71
-385
488
274
647
-351
-903
847
244
98
510
772
-179
-540
253
795
-751
-187
-376
17
702
530
-436
1
123
-226
241
828
-780
544
-1
-900
-30
25
436
-703
-511
762
-151
-601
-890
496
98
637
292
214
66
-690
317
-899
354
395
-146
-311
198
-990
901
-768
613
914
-329
981
-254
-686
-152
934
-58
760
16
-796
41
-401
-94
221
-629
239
-608
-975
442
-118
955
-101
869
-66
113
-402
47
-350
-499
908
962
-882
-320
539
-344
264
94
209
-943
739
517
99
600
218
-915
-794
909
529
-369
-314
-401
-101
805
732
-450
768
-923
-317
-943
-97
-689
759
798
854
-916
120
967
975
-433
110
405
180
-286
635
-306
-127
759
-157
-386
-917
288
763
880
935
937
983
50
638
-629
-371
-750
-292
-713
74
-501
-826
610
-992
767
-401
208
-884
168
358
758
685
-811
-593
388
189
864
207
-791
-59
-285
-582
-305
-310
883
913
679
706
-266
-642
718
-791
-867
-855
-766
-935
-797
-615
827
-445
-887
867
-742
-881
-247
831
-947
783
-14
-379
390
367
-285
196
-255
494
67
-700
640
-401
340
-914
740
692
782
298
-266
-34
395
-320
-367
-46
-487
-864
-535
135
753
738
405
544
720
132
-769
-689
-975
647
31
-48
950
-182
-387
-8
627
385
-404
421
-676
-887
945
-840
-877
555
9
-152
951
-388
481
-275
-972
70
-698
268
99
329
-207
401
15
320
-195
900
666
-991
533
224
619
284
-935
677
852
-398
887
-230
-537
237
-103
434
-392
-458
171
-269
10
-338
918
-792
554
-870
615
377
-82
912
-438
948
-688
91
411
37
942
937
659
-328
531
-108
138
765
91
810
237
-998
-222
-898
-442
-650
-512
819
-924
-66
430
279
-338
-795
-764
-660
-163
-425
-899
-440
250
714
-901
-72
540
697
643
489
86
-933
635
296
336
-994
606
-970
914
12
170
789
861
34
840
-660
258
-831
-670
-424
-879
-729
-876
-940
-494
102
934
553
407
244
-9
-577
985
-938
928
-554
513
-771
852
808
769
-732
679
-743
-911
334
-398
-698
152
629
869
-411
-574
-77
-145
-44
304
-752
-418
-726
916
-52
793
622
-461
19
-40
-649
-331
-72
-222
806
633
-832
-231
860
175
610
-506
915
-417
-336
587
-954
735
-980
-723
-419
-719
784
42
925
-69
619
-616
291
769
704
408
657
-743
78
-399
962
-261
-815
100
256
777
52
-605
-144
-862
-288
-648
781
661
686
303
-905
105
513
-323
-473
-902
-135
-689
513
484
579
431
708
-278
263
286
-560
611
969
-990
-768
-872
-553
177
-482
-733
431
-147
152
1000
731
257
-87
719
-380
-766
643
803
43
-882
402
-175
391
575
-370
7
-680
-79
696
-242
-556
846
-294
58
96
-752
847
-852
762
720
-78
594
-137
-788
611
584
-593
-218
-1
332
668
-597
496
-464
-624
845
-550
655
188
-791
-246
-574
823
-388
-146
-628
910
767
689
-328
791
-828
599
-696
489
-55
-243
4
-445
-54
101
-672
-836
-90
248
-151
-163
-219
817
-269
-914
-479
-108
-415
529
534
-520
349
900
258
739
427
22
288
954
319
-776
516
-347
-794
463
861
-3
651
-150
-104
-133
91
780
-306
-781
-527
322
-907
88
291
926
-80
297
-168
76
461
-541
-535
-429
-68
235
872
-793
257
-438
-707
-448
507
582
-573
-70
743
368
-293
39
572
-984
-915
644
-566
98
-133
-387
-50
988
879
613
253
587
-474
-801
-806
-337
-679
792
-296
-156
497
769
-457
-253
175
612
71
640
544
791
141
-154
254
133
988
-480
324
-899
-245
293
768
436
799
603
-736
720
27
950
194
-832
836
-650
-352
266
-353
372
-773
-330
-778
-383
-793
-549
-501
-243
-57
193
-753
711
-941
822
-799
-436
263
423
-104
143
-627
916
194
-784
9
131
-295
-485
-173
-271
686
176
-991
-421
-452
-984
38
859
-650
-194
-124
-384
97
-751
7
725
531
-13
-14
-237
197
140
375
-282
-151
718
650
983
-198
-83
-538
-334
377
851
722
-5
98
68
358
-746
-881
-385
-453
428
956
234
-706
-985
23
826
-846
77
-137
787
-467
-110
978
513
611
-170
-390
545
716
325
-537
396
-235
899
988
367
-313
-763
21
-270
-308
28
260
-738
574
-99
647
362
567
580
-909
-751
995
858
-860
50
-191
680
-451
865
-700
-291
928
281
250
-789
386
283
-551
533
354
-857
-511
668
521
567
-928
161
-403
-395
-296
-680
-929
-41
-730
-378
-140
48
-189
-201
-221
35
731
87
-619
924
677
-602
753
-522
-691
917
-390
-358
-411
-333
-726
936
-438
-64
-52
46
-579
-968
-300
-330
384
672
-243
156
506
329
57
-80
866
287
293
887
39
-448
8
766
-226
541
604
-256
626
-595
500
-79
-757
-775
751
629
-794
-713
-709
-683
588
349
-354
604
220
-712
900
-515
-881
915
-417
-55
-887
128
-704
527
773
182
-33
803
-442
285
155
-189
-110
-704
-992
300
-212
-526
-289
391
970
189
-45
163
923
-526
357
-247
176
911
-706
-129
-750
-294
-89
14
713
0
-217
928
-493
568
169
-319
478
-451
553
915
-770
-150
-289
-947
-371
59
545
780
-891
650
-357
-78
-951
-504
87
423
826
-141
586
-553
-48
-440
-872
-721
969
311
-771
535
-271
-28
-975
-739
125
-784
821
-839
-711
-401
839
-602
205
968
389
283
-17
-569
229
384
739
-64
598
-136
-788
797
536
-916
300
-948
917
310
23
622
-260
-783
-394
217
-344
-54
709
-321
-519
-428
-8
-543
729
61
-655
-97
-352
31
229
-159
377
13
-494
40
155
-539
917
705
624
-36
794
-224
112
-294
937
-763
-561
-276
204
-48
-365
270
-440
-144
366
-611
-286
-840
38
205
-908
274
578
761
-555
-375
-953
-480
655
211
-400
-570
398
690
-143
319
770
-268
830
-436
60
634
907
458
-963
602
-867
217
-939
-992
-218
366
-470
-585
-904
-129
-152
-89
164
175
286
-152
-648
-896
-986
134
-34
307
223
-76
210
124
-708
156
-634
-225
865
-906
520
672
682
-287
297
372
-485
862
341
100
619
-663
42
217
-925
836
-177
741
-630
-35
-312
-754
743
813
-527
871
407
153
-241
-135
-147
81
-626
-970
447
-801
-166
-554
21
-897
-894
74
-189
646
388
-122
-922
-53
145
779
-409
-391
-839
-503
-18
-997
-945
-178
726
118
902
42
767
-558
-541
-408
-982
238
-842
878
417
921
927
-381
70
42
-956
881
-217
748
-819
-916
-344
-654
69
-766
715
289
-850
-792
-284
-845
-494
33
915
-131
285
143
735
-96
901
-525
-695
997
-525
985
381
966
-476
656
-284
47
865
-330
-225
492
-736
836
424
731
-77
-780
-230
961
519
175
288
394
253
15
553
-522
122
-599
-45
992
444
729
524
-763
-749
-750
-914
-993
431
-736
338
-699
-911
275
-93
-646
-966
123
777
117
-109
925
-650
-627
-268
598
331
625
342
-557
-393
-482
913
382
-954
-60
-521
188
700
987
-109
-342
707
637
-215
-347
-524
819
603
-216
-769
957
-372
690
-66
-702
676
-199
75
225
-358
-447
79
894
-132
686
857
-776
-750
922
-526
-604
-268
331
-662
25
576
-813
597
348
-86
239
946
-263
849
761
-868
-694
-274
71
-393
-959
703
575
-455
136
873
-745
750
948
822
-569
676
-374
-129
-250
-804
604
637
93
-659
-698
251
-998
-615
-166
437
-767
-154
-932
-152
-988
112
-287
-212
619
69
-146
-107
-627
-756
33
-220
-890
976
-150
-736
57
-828
-899
68
731
417
-303
-534
-806
502
-874
-72
481
322
814
808
-180
531
586
-772
364
544
28
-289
672
-771
439
859
233
-667
143
-562
-471
118
734
748
-592
-125
230
879
-923
-799
840
-438
262
129
-149
816
725
740
855
403
-980
251
810
393
26
-412
276
440
581
928
482
-422
-431
-677
-892
525
-444
-492
820
-283
-35
-380
378
97
-939
-418
778
600
705
233
-896
665
125
293
-889
-104
139
-135
887
-354
16
22
371
-257
-351
741
396
853
10
-734
-18
-793
-679
-714
-626
39
-480
-870
-703
406
-662
-863
-820
990
400
-142
-919
725
-775
332
-264
-767
631
-780
919
-569
-961
979
278
-691
-119
-409
-160
-459
235
-271
409
-280
-363
-676
-936
-134
-653
86
-786
897
-401
-81
-729
-828
363
239
-537
-46
408
757
95
47
42
-760
59
-664
769
640
853
934
-598
-789
-177
-522
725
531
-544
149
401
848
-914
986
958
-913
571
180
-32
777
783
726
242
-46
-673
-855
653
-261
-10
-232
878
330
-504
-665
-276
803
94
-647
41
989
-59
-158
-842
-615
-45
966
-720
-432
-713
991
-66
-8
637
498
242
-608
-56
-63
-574
250
-463
-435
-841
165
805
-861
297
560
981
-474
-501
-932
-629
-200
141
771
-677
-916
96
-39
-344
186
-450
450
628
581
-602
-538
956
112
-479
259
653
559
240
308
-374
-144
788
174
-671
-375
606
-140
96
392
391
-800
828
150
11
-759
380
-445
202
820
-820
-874
-363
-815
907
-305
519
588
407
298
-417
232
-384
5
-796
825
-122
570
-739
-914
760
588
-606
-129
-426
737
102
-177
607
-911
72
-16
-711
279
577
-366
-716
467
756
386
423
232
-980
-728
520
330
289
-54
273
807
793
904
-278
-319
-71
837
209
544
92
924
-297
-70
518
431
226
387
-220
-811
675
-722
308
265
-989
682
-167
-784
740
438
-944
332
872
-21
392
575
-841
849
-525
-605
-156
476
221
-347
-851
234
-670
-78
625
654
-946
-168
902
944
-837
-528
-582
-889
-248
332
-27
528
-798
341
-588
-323
-880
-86
-11
672
-981
909
-492
-874
330
-682
-891
748
999
-214
605
-948
-222
154
155
363
269
760
-330
-786
-477
-118
232
-104
868
470
472
-626
-883
-603
607
56
-905
357
-646
852
673
-338
444
871
-574
-958
-695
270
294
-798
535
-896
-234
848
101
-464
-612
318
-601
756
-952
-96
247
784
-317
-307
-887
-660
-599
-538
-301
913
-755
310
-803
-688
-126
489
-778
6
555
-752
-746
552
-578
804
238
865
232
-517
717
585
701
-585
107
-367
576
324
459
-98
583
-586
-388
-230
182
-496
525
568
0
835
397
-921
-299
274
928
182
493
-869
715
-361
430
-362
-989
-186
932
-157
-83
738
-484
-487
-269
-261
-646
948
685
10
905
916
-921
-14
-965
802
967
-113
922
959
175
-35
-233
551
974
346
-633
-406
209
-409
-769
218
375
-835
468
-402
-497
434
12
-858
528
-27
769
-462
-267
1
-387
157
671
241
-115
481
-900
-568
815
-961
-881
365
-908
-572
479
216
-350
131
876
-193
-997
-797
-700
-350
-723
-885
-944
-894
-646
-139
96
-387
386
933
-145
874
478
-291
197
227
-115
-91
-447
693
205
-103
-472
-348
-730
879
-948
367
-437
746
238
-314
-244
681
473
-176
43
258
934
142
-469
-184
292
-336
-571
318
-999
-472
766
581
-786
-206
537
-930
-226
483
-719
177
-584
-116
914
-622
20
-461
78
95
-642
865
334
-578
-753
-204
153
40
-500
-911
-648
641
859
507
949
609
-188
433
-138
-324
-116
512
-112
99
337
221
-519
-756
197
-507
-817
789
-823
20
-324
-996
-62
724
119
453
463
-505
698
-128
319
-985
353
868
-888
737
930
-781
-46
467
738
133
-995
-34
-861
304
-868
543
-32
518
616
397
714
551
-759
-224
-194
532
819
-606
92
350
192
-276
-463
195
886
705
-781
-76
413
235
45
355
959
643
-711
236
-333
-995
-475
160
803
-196
-416
390
-596
-244
-832
-761
-991
-446
497
190
-308
-610
-633
-354
-538
40
782
-108
-563
-688
-750
154
-410
-658
67
693
-613
-695
520
41
593
-326
96
-276
-409
812
258
60
-745
-759
412
-674
453
475
-31
872
-831
768
-316
-813
986
17
825
-679
665
-801
517
410
-863
391
-856
-752
493
-647
-832
231
19
325
632
84
-985
928
895
-306
81
-569
893
-339
160
958
-659
269
455
14
916
-212
381
303
-568
-446
-976
315
236
-420
663
776
-299
847
-558
-390
665
382
623
18
306
-531
465
907
354
-607
8
-773
-343
-892
-818
-166
953
-289
-465
224
971
490
-654
242
64
481
442
995
947
978
-362
-447
-715
669
-145
-491
-28
123
523
167
-324
523
575
-754
717
445
-553
143
958
685
-524
985
456
217
560
-57
505
-946
-488
-709
295
-460
-321
-728
75
-533
657
336
901
-463
802
-126
148
-217
439
-331
744
-64
328
