-75
348
586
764
-844
-736
-129
416
-190
-527
-869
654
-905
503
536
-29
-951
486
-510
463
-495
-395
847
676
765
-94
-214
842
-786
-476
181
-219
233
-964
-617
271
594
302
-325
882
-2
811
-821
-956
-71
774
497
-280
692
495
888
471
-644
322
110
-584
117
582
-223
-637
-45
430
-641
-553
-877
-235
-234
508
-715
-589
-828
579
83
147
-275
-565
-262
-810
-470
869
854
824
-71
-568
770
-781
114
45
-574
-866
699
-238
-422
818
921
391
-583
-939
272
264
918
-352
-889
968
645
24
106
-751
32
174
648
35
979
902
602
-493
664
-702
318
256
-265
-639
142
-56
-415
939
-943
-195
-641
-734
500
-308
549
597
708
541
-727
632
-202
826
842
237
629
845
243
-967
465
-611
635
383
-557
-42
140
636
853
811
550
24
979
745
-890
289
-244
-449
63
652
1
238
384
963
757
-362
616
-979
-375
422
201
730
819
-118
-184
-772
753
-657
123
968
-482
-650
875
-180
330
720
-343
259
164
407
738
283
591
373
621
841
-150
451
848
849
966
-408
-658
-567
818
931
985
-79
-801
-697
-556
-33
-196
-166
-170
359
168
810
-32
-598
307
366
550
-476
-929
-375
-705
808
-304
-29
-217
-199
-444
-647
747
631
-589
697
743
-467
-313
-575
-354
78
201
574
-433
89
-937
349
-536
-733
656
-92
-945
889
618
666
405
-226
-200
784
869
-242
-839
603
304
-517
-337
-344
44
723
-381
760
895
-277
757
107
-597
906
765
789
961
-613
431
-785
127
-604
-950
507
-94
757
-324
450
36
626
36
-88
719
-597
907
491
-321
-626
-772
178
-229
277
-683
70
-679
-8
769
-660
472
-931
685
167
22
474
-719
-300
-318
-78
-424
328
-479
-35
-112
334
503
-538
846
-973
-325
-368
-450
611
169
269
414
-723
-492
-998
-234
-624
-724
637
820
-493
0
972
-219
61
108
400
545
-1
739
-287
315
-189
995
987
-760
734
533
188
809
214
40
-577
100
-202
-893
-620
-196
378
607
885
226
-1
-651
-626
758
995
-708
-386
762
310
-94
-595
788
855
128
88
224
-622
830
-259
246
-818
788
-51
119
-398
567
-82
-475
851
617
-880
-659
98
-782
917
379
579
-852
495
302
24
-592
-845
318
-421
677
935
885
141
-458
832
818
382
88
-598
-452
970
320
6
117
-751
-263
-154
493
-628
621
1000
247
-79
-298
-236
855
-248
-333
701
-416
460
-514
-362
665
877
735
-54
422
761
217
163
31
-321
382
8
-540
318
-126
261
188
908
-104
-43
684
928
219
-335
-789
-743
-579
413
940
-868
261
-925
-946
-387
308
227
-893
-338
945
264
-867
424
-598
216
-329
-144
-4
-706
269
-560
-287
127
621
-638
-93
-791
133
59
-358
609
680
-676
-632
132
320
649
450
233
-59
-521
-522
140
-728
336
842
718
-975
38
-232
106
-801
483
378
42
-923
413
992
183
-787
516
-379
-276
282
-590
-811
94
-156
437
-322
-491
958
785
-598
-575
-974
501
177
-401
192
41
-619
143
-902
292
490
266
-999
-226
-178
689
-196
-245
-198
-129
-524
878
247
-331
-925
-370
838
682
98
675
-415
327
-672
260
-779
-138
-261
554
75
-15
16
-958
568
-995
716
136
327
-111
139
-798
-758
-723
287
171
-868
-150
85
-660
670
-774
126
695
517
-77
702
-710
136
3
-65
-847
-31
-930
632
-26
-3
-169
-274
955
-923
509
982
732
248
-553
210
914
79
-395
-838
913
9
-908
-365
663
-735
-496
737
445
-328
847
-165
233
-738
-215
-43
-64
543
-619
-762
-812
-863
-364
-770
-256
980
966
-475
-275
774
534
266
133
229
-409
270
60
-569
386
-966
175
889
513
425
-661
955
200
-524
145
-406
953
153
653
631
-704
729
212
-90
-854
372
-702
508
-544
381
931
-598
-349
250
-450
-271
744
614
-743
-916
-388
-44
78
-168
949
281
578
661
-589
-676
118
99
-6
-750
420
-881
-125
-490
-37
-801
640
509
-908
952
-639
991
-384
886
515
800
869
-335
-524
666
314
527
972
204
-571
-403
-452
630
18
342
-655
-866
2
-550
189
-461
-817
335
625
-963
355
-878
660
47
440
-386
-934
-773
-337
-663
406
-315
33
63
-591
-494
-654
287
417
526
350
-707
-533
991
-313
-605
-287
-201
649
-551
236
-852
60
277
-920
696
-433
244
274
668
168
-560
926
-451
-803
142
373
544
499
-808
452
190
-355
-197
-982
-744
-111
288
-53
811
173
55
-358
403
736
566
-457
-165
141
977
834
-592
188
-267
406
467
-318
-971
-401
-659
638
-213
792
-293
210
914
-466
-492
230
-999
-259
648
994
-863
-730
-516
818
311
-372
-572
-180
684
379
-198
-677
540
-186
407
760
286
477
-623
445
299
-396
181
913
-416
656
304
791
-167
401
-41
-364
-125
-892
872
-944
544
27
-865
-408
-547
651
575
-191
464
-405
-631
-430
667
378
-96
-800
-867
-498
-794
-217
582
-137
740
298
348
91
682
64
-98
62
473
73
33
466
285
-502
332
252
-473
-640
438
562
401
-428
-483
-762
-831
634
258
409
-374
812
838
875
-758
42
409
-128
314
865
-295
161
737
39
913
580
-90
467
-295
-24
466
131
-404
-286
323
661
-875
-416
-254
640
696
184
-828
-513
-62
797
-160
72
283
-969
750
-198
788
830
-403
-493
-101
503
125
-491
671
186
486
-560
806
176
759
804
568
346
-601
-817
-864
469
-805
718
-9
-975
-786
-461
-528
47
-197
302
395
-688
35
153
-314
156
-868
588
135
339
-711
-941
219
-405
444
451
284
-118
744
-144
394
-809
-837
-717
734
-651
139
-435
-701
-45
390
209
27
72
112
649
-968
704
889
-281
688
527
-257
285
-812
682
-843
495
608
144
652
-397
764
-164
-436
453
-649
39
793
921
-450
-191
-46
905
275
-100
-132
910
-550
71
-700
423
-457
965
679
-682
630
877
57
309
773
510
-424
334
-78
-625
-512
-871
-687
-205
-188
-896
-463
747
677
921
109
-233
458
-86
-275
-733
189
-367
42
-289
724
226
406
143
-377
457
127
712
-939
489
356
529
-288
498
-757
566
524
-188
-108
-512
-524
143
-155
-58
137
-563
365
-801
667
-716
-702
997
-734
667
53
122
-877
-78
-410
-90
274
27
472
-436
251
961
-512
-437
502
445
98
223
-762
-162
-123
-588
963
490
85
-105
72
-312
218
-427
-677
-386
-121
967
-304
446
-24
-459
952
52
776
-675
63
-284
722
-516
-601
23
-358
-523
938
-64
-910
-311
537
326
-429
626
-583
-959
548
997
216
-138
717
-20
715
972
-539
-840
33
80
-713
11
796
-69
680
-956
769
-630
47
719
-330
812
-509
-439
-854
153
846
659
-497
-402
267
-958
-722
974
-402
-511
887
493
798
525
-390
-957
-840
296
-438
-316
-626
-80
-717
-992
-628
-306
242
-802
954
700
390
-581
-125
275
-876
-457
273
394
456
-333
777
-588
-686
131
794
244
318
170
-503
436
-464
55
458
476
-957
-647
726
639
437
-951
-251
196
970
-974
142
816
797
-474
712
-880
-714
-16
663
-939
-720
969
-481
189
271
271
-263
-743
-632
-140
-290
-124
-269
388
-528
-349
737
-121
525
848
-908
445
356
806
-515
-895
614
-454
987
-871
303
747
-22
866
-861
-393
-991
3
778
23
-710
-662
-978
-122
521
60
652
492
-946
692
-621
820
250
-29
432
219
-467
991
73
912
931
-260
918
180
-335
-73
-884
995
-565
-799
784
-34
497
242
618
-88
-823
-918
-423
682
-525
522
-920
386
-387
-862
-823
-771
331
719
375
855
228
936
-364
895
739
-815
604
-790
955
760
-485
-199
-783
204
-364
40
229
-449
-70
660
892
332
33
-839
472
230
-630
478
-891
378
901
-625
129
276
-608
-759
245
-513
547
372
633
-198
219
915
-834
870
986
-555
769
176
181
-82
-787
-922
-390
406
391
-465
974
470
912
195
892
-183
658
