503
977
262
-645
-578
-480
-493
-51
-180
-651
872
-460
-896
696
-920
-599
-44
169
85
276
-811
682
-562
568
969
-12
-418
313
884
-237
386
-410
301
430
-374
665
-491
593
299
700
1000
857
423
-972
-847
-977
416
-504
530
-263
-67
93
383
-651
891
-395
-266
731
437
-282
-56
-631
-211
262
95
-1000
-255
-405
-507
-212
-257
338
17
548
270
-752
-891
354
-135
-665
-308
-765
881
-747
89
787
-39
-602
929
-369
37
-269
-9
466
897
185
-247
-698
-745
908
543
-404
-694
798
-912
-729
26
-510
-534
824
702
470
-427
-492
831
-210
-4
-762
-339
-673
952
822
-878
-443
-329
801
861
-680
-143
-606
-629
-780
-2
-11
-771
691
-253
251
860
-514
137
-828
646
-509
-324
892
-343
-631
457
-505
805
528
252
443
320
694
-667
-610
-895
708
-109
380
2
809
361
29
-405
320
512
-922
-345
767
-660
459
-108
-170
-99
-146
531
619
-749
-272
-384
324
47
596
-621
-481
-785
378
430
79
-800
-290
44
97
919
682
879
741
-928
-50
627
-547
867
-512
823
-737
-585
-62
-179
420
278
-534
-348
701
-269
-299
279
833
665
-95
862
909
-502
-581
-472
944
-750
-643
-113
-728
-447
-662
-786
-712
-799
-816
-248
-302
325
-191
-544
619
497
-314
180
-444
197
-186
-796
-440
908
-831
-514
552
136
-395
829
424
697
772
975
587
749
-983
364
-563
-752
242
587
650
-146
-618
-381
507
-977
-384
651
-17
717
-345
188
-380
591
81
-974
53
51
-34
611
742
-294
644
-893
460
-796
97
368
743
-981
-741
-599
786
-202
829
-80
28
912
777
79
97
-688
-937
-160
986
-871
418
380
825
11
-83
-491
728
261
-511
-486
916
-743
401
229
-362
251
-735
930
271
445
781
226
543
655
362
963
-196
452
-620
-940
-120
-512
-871
595
-583
-451
-367
998
-964
-703
158
292
-449
610
847
-506
298
-660
-586
-27
53
-206
310
-29
761
590
-540
100
-771
453
584
76
278
985
-833
-96
-366
-913
582
866
45
978
987
-371
-392
634
962
-437
-435
-919
832
-392
873
-749
751
-434
15
-539
362
-46
717
901
-965
13
132
185
-900
-475
-388
288
758
-113
-566
-53
-164
-714
662
207
49
836
99
-171
-604
985
-371
-286
-467
961
-855
792
-178
-203
-590
186
-51
241
-257
-609
-832
-124
680
-160
51
-1
-846
-991
-921
712
280
-837
846
-8
750
-967
-178
149
-757
-753
-355
-370
489
-602
-128
303
-811
639
729
20
-884
-108
325
856
-794
344
570
774
68
16
-772
299
88
-721
591
-889
-390
-33
-912
-225
131
-845
864
-723
394
-292
-107
-981
936
668
118
379
-330
997
-273
-100
-462
-467
-473
-830
-472
938
636
-947
-109
662
587
-412
-168
-724
509
378
264
-576
-41
-930
152
472
-623
847
610
28
439
281
-191
93
111
313
-61
799
633
263
-250
367
952
72
-221
-567
967
104
119
-511
939
656
382
994
8
694
352
-528
-962
65
-552
567
998
-522
876
-644
-397
493
-821
-149
504
-94
7
895
-460
424
285
-284
-515
-810
240
143
-280
-687
-843
-364
668
626
-574
417
-49
256
188
-799
105
756
-399
151
-810
761
-335
-662
235
-517
-827
-105
-803
-24
-148
-861
420
-391
286
-144
-123
-878
-951
-17
-441
208
71
-621
388
-226
504
586
-159
642
968
-585
-694
-483
-992
-189
-221
-729
-798
-809
848
-299
-308
-250
601
228
74
-310
-717
910
996
-836
-706
-164
-150
-356
-229
-452
-613
241
761
635
209
858
967
-525
134
18
-515
-339
287
-975
-259
953
-273
448
-885
583
95
575
731
229
-417
-947
701
-163
-775
-326
560
-442
67
-401
-427
647
338
-534
221
-802
-172
-498
-14
95
728
-665
429
-446
154
-287
572
-391
570
-890
-916
182
380
551
591
351
-207
569
-746
750
-820
619
-589
988
-267
-512
292
935
-849
104
375
989
714
28
-775
-46
-139
971
-616
418
303
-97
691
470
-694
-416
182
-985
-310
-10
430
278
525
-588
-471
114
982
-263
-765
661
85
-670
948
913
-301
-570
-107
-241
24
-195
498
536
-146
57
733
-503
-716
942
-621
534
791
-650
-534
-693
-753
-751
-614
23
-194
-537
-270
193
-643
-726
442
759
-317
-40
-56
553
-333
253
24
-905
722
-278
412
481
19
-854
595
720
838
-523
-155
604
-475
554
-102
745
150
241
-701
-715
516
312
539
-820
-577
647
795
-902
848
-835
96
-501
-471
392
510
-516
-926
44
453
-454
924
654
35
-687
8
-618
-451
942
-240
178
422
679
64
-997
-511
-115
-991
206
797
817
-862
-793
-583
353
-457
-95
-535
145
-139
-118
-991
-243
792
674
286
670
979
477
112
478
175
-301
181
-863
-384
-120
-739
667
-651
-599
772
-561
401
158
691
-787
313
-808
476
98
-877
673
644
509
-73
617
779
-437
382
548
992
-463
-799
-114
256
567
-535
562
688
713
690
-478
633
922
642
-731
-716
-955
-479
-479
222
749
27
-84
-645
-110
-396
-687
359
-778
-652
367
970
-717
-208
-724
684
-684
-286
960
-110
-994
955
373
-357
-683
-970
168
588
-948
741
-745
-249
753
502
-724
-502
702
-202
844
175
22
-739
881
-769
168
-580
982
-719
-206
-297
722
301
764
-15
-81
-472
-860
231
373
-977
-895
742
-452
971
-485
-801
-819
284
456
-39
-367
-762
931
313
774
243
224
740
946
398
-396
-991
532
-736
-803
-619
-534
333
-325
354
224
-923
987
468
-441
184
-949
-631
375
126
-723
7
-95
-7
-14
-838
-591
131
-321
-152
757
878
552
81
534
684
-462
-639
924
24
-213
-908
891
-877
-546
-202
-940
-314
989
130
498
110
-173
696
514
264
-805
956
313
242
226
75
-211
926
497
870
395
929
-514
549
-839
-489
226
817
455
356
128
-30
-568
-927
366
-789
-597
424
11
-887
574
-576
215
30
-621
213
825
910
-751
-273
184
677
-845
998
823
346
236
-151
657
743
619
961
741
457
-602
-953
132
-471
-944
-774
813
-192
242
275
-637
-585
-594
-903
379
896
15
850
-388
-27
62
161
982
217
-190
415
-701
-380
-504
-369
775
-708
468
55
-880
359
-280
487
21
-800
-573
-173
-575
-556
655
19
298
-969
344
-911
-431
340
948
-570
931
685
-776
-733
177
600
-299
758
-644
-837
246
970
926
103
-602
-405
-895
-108
526
436
-131
-148
-13
873
810
764
52
-700
-827
828
725
-841
-132
337
-903
-180
-577
-274
724
731
-926
83
-324
-283
-180
-559
226
-55
853
479
-693
-139
536
759
478
317
-843
504
-742
-880
-315
642
526
-637
-428
990
352
357
81
-48
399
-729
-370
707
-321
-703
464
83
117
395
-746
808
266
-330
876
229
910
-599
209
-584
3
-758
316
922
951
-488
467
880
-115
-139
-260
335
-681
82
68
455
-702
-62
882
-328
-635
-965
-923
735
812
340
836
528
428
234
524
596
-888
-204
-117
-29
-468
366
-239
-897
-111
470
672
525
794
750
-52
-385
-748
4
-111
-828
498
-162
-784
108
350
937
-8
-854
-471
961
153
871
-47
275
-3
235
-808
616
-220
752
467
-435
578
-450
405
-462
895
-206
-144
-738
2
-18
636
-171
-495
-405
866
145
-563
983
194
-652
-998
198
-145
465
556
940
686
-197
-767
-468
-313
-380
270
342
448
294
-721
-961
-294
-8
-735
-483
892
-406
-454
-393
-30
332
574
849
-535
-226
948
-754
440
31
756
724
-849
-861
671
405
-824
-340
199
544
654
487
-923
845
721
694
323
78
488
-142
768
80
-568
739
-218
233
183
613
-176
152
493
660
-688
-968
214
835
687
-521
-448
-615
-975
630
659
696
-361
48
839
295
406
198
-972
-828
-381
-314
199
-972
-456
180
-389
-93
78
971
-693
-919
-37
-717
-263
662
63
-493
533
894
-72
979
-125
553
-162
-705
-484
-367
792
-753
-63
-539
424
552
421
863
-118
856
-584
996
-282
4
-535
870
-698
785
909
802
656
-953
674
-922
-621
231
-661
136
46
613
431
320
296
549
-844
895
-176
-17
-685
-618
-849
-530
454
873
-730
265
-376
-215
567
-2
534
591
682
-977
418
734
-539
-933
-151
708
251
-246
-990
-10
6
407
573
176
887
-973
-382
497
481
872
-649
-159
-63
462
-128
-93
175
-117
442
-224
-588
726
-98
-351
-909
-722
-604
911
-451
567
456
-175
-185
748
-195
383
566
694
46
311
-665
-170
-126
97
165
-966
864
-257
242
-101
-570
-768
-186
-789
754
-212
-342
449
-430
528
243
-109
856
19
-665
-90
-380
206
-45
-976
373
110
71
-887
-110
301
-542
247
-705
-432
511
337
982
838
-728
588
-491
-479
-860
-936
-72
-315
853
45
-779
-47
-737
812
-296
542
108
261
-354
-267
937
-80
670
-484
-77
-655
941
982
24
-473
-466
-728
38
-642
143
-39
-41
348
-690
530
-258
73
155
321
893
-504
282
475
-246
875
-575
-164
-154
983
-901
20
137
-11
916
-547
224
475
732
964
186
555
899
-294
-902
-616
-175
783
-113
550
-980
191
-133
-267
766
154
595
120
617
958
167
473
-188
817
-758
302
840
419
897
-296
463
962
326
-541
-13
980
-44
119
195
654
-876
69
183
-216
-798
-914
-202
645
47
-989
-648
-48
-70
149
-457
458
668
-356
780
-500
-222
-667
-350
296
-305
-73
-622
-461
-429
504
211
756
-438
-724
622
-478
753
818
-776
-244
-666
720
216
553
160
-383
973
373
968
-676
-136
252
-568
-8
41
364
-896
275
344
-460
-857
-699
-73
697
-416
797
188
-303
-51
398
121
855
602
61
-369
173
-897
-254
-995
-975
74
-832
130
705
24
-123
-226
-636
-34
-12
647
-752
364
841
-88
-870
-558
734
794
839
-115
-849
-595
-334
696
830
-277
-923
660
-715
101
-294
656
459
596
100
41
-451
368
212
582
-654
383
631
826
941
263
251
-984
250
449
-187
-900
301
308
938
189
-426
-132
5
-401
-249
-846
-386
236
45
-766
-901
-904
-277
-731
-634
759
83
117
3
581
-288
679
869
-623
968
-202
413
55
-739
-366
868
855
-112
522
-273
-768
875
961
318
-705
644
-619
175
724
-501
951
496
800
506
-92
554
423
-482
-933
-749
511
-656
-491
-997
-27
104
-463
282
-501
-651
65
-732
51
-384
-959
-920
811
729
947
-531
-321
-421
-908
379
-99
556
-709
821
-878
-647
-561
-782
-31
-48
372
429
-80
492
113
-627
460
-130
-977
-605
-703
205
367
907
433
376
729
-258
-562
570
8
89
79
-453
-741
586
150
-932
998
236
-992
416
248
321
36
-101
934
-611
-870
34
643
-104
606
862
107
326
-341
-601
411
-338
-429
967
477
-696
140
-831
757
739
-873
-227
-151
957
315
-78
-692
339
-113
-577
287
-338
597
-928
856
995
-330
-252
507
116
332
-144
-776
414
-266
-450
594
-997
-372
292
277
776
-783
101
-91
119
-324
-384
102
452
84
412
920
497
-258
800
-742
-321
-443
725
454
-667
542
-696
-821
-469
-249
-110
-517
-471
393
-969
-224
486
-537
428
658
-658
349
-342
-986
-489
142
-408
-67
-182
-866
986
798
616
259
346
954
513
991
869
-156
-168
-551
-721
-874
353
-122
829
321
-727
-268
-174
86
-758
-424
-927
-301
645
-856
-988
722
811
593
-849
46
-713
120
856
-711
-301
539
54
149
-421
580
-2
-499
-346
55
-863
-154
-780
-281
538
-406
816
-181
486
-132
697
-455
470
-916
189
-108
-466
-38
-699
-286
-439
-240
338
863
825
-928
623
-199
330
-154
272
80
-322
-889
19
335
83
761
353
811
968
523
-162
664
112
-633
-87
-870
-388
-109
-321
-834
-701
-235
439
-579
-27
895
-440
-232
360
784
-744
-535
847
176
-585
707
-908
-380
727
299
-222
759
336
-677
389
-550
-466
671
482
59
542
577
176
478
44
-28
312
223
863
-484
199
563
661
97
143
205
-268
-661
-328
-96
437
743
-218
547
-737
847
186
-238
429
-794
980
427
-545
-100
633
636
-922
-601
833
268
-86
-187
-142
-940
395
-122
86
14
151
228
600
699
581
481
407
-652
-75
-818
-354
906
1
-592
576
919
-958
-297
650
-642
-512
310
-95
218
695
483
899
-103
-569
777
-521
165
386
912
-494
-493
259
-733
-382
-434
-109
-153
-611
458
-680
-555
217
-892
-951
-190
-379
540
-207
-504
-347
516
690
940
-264
-360
-282
-844
-947
-420
-545
-316
990
-945
-333
-132
123
59
-244
227
647
-767
-158
992
-936
421
554
850
-280
929
136
-272
500
-307
-872
-7
702
-868
-189
294
242
-968
743
321
-726
614
-809
-206
779
-617
490
893
-873
285
901
-215
949
-683
-253
-548
-92
-665
-498
-814
217
439
-903
221
-563
-321
-375
72
540
57
-747
-491
138
839
-36
406
-870
-678
-929
-152
676
-611
281
-467
-611
794
-583
783
-567
862
804
445
464
-332
997
499
-394
464
36
-473
461
949
948
460
935
-854
199
-922
290
-745
290
906
-874
-871
-217
-710
-104
420
657
-588
-669
485
-108
430
-588
-397
-350
-475
-958
-490
-847
784
-933
-255
45
782
552
-742
547
-397
-873
352
-307
94
-67
-186
-120
830
595
880
-382
-38
290
551
658
155
-602
-32
301
-695
-124
515
-571
-600
208
-602
620
-134
810
606
-777
-568
-948
-35
-177
-249
222
-7
233
-743
601
-673
56
747
512
503
-600
-796
-684
294
-838
286
108
-537
805
126
436
831
-38
-787
224
-746
830
-608
-565
282
272
879
-705
-199
-242
94
-643
-573
-665
974
-949
976
609
879
741
-864
621
-894
942
461
-907
-739
95
-53
-895
-864
-798
905
502
-226
487
-613
-754
-148
652
-547
782
-646
-251
-666
476
-170
-169
-327
-424
97
980
502
-996
456
435
-688
-672
-232
-808
763
-216
-906
-355
301
635
698
-70
-66
-842
-411
249
361
505
533
-501
805
763
-875
-214
283
-691
-43
981
-597
-548
667
-400
346
-565
776
192
702
350
-496
600
-617
-832
-943
-677
-894
-34
-232
-605
50
129
612
-997
459
387
259
-533
278
-389
-282
836
199
434
725
801
-353
-677
496
73
243
329
-382
-107
292
661
628
-496
-926
979
613
985
-294
-494
512
130
189
-780
-134
-895
-463
447
-330
-305
263
-380
813
160
-248
81
-473
-930
499
-285
910
719
-670
477
992
595
-576
851
596
-973
188
997
-95
-336
379
54
-656
257
531
-288
-364
-61
-661
958
-857
723
-130
129
916
467
936
-425
-624
-253
-202
885
-843
226
507
-168
842
-8
1
-688
688
836
-402
-244
-63
-666
859
625
-973
-459
-665
402
120
286
-666
619
-528
164
-974
727
-852
-490
658
495
916
101
324
406
323
-601
-254
-544
-952
-283
0
447
-528
-824
-409
179
-329
-632
19
-4
-112
193
362
205
980
-250
241
-725
-983
334
951
-194
866
-769
-552
877
-238
-175
-822
-930
407
811
-801
364
680
-378
-934
322
-959
861
-838
371
993
-295
-393
-702
-17
930
11
-882
932
753
-589
-556
628
-724
-972
882
333
-305
-797
11
-829
167
-152
759
930
-344
-170
-447
55
-200
-530
-856
-898
-3
-762
803
565
84
666
415
79
803
25
-152
183
-992
-716
524
-279
142
251
777
716
603
571
-641
640
798
-970
335
-713
-897
625
-917
596
839
-83
550
-43
870
572
140
-630
487
-540
72
710
440
402
550
101
233
699
821
592
-912
-713
540
-191
55
-721
-405
-270
-750
-995
-733
-653
-218
-699
6
-670
-374
-852
-287
201
-479
-895
-396
795
64
386
799
-973
-422
570
384
-461
920
995
-616
-133
-89
-572
-275
418
-457
-144
-637
149
51
14
229
547
364
955
-847
-628
738
110
864
-766
-7
182
596
30
-466
151
882
-934
-608
589
-660
-589
-809
464
-465
-501
-138
902
-230
-683
266
-644
-589
-805
124
105
83
515
975
-990
-867
106
205
-905
755
994
-433
-90
156
-748
-190
-276
-886
-262
-803
439
-505
-950
-68
-907
-895
-709
406
-865
593
-181
-535
214
-285
-327
726
-315
-801
-906
-434
-735
401
255
-673
648
-852
908
776
480
-845
18
718
68
716
-663
644
119
911
-487
-812
-290
724
747
449
867
-94
737
849
384
-585
-128
-19
425
-154
-855
-570
953
338
-701
-192
-492
-633
712
-144
-626
-909
606
657
-510
-774
621
123
-94
992
913
627
-593
958
131
-423
366
15
-949
-910
389
309
258
-489
235
-622
-665
262
989
414
-254
311
325
-592
974
-59
628
-817
963
-360
-841
979
930
-807
-286
497
-875
600
749
877
-118
-140
934
776
597
539
376
65
-574
-555
290
-848
-632
2
-832
-932
531
-273
741
-210
-952
-992
-27
-392
825
933
-401
889
977
320
759
623
-389
957
303
365
5
839
313
-411
-83
-625
664
-574
216
-59
-318
888
-907
718
-755
-35
562
561
820
-67
27
-800
-790
377
-320
200
821
517
36
450
-237
-358
43
-493
332
694
420
65
-927
-117
719
116
-342
-284
-740
-293
887
305
-234
140
-858
-398
-652
-171
-165
-566
441
44
-697
-525
-709
-137
-548
-587
-97
-918
864
-544
-504
-988
-922
250
-717
-830
-368
590
-181
-423
509
-328
343
965
123
56
787
-390
800
399
202
-733
-568
982
-973
662
62
917
797
250
-129
835
-991
553
-717
874
246
657
633
-173
436
149
-378
-267
404
-273
227
295
407
-745
-523
-801
561
-3
-380
444
396
-921
925
-727
697
-382
-597
98
615
-828
617
-851
-282
-475
-56
-368
-424
172
-257
-804
-176
991
-593
252
-711
279
14
-299
734
-747
-26
693
310
947
-525
792
0
-490
-360
443
924
-627
-809
778
770
-370
-986
994
407
189
-911
679
-458
922
-376
755
-231
134
-151
161
696
529
-209
-759
729
193
467
403
216
-291
-793
-401
560
-282
-916
-764
264
-524
-851
967
-770
95
933
156
-616
456
-630
413
857
-962
745
268
154
233
984
-80
1
677
117
281
231
792
978
865
-529
748
494
-807
-293
758
-218
-622
579
658
853
-943
976
223
-383
-899
-837
-937
-868
99
113
413
721
-634
577
360
-229
619
944
-151
-510
452
123
-233
928
-75
-244
-196
331
-766
625
-25
112
-209
946
-197
-895
584
355
905
-996
545
521
329
-424
801
-814
-72
507
234
-968
458
282
-741
493
360
-34
-13
-388
262
-725
777
-535
779
584
-931
122
73
-54
410
-785
-849
-785
74
-831
115
864
-23
542
-710
-520
-225
-249
390
-261
77
-588
356
-29
-540
-805
-869
616
582
-276
686
-640
-238
-983
768
-784
-383
450
-998
427
-107
-447
382
-728
-696
-73
-124
-345
-791
-30
439
-242
756
587
-362
-742
-991
-905
701
-451
-819
-189
-947
698
316
-938
481
445
584
-993
367
-840
743
0
347
465
-61
-693
150
-71
359
-640
-113
-217
161
-600
-515
970
945
-479
287
-932
-919
372
-552
302
-623
-959
90
856
-867
238
-794
579
105
189
-966
863
247
-325
681
219
604
940
-679
-758
90
-698
-877
212
877
363
-353
-422
-52
-133
-812
498
-908
-502
-495
-163
-80
16
-633
384
386
942
-563
-934
924
17
219
926
729
415
-607
459
843
965
9
665
955
909
-260
79
427
-16
264
875
-382
554
301
281
940
47
-364
788
842
299
858
-100
473
73
-896
-410
-701
447
954
619
-338
586
-894
-777
780
-417
-145
-57
244
849
869
910
73
803
-559
-857
-909
3
-30
-654
-878
-19
219
309
-209
-65
-536
-961
-619
-508
240
12
-286
-809
-542
-94
-756
-7
955
247
-194
86
562
-389
257
-587
-5
227
436
416
-600
-761
-72
347
-233
-544
439
129
-823
493
-202
-424
983
858
-279
404
-473
-445
-617
544
938
-304
332
991
908
731
-66
639
-375
375
-725
-271
649
169
599
-40
413
879
470
-396
188
840
-820
181
-438
877
118
546
-847
-517
-296
-954
369
-779
-749
-990
-241
516
-453
-702
720
-979
820
-779
868
-416
-639
109
-746
-50
-57
244
148
-478
-133
169
-223
322
-577
319
-379
914
755
450
537
719
796
-6
125
825
37
5
520
-177
-432
-370
436
327
535
-745
-611
-358
442
-948
837
285
856
86
-920
-478
-182
-51
805
-760
-949
212
-451
-197
745
-125
-215
-324
331
266
690
962
596
991
757
811
-520
890
359
-870
-626
177
370
956
-549
10
-907
-973
-864
-342
-60
100
-193
-749
993
918
379
-348
-720
32
-729
648
-926
869
-544
633
-786
279
527
639
-224
42
516
-707
-33
-144
-443
243
-386
456
295
500
403
-198
127
-108
160
-432
-316
-830
645
926
971
-521
466
857
113
-79
944
-713
-251
-986
688
-667
888
-393
481
290
-910
-890
-900
-485
34
754
-352
-631
-100
232
-475
920
-458
401
-603
-750
-259
-692
467
936
-324
726
-58
808
41
962
-992
-215
536
-911
-45
-388
-636
691
211
-938
-915
-440
-400
-865
923
212
667
632
80
627
-946
-771
-670
981
-779
308
-141
630
-545
317
-502
-507
39
-856
209
-220
946
175
-827
794
-847
100
-354
563
-9
743
615
-349
-550
-181
-475
48
249
343
836
150
-415
-259
-320
551
-283
768
-123
-95
150
-658
820
-777
-707
868
-505
-474
988
-504
964
-92
147
598
423
-699
-132
490
148
805
344
684
46
84
-148
-302
-227
-709
-391
285
-976
960
-456
769
-742
-42
457
-830
906
-806
943
298
-229
683
158
259
134
339
-860
-682
240
896
-544
-770
-96
-221
-674
-964
829
973
574
768
-840
664
660
-912
201
708
404
491
42
-953
-967
535
-940
-721
728
-374
-911
633
598
-761
66
-268
-811
-219
842
600
-187
-97
-356
943
-890
318
12
775
66
235
59
279
-837
229
568
-874
-860
-249
-84
-30
187
-47
679
-321
249
-855
993
572
874
900
-665
-219
-938
298
640
344
423
-93
-405
-974
894
810
690
-608
725
14
-150
-180
-854
459
596
295
173
-558
-965
-131
260
-591
-781
-57
973
-30
-982
450
561
623
765
281
-696
327
69
300
-333
-664
144
-117
-173
-440
-966
127
450
-908
-450
445
937
-675
344
865
546
-702
491
818
-439
160
-660
-812
624
-987
-800
398
-263
910
-779
-488
-578
489
737
-160
-40
479
-748
691
958
-546
564
-331
404
-151
-730
981
-479
188
-597
-770
622
-295
996
-114
941
425
-449
863
392
335
-520
-106
-758
-729
798
547
278
352
812
452
-975
-799
535
-200
-224
-568
-920
-339
-403
25
-316
-458
961
108
249
-429
-241
498
191
522
-937
968
119
330
79
-502
669
266
609
-770
-828
-366
-230
620
902
-203
423
834
674
86
745
248
-919
904
746
439
20
549
-149
300
-917
239
791
849
-357
294
-352
26
571
255
-192
-935
-552
553
-141
-475
-58
748
-231
475
640
-235
-737
-935
-125
-945
-688
98
749
282
4
-157
528
-691
-205
-350
-618
74
-157
604
738
968
669
867
-935
-339
-416
-415
504
977
919
-89
-214
130
132
306
21
427
-73
348
-627
-417
-479
36
837
815
-218
-149
-748
830
-110
-529
-142
272
613
823
236
-596
-806
768
-297
531
819
-7
235
-90
-733
-36
558
-650
930
320
-157
993
254
-606
-732
505
479
90
-391
-87
1
-297
888
269
-621
583
604
888
268
-372
-155
-460
385
-597
-552
166
-644
518
999
-207
-380
881
643
-308
-599
-785
-110
865
115
-486
855
-186
-530
-47
-812
-58
66
272
172
327
-199
-16
869
-951
736
339
589
-887
-194
534
533
-675
-375
545
-806
-62
969
-515
696
-441
-305
552
-236
160
-314
-270
240
-499
-409
-986
378
108
457
958
-450
-256
-400
553
929
-520
-610
242
548
-177
120
-971
-80
28
-456
150
541
859
-359
-476
32
643
-417
-935
-85
101
961
402
-333
-145
-267
-155
260
-190
494
-340
-521
774
-106
-496
-589
-929
-793
-732
309
786
965
17
-880
122
-646
395
875
136
-181
-390
312
169
964
-528
-310
308
411
-282
-213
465
523
-196
222
94
-640
-4
555
658
244
-670
411
139
-499
100
-585
-757
-419
-774
289
-376
243
-94
396
-25
998
860
405
-992
816
717
-51
168
963
-76
349
44
-131
652
-491
-121
574
-336
555
772
842
199
966
-619
-739
427
804
-917
-339
58
-495
-65
-677
-661
493
-766
-984
-826
946
77
669
-745
749
1000
36
5
671
-945
734
24
742
83
259
-125
-600
-463
730
-708
-100
418
238
842
574
-627
234
877
246
506
-41
-416
694
-725
942
894
855
690
725
665
-759
-930
-576
-713
227
121
-331
-646
-995
660
516
-803
936
-768
-261
-30
652
-548
-247
968
-941
-308
-806
590
268
-68
-776
-739
414
781
350
704
15
-568
-616
-389
-541
482
-763
-287
431
15
-844
-459
-637
-467
-942
115
484
-77
925
-971
773
-90
-460
-850
-919
215
18
-612
-196
-87
515
283
452
-771
-307
-73
-885
964
516
765
-327
873
-491
-769
-500
393
956
-332
277
-653
735
752
-629
228
353
972
-708
687
649
-326
-247
-272
337
-149
149
835
559
676
790
524
-978
-219
419
20
-817
-190
565
429
-159
-300
-606
-626
-479
280
978
-600
-284
421
622
51
-202
-421
925
890
19
-625
-293
42
-402
300
360
201
-80
140
-578
-317
-990
-555
-733
687
-583
77
265
494
455
352
-218
-923
127
-379
-736
776
445
-554
6
125
205
22
-666
-581
206
-115
344
-312
-872
-733
-69
-690
98
789
573
673
514
-640
-907
278
-496
281
-209
-967
460
-543
-541
-138
-218
-300
803
572
-307
865
-45
-813
-825
678
-427
974
196
29
357
-54
709
598
-350
-314
754
-372
121
-667
-504
543
-583
-356
946
-461
251
-47
-224
-30
693
-406
-393
-609
282
-679
384
603
553
524
-52
-333
-774
-402
-758
-336
-635
-717
-247
631
467
399
619
-789
-778
-710
669
753
908
-433
-630
-430
995
-985
795
-530
154
-599
885
366
129
-803
-993
393
35
538
849
-624
-612
388
166
-229
297
262
829
560
53
-113
760
-131
-237
-103
-444
-306
-862
-732
608
-214
-368
-539
814
315
715
263
640
-17
380
458
-735
-50
171
652
9
75
459
-941
-416
848
-559
-215
305
-799
-514
66
957
519
960
407
-12
-483
816
365
819
220
404
-412
245
-430
-999
-640
684
-491
546
-446
-246
-453
-542
-722
373
265
623
570
-43
-147
-673
-818
297
-872
-70
-87
-53
-422
-402
-146
192
924
-811
156
-372
-105
433
297
668
810
-692
656
461
949
-794
119
554
729
-634
138
497
-193
911
-713
719
802
-617
715
137
-207
-480
-561
-583
-211
735
749
588
-144
-649
-610
-916
628
645
-866
-658
318
808
927
-671
950
-120
-342
-468
724
-784
-454
-357
674
-328
-900
-541
-156
436
-575
87
-390
-874
746
600
-697
-823
-508
509
764
-469
-400
-288
-104
-453
-247
-58
242
523
803
-641
-448
12
-224
258
525
-548
-940
-754
585
-299
-337
785
-59
-793
863
-840
128
167
453
-438
834
544
66
-87
233
-312
-376
194
275
-90
-666
-568
882
-205
546
992
-262
1000
103
884
704
-905
-462
-546
-91
324
-233
449
-623
-242
-307
823
-211
862
-455
-473
-615
-844
648
321
-223
-929
48
-473
980
842
412
-44
946
748
-750
477
-476
-862
-73
178
337
294
668
876
208
409
59
-118
108
19
680
103
-934
907
-640
960
297
667
-369
-36
-100
-531
-745
477
695
-564
742
-711
-849
916
590
881
18
-54
-470
496
217
121
-35
104
-846
943
235
744
90
-713
-981
918
35
-214
-440
-355
400
699
542
-397
625
-730
372
539
-366
-28
-682
778
-45
-595
-508
421
712
-873
841
962
-785
865
-723
637
-983
-895
38
-297
958
-617
-888
248
31
150
-81
584
-575
-25
617
439
166
-289
88
-574
866
64
924
-344
682
390
415
294
279
-25
772
-655
974
-326
907
-819
185
186
209
-424
-852
117
934
97
-269
125
-232
-866
839
865
57
-273
-445
-582
774
-728
-934
692
-51
826
335
811
-675
-184
330
214
394
449
228
557
378
400
103
-685
-6
-85
54
-190
-394
550
-232
-420
-420
316
-570
252
-195
438
373
429
-219
-302
15
-817
-336
927
-657
-172
418
-396
-714
-489
196
886
563
-87
6
-483
959
334
-251
-307
-775
-874
625
125
769
-644
432
-658
-741
218
-298
280
739
284
-964
-148
-689
-971
-441
-585
-288
-321
-245
984
468
-865
-756
-193
952
373
-114
-681
-204
667
-699
117
911
-307
5
662
28
-892
959
-580
965
-572
143
211
-67
281
132
742
-564
-354
-618
157
14
376
-429
-857
396
725
455
-847
-658
-122
819
511
-450
-324
53
559
635
255
659
317
-21
-4
-680
-871
501
110
-126
-780
-892
460
-182
-918
-983
-687
-997
-237
15
-45
99
-419
-923
627
-581
753
-286
-349
716
16
-608
-242
-867
-50
-251
-896
-103
300
-264
881
341
367
-20
416
-3
-634
447
-458
-384
100
-339
-471
674
-531
677
-388
88
966
54
840
710
-285
189
531
-70
783
129
-407
-508
200
143
-961
-560
-978
390
-455
949
-129
6
-568
485
391
-557
-824
-79
-449
-141
-833
573
-973
403
584
488
-554
-503
-684
975
-743
107
-691
493
-376
765
-85
686
-76
547
-269
-709
-464
967
949
-733
148
0
389
372
-942
-597
-521
-618
-623
-25
56
257
851
-295
-358
806
-1000
630
911
450
-283
-198
305
-728
595
-80
-146
635
-101
-35
-314
-53
68
-638
-936
-765
-970
217
298
348
81
805
951
519
708
651
-770
-228
829
824
974
-114
-246
-582
302
838
696
917
119
352
332
-847
-662
-96
439
-364
-167
72
-469
-819
730
34
-793
529
843
370
203
385
-857
-818
-106
645
68
-191
-567
-284
899
183
-77
295
-141
928
995
-914
897
-224
222
-182
-704
140
-893
590
971
-742
-97
-277
-235
982
307
-967
54
-144
316
957
-978
-932
693
923
606
-211
-527
-268
965
215
-177
-685
-573
-879
-472
-464
732
-505
-967
-527
-554
-67
761
-308
-339
178
20
757
896
-926
715
-647
609
-795
-643
-811
-136
275
-826
-305
-89
-596
-772
-540
905
640
755
506
830
-876
-865
297
342
-674
21
-733
407
417
730
818
-442
725
-538
-802
730
-203
-112
-523
-663
-448
-496
697
275
784
856
-419
-729
-480
905
879
-1000
-514
-478
-884
767
-128
-498
-829
-414
77
-797
-579
378
490
-946
184
600
-463
-932
508
232
-741
842
279
535
77
-861
-321
-637
29
-112
-224
-405
-142
544
194
-369
179
-315
918
-720
-268
43
-463
796
910
-469
-124
654
-865
-121
356
513
110
714
-382
583
-287
707
-843
254
-784
16
-856
-401
107
3
-139
165
-404
-564
652
-55
-967
-344
622
-741
-957
-313
345
545
604
117
-113
-217
67
-395
523
-259
226
-527
752
-414
747
812
468
346
803
147
-45
-292
-924
873
616
-478
-960
-988
530
-148
890
668
217
-229
172
-143
-724
79
333
-346
50
-293
-327
-207
420
-996
744
117
-523
918
-221
-974
498
683
-625
-17
-456
542
944
597
-451
-72
849
241
-397
603
-214
999
378
-230
607
-972
628
-339
321
421
148
-115
876
-370
136
-424
118
741
-268
-258
223
-290
936
878
882
146
868
-634
173
560
-225
756
-869
305
614
700
601
-159
9
109
-664
93
273
-939
338
-143
-451
652
163
263
-831
-129
830
-973
-218
959
728
-753
470
-39
232
162
815
824
-202
544
-839
-660
-734
-687
-364
862
81
-96
932
-917
842
140
-779
-82
-612
-600
222
-664
468
-414
-142
-38
283
486
141
-263
-124
-759
-183
-348
640
-880
-673
-392
-391
921
-724
-21
531
-471
808
-654
-595
798
-295
967
75
-13
-821
-866
834
343
795
899
-984
-524
-753
315
-824
267
-65
37
-959
-89
-333
595
-105
328
499
634
-834
33
-748
421
-958
537
-175
-379
-483
-691
215
848
-166
5
-956
28
-802
762
50
70
-972
-586
-21
-950
57
-964
-719
403
210
223
-223
264
899
-829
-117
372
-314
-897
161
710
913
-334
68
563
-870
-353
-250
-629
-980
-291
-193
-314
41
481
426
-900
-98
-374
315
-657
78
-529
419
-343
-653
405
34
54
-100
-804
448
624
-313
390
-577
-591
-218
55
721
-437
-874
57
-262
394
155
-627
-30
-571
637
738
-43
122
773
502
-992
-581
709
170
-113
-275
612
68
-974
25
32
664
195
-950
-338
135
-694
-190
667
-321
-562
-300
230
-926
50
101
553
808
83
48
461
-76
-421
835
-25
435
-87
-697
289
-275
-246
-316
-862
-990
-285
688
-822
-862
-161
-721
777
876
-722
44
579
93
-985
-228
-38
-940
-243
-410
258
919
737
769
968
618
-11
-502
367
-87
-374
3
-614
-184
-499
-315
980
194
852
266
462
233
-640
46
130
492
281
-274
477
95
16
-632
-429
-708
-390
515
717
107
-523
373
791
171
760
794
461
960
-398
142
664
544
634
-743
572
-990
896
-440
-778
-614
-995
353
561
225
404
-497
787
890
992
-636
-551
-502
-100
989
237
-912
-699
512
-550
708
853
870
-106
-493
587
633
190
-254
368
-884
-998
263
92
-537
-511
-579
-418
-136
-525
862
195
-117
235
-244
-344
-629
18
198
708
863
381
-736
25
-231
741
-369
671
-612
652
62
-991
502
473
-457
713
360
889
-755
794
-456
-279
308
424
-532
-195
765
240
-873
3
185
606
-30
-10
465
248
-181
-4
-240
218
-613
217
-186
-271
-77
-972
731
-741
-25
922
169
508
560
502
563
755
737
594
-865
948
-740
430
401
-641
-868
-625
-65
964
-80
926
852
-46
-702
589
758
-658
-990
423
40
831
-777
-395
404
823
-534
-548
380
-259
-265
-289
-162
629
858
188
237
-884
-500
978
-861
505
459
774
403
-855
500
521
670
-622
-276
876
-834
698
960
99
388
139
969
325
-323
-375
-346
-393
-231
823
-793
96
35
551
-357
792
121
-461
-724
-285
926
-244
-660
176
673
-925
-694
-932
186
-367
-748
243
88
270
993
-178
-44
-702
140
972
-419
162
-778
-3
-813
529
383
-541
-951
14
148
-228
-515
-736
48
557
320
-173
-833
514
62
776
968
-372
-268
495
-11
-302
813
-597
109
243
567
609
-359
-269
-665
-524
-362
141
-248
-804
-568
66
413
727
-35
-965
350
-826
682
445
-507
803
-927
-200
45
44
-545
15
262
195
-501
3
458
282
-816
-542
80
-106
527
-283
519
991
795
-617
-705
-285
-539
-938
-146
-655
36
225
697
871
496
-460
782
185
-839
-569
-632
-888
-815
642
-377
565
-58
793
907
349
812
103
-658
-978
-125
-954
124
-835
378
-41
-877
669
-891
-185
-454
297
-748
858
-772
743
-867
-244
8
864
-608
-402
-928
699
720
586
79
-506
-625
897
420
549
-526
685
-31
-437
-852
918
908
-233
943
875
862
673
351
-857
91
466
111
-225
963
-995
-185
959
618
-14
272
-473
388
25
-835
361
-465
-81
-649
967
131
574
-425
-714
-657
-259
-87
-299
265
67
972
-158
-627
-207
-329
-899
896
-615
692
-247
-19
-297
740
-821
-334
208
-173
172
923
-38
-348
333
371
-880
501
-267
-27
894
736
801
764
758
-702
-960
72
-734
-969
-254
-94
-938
-186
-281
488
837
49
-614
-731
-216
-973
-600
578
493
952
-852
512
-403
454
-971
541
-546
368
77
-560
-948
-913
-83
82
776
424
-490
-51
201
697
-685
-976
-909
314
332
-235
140
-94
45
817
71
-309
68
-208
-605
-357
824
-241
-484
-579
199
-466
-458
988
438
-292
467
461
177
504
344
-873
-117
394
-706
325
967
-762
-286
349
-215
-488
-228
-192
279
-864
-758
-607
36
-688
296
922
49
-12
101
703
-860
-174
244
-801
430
458
533
667
-189
-758
-299
-649
-116
608
560
-970
728
577
651
630
829
-160
-263
-226
-319
491
-281
-541
-104
-96
199
151
-505
-127
928
759
920
985
268
84
424
173
610
592
-125
-897
833
177
503
670
551
298
731
-590
705
703
879
939
-221
-972
-708
-394
-28
332
791
259
38
-168
-196
661
976
401
-575
758
439
160
-612
305
-695
891
893
-844
-954
-535
593
-413
524
791
614
495
892
131
-371
-66
-949
309
68
-723
-348
0
457
-422
525
754
-609
-594
-793
173
-779
-980
476
-162
588
303
-465
292
-525
850
927
97
-864
-630
-446
-189
-613
-306
-964
802
-353
-885
-444
369
762
568
265
-339
51
-302
-957
-192
115
264
-957
731
-513
-186
312
-63
825
449
685
-473
-445
-824
-523
53
266
-198
161
973
183
-100
-851
-877
-553
-122
-877
-679
490
658
-575
462
700
208
-586
290
-435
511
145
914
-154
-411
-581
132
-712
-368
-441
-445
250
228
55
-357
-695
-705
-705
303
-420
-814
-248
-249
-394
-924
-324
887
-772
767
-532
555
-502
125
181
-78
-243
789
956
829
817
366
-228
97
-251
96
716
-325
-669
811
715
-745
211
160
-247
-467
-191
-684
-261
650
980
-720
689
-570
750
667
-337
901
-102
-262
154
-420
-574
585
-536
934
706
349
-452
333
-316
-572
550
-678
-178
142
-609
-730
973
273
-885
-2
-751
-620
107
-155
-131
821
877
321
-600
228
-501
335
-219
79
219
-198
310
32
-47
-936
159
834
119
-576
-717
619
835
542
-598
54
938
-818
450
-600
-277
-446
-204
336
130
-195
274
5
277
969
-953
-570
45
-944
-758
457
675
-545
-212
627
632
657
-941
788
-339
917
-919
466
-869
-493
343
-246
-926
895
-846
-96
854
-324
-401
-741
835
-776
206
-461
99
-708
-137
-796
-223
-58
100
-631
-335
222
-767
582
766
-217
-317
-548
242
945
385
730
165
-791
107
364
288
693
467
938
-335
77
772
822
-146
799
-636
251
-828
-176
-681
51
241
600
-420
591
-335
-871
-472
-663
-315
-75
994
597
883
-371
437
269
-608
-376
484
-550
904
-883
-512
375
-509
-869
438
580
-221
-208
733
-166
443
950
-670
82
-24
260
-889
-766
-420
147
30
137
-780
-777
-942
579
135
783
-543
-562
-250
-645
226
-77
-406
-584
229
926
340
-675
-219
-896
555
851
-112
-968
501
-995
439
-722
296
-5
-697
581
418
602
-459
-964
2
-827
-913
-627
-568
-860
509
-695
-142
-766
-85
120
-21
-732
861
814
-180
502
-536
946
-391
-235
-844
558
278
77
-801
424
931
221
620
-560
985
709
966
780
76
-917
-772
728
-446
-909
-539
-890
643
819
-693
445
283
598
-927
-117
-766
-397
-600
-7
-424
67
-454
758
854
-73
503
-50
-649
-846
-324
938
684
-162
569
-329
-778
617
-767
581
840
832
862
-384
-412
-245
265
722
143
-837
305
-418
-118
980
-72
-74
-375
755
-745
508
-97
-294
-452
-768
-764
26
662
-988
-334
-567
108
56
-969
-259
-568
516
423
-356
-464
-352
-274
977
-544
364
708
-807
-198
248
856
-492
-555
-504
-106
-54
-396
309
136
-545
-878
19
-696
-686
2
118
559
16
106
430
-205
322
-642
973
-712
-954
-419
981
957
-976
287
734
426
279
-909
-908
769
100
627
-473
-20
29
-460
-106
-512
141
899
-538
-234
-311
695
-448
299
-519
-984
629
-830
-193
-74
-836
-463
611
-922
96
-945
-591
-271
961
17
-414
632
131
240
405
-949
-36
155
899
949
-477
765
-481
-806
869
322
-511
-411
655
282
-749
897
-381
472
988
-738
853
-311
-617
-512
-261
-726
-947
683
-852
938
783
232
873
-520
-835
-16
126
75
-757
421
444
3
-582
331
814
-767
-116
50
-296
161
58
-71
-485
689
-931
591
882
-550
-603
-664
345
997
-332
948
-21
63
952
521
-818
-93
-548
375
-206
-279
216
949
303
-117
67
452
-484
478
-251
676
309
-600
432
-791
-590
86
489
304
-540
940
-579
958
-490
-443
-511
-698
77
640
101
203
196
313
-460
-51
-66
707
516
-954
660
19
705
-756
972
-33
-410
-259
334
634
-243
550
285
474
-862
-396
498
-817
370
-1000
190
-50
-897
785
-15
693
613
-877
401
-320
-588
972
-588
-826
-20
838
-128
-928
-81
546
429
630
63
697
-553
-253
-377
240
140
-432
-599
-7
-204
-637
233
19
-661
351
513
-375
-312
554
675
89
-958
36
20
769
979
-509
-290
-324
-515
17
948
316
946
-493
-966
-687
927
10
-729
109
-355
333
864
972
505
796
-390
-233
575
-247
-501
-769
498
-985
-461
-76
821
458
-574
936
666
-528
92
408
725
-407
-468
-708
-349
-475
485
-25
693
-470
-85
-395
-500
740
205
-480
-306
882
-259
-424
-190
53
366
661
180
-383
-248
-283
-555
-19
-300
-331
533
-561
-96
460
-711
-446
-25
-324
981
319
537
921
-964
704
-786
714
-157
78
-557
-501
545
564
377
-709
-222
-435
992
963
577
-673
635
393
955
-870
982
-538
-125
-687
458
-307
192
344
-568
-650
485
25
931
-268
-182
981
-682
338
957
852
433
-766
702
434
173
-900
488
475
158
-304
610
480
146
484
-862
599
-766
-865
927
180
-851
-208
-293
-288
-161
576
-952
-798
-398
957
-472
485
-846
517
368
-955
-274
-339
-711
215
-361
399
518
-686
-924
738
135
-96
-944
-181
107
-353
-115
225
-710
168
-926
194
678
-911
751
-982
-117
-972
-63
185
-96
347
-163
231
659
-965
540
765
-24
230
-979
808
-693
-239
-665
-142
-33
-790
494
729
850
81
242
-928
535
205
514
-294
-363
-937
-416
-508
-56
-365
404
-496
866
-754
802
-520
-629
340
-917
-697
-470
956
-135
-9
296
126
793
-997
409
858
-882
-578
-793
987
-281
501
169
-195
-836
666
957
613
890
-329
-530
554
419
136
498
-740
723
-303
269
188
-4
313
503
806
160
930
950
-2
59
407
-195
141
681
-822
342
540
-161
-870
-437
895
-467
-631
-169
564
54
51
281
-353
-979
-964
487
-514
536
-711
466
-306
-998
979
285
-217
929
972
-292
973
535
-374
-179
-881
676
-262
-640
254
481
-48
-502
-156
-38
-31
199
416
-718
-494
-447
-698
-662
-153
988
-301
68
-997
520
-631
-360
369
212
340
518
251
304
56
333
462
844
974
-179
769
646
-101
-917
-378
-214
-148
-247
-372
-638
465
726
-468
-66
-857
632
-38
-711
-498
557
-815
-704
-988
404
-274
-503
-785
-161
105
751
-628
649
-7
394
-715
864
-497
301
725
-139
772
213
-632
145
-41
200
255
-601
-615
594
887
259
-836
42
631
897
667
991
-327
792
-990
-846
-986
811
905
-412
-488
372
-375
-673
-31
376
-256
124
-861
883
-574
-883
414
79
213
-605
41
756
431
630
733
497
-440
646
400
878
-871
642
-41
805
593
395
-257
579
-177
228
-741
204
-430
-751
-868
-409
-703
-70
931
-768
-865
-839
-513
-403
-46
-900
-925
992
-518
-869
-574
153
-676
-536
-958
-991
132
774
641
833
377
314
-87
-27
364
615
203
-157
414
-832
-529
537
995
-184
99
998
-157
132
890
-569
418
-836
964
848
452
562
197
-705
-600
-231
761
938
160
744
-621
-617
160
625
287
950
-62
47
-204
922
-211
662
869
-593
461
-306
319
-171
809
690
329
850
584
105
-648
-697
-870
-530
-559
-365
-876
921
-850
885
-832
-337
668
-503
255
26
-423
878
625
133
205
326
-880
-726
361
-870
931
-565
-949
681
-664
578
494
883
-377
-8
470
930
-788
842
38
-412
674
912
539
778
-175
827
883
-927
55
-579
613
-443
513
-238
92
237
-61
521
-444
-59
-985
-397
-817
-804
-650
-641
439
603
-427
-725
428
-748
-230
593
-637
515
560
-950
-169
503
-863
-850
479
-961
-847
461
399
-257
-817
315
-413
-63
-260
424
-92
-249
-217
636
353
984
223
-996
-533
-583
-789
-15
-913
-618
-177
-526
-634
-638
-447
-301
137
462
-236
192
331
953
-802
-205
-3
620
-165
-103
-442
558
538
842
-315
-961
-419
131
989
609
647
-681
-75
895
704
735
768
352
884
-978
343
991
-734
-240
-937
944
-370
839
695
189
211
587
62
-13
313
217
-300
966
-693
864
374
448
80
-791
240
-984
-839
-92
698
-166
951
343
609
133
899
735
922
-429
-492
-6
655
-336
-893
-725
-168
-248
-727
-42
-570
-181
810
837
-271
-355
-845
-31
-706
13
563
133
-316
954
643
-888
392
710
-706
-872
-410
-365
-454
758
-603
-336
178
-896
-992
918
307
-367
262
-972
177
-95
-40
418
670
916
-104
-206
604
266
-550
-938
706
289
566
58
-317
754
475
321
135
-680
541
-494
244
-68
-460
385
621
-733
290
-824
-579
571
758
-519
-528
656
145
-929
1000
-220
132
449
561
895
-454
37
266
-542
40
-865
47
-519
-733
504
-698
756
376
-731
-879
243
-510
165
-61
-95
-772
351
26
-186
830
-10
-9
-302
788
-648
-688
-677
-523
577
285
-70
623
232
-972
-735
-592
469
643
124
-717
436
-998
-245
906
481
501
-251
-885
-16
37
-585
-728
-966
-398
-105
233
532
579
370
379
-191
-746
-400
447
-783
435
488
15
867
539
634
-663
-70
124
-368
180
-402
136
421
-666
-815
-166
356
605
-604
-699
-689
-589
-124
378
800
-731
650
-558
-433
-870
-308
231
-434
196
-835
-158
505
-432
-2
605
-624
7
-74
643
37
-461
468
-162
769
-967
739
-508
313
951
-95
-273
857
-525
-69
627
845
805
288
669
-949
-760
-820
-189
-93
89
10
-260
908
-396
-541
211
-671
-997
561
-673
702
99
-702
539
413
-403
-896
-798
302
-444
-875
777
-830
530
-603
-552
434
98
614
-826
834
-861
306
-949
