-882
245
1000
-165
755
-52
942
-56
-475
-284
18
559
795
399
-143
859
-725
118
64
-289
755
-175
419
-347
906
-701
-847
-885
-881
-979
849
-835
-253
-652
-480
-680
-491
-922
699
248
35
-119
-28
88
547
-842
70
-609
858
-715
609
-141
-337
-710
-746
641
-707
-854
-776
-298
-157
702
-503
-447
291
471
-421
671
-685
-346
980
-956
469
-668
905
279
-497
-321
186
250
125
744
-931
-715
617
-633
198
-896
-580
-363
-10
137
-464
246
-871
619
330
353
-161
-344
-719
-872
-862
-499
272
741
402
101
-580
-723
-67
386
-229
625
-803
921
-397
172
163
-673
-396
386
-990
533
-9
22
-833
-219
652
830
297
875
99
856
640
778
-458
-927
789
-582
100
987
-675
-434
234
-803
-306
434
-161
-183
93
916
-983
33
-956
35
-348
-930
-982
-953
-784
-44
-841
210
-155
-172
141
144
-475
412
382
-724
211
-545
-116
-16
-618
-855
-252
-824
324
788
565
-65
-581
641
-3
-317
-877
-157
-145
-45
-669
-830
-672
440
60
338
785
666
-787
344
198
-472
887
-377
-78
-606
-69
-826
-782
-255
171
-916
857
443
683
295
490
-137
-601
-745
601
891
-55
658
-62
297
192
131
-852
-327
-539
-828
705
992
-206
549
-216
588
255
-923
489
745
-512
-860
-604
107
-179
222
738
-611
517
577
-382
-888
-62
84
-278
-649
974
-831
-512
155
-793
277
-651
746
-667
15
698
-954
243
-761
-787
423
-886
176
799
425
468
-91
172
-150
-177
72
-960
482
89
-31
-794
358
857
-900
541
-422
754
-60
579
846
-500
-165
-401
718
345
947
708
-71
-851
-793
-834
148
283
296
-303
911
-18
938
814
-314
-729
-451
62
960
468
9
295
305
264
330
642
161
911
-265
671
-230
-791
-211
787
-788
-775
-504
197
203
-939
945
696
208
177
-16
946
-737
72
-513
627
-19
361
973
-250
336
13
393
649
547
-194
127
-54
877
67
-360
951
-991
906
-789
676
451
-355
-460
-897
871
-963
-844
-334
-420
893
-914
589
189
-325
362
-13
-369
707
803
-19
568
-789
-517
-3
609
377
417
865
-533
-630
-24
323
-895
859
898
467
759
-802
269
-855
716
-755
790
491
302
297
825
444
997
461
802
-266
-231
97
378
774
253
-682
-273
304
-706
-317
-824
-93
618
-285
-808
727
-34
273
562
899
405
-268
-374
-262
-971
-54
229
-605
-117
-811
-231
725
511
-880
-334
753
835
118
-795
652
-464
-755
821
-707
896
76
-286
-891
69
-568
364
-374
350
808
168
-563
358
542
-249
310
64
529
-855
641
-972
596
-648
-426
-198
210
-159
700
571
573
-484
-708
334
-530
-405
-165
-819
640
-866
309
562
-913
-10
-724
-32
-955
-977
390
-872
-382
-953
443
926
-956
-416
544
-320
9
-461
483
-954
-148
-364
-114
602
373
-138
618
753
161
53
627
536
451
417
799
35
-876
652
123
529
-250
833
779
-562
-677
121
-484
616
-917
800
73
933
482
-397
493
-731
-133
-876
865
626
-186
-788
618
-199
-643
-456
498
916
-906
672
-984
979
-229
-552
-134
-49
-472
583
-150
456
-403
-45
-49
953
-528
282
828
173
-25
572
443
-616
-145
917
-537
-287
503
119
645
-564
-219
-490
-572
638
354
-285
525
-82
-959
-376
-236
-870
925
977
133
-542
-246
-868
-879
-382
-728
628
-513
523
-852
-637
-956
-242
37
789
-302
-801
214
637
-280
877
334
-685
432
-303
36
-877
415
831
-890
165
860
604
-654
-653
945
104
-602
-431
-801
124
756
188
-33
881
-885
437
-210
-512
-751
182
-508
-517
-727
-530
194
825
550
-725
-942
253
593
972
-830
371
-493
122
-601
781
-502
246
613
366
-748
426
-513
-924
-777
786
919
-724
-989
-205
813
-107
-362
-337
-894
-615
352
-179
696
-712
-778
-523
573
569
0
770
-769
308
-643
102
-133
-809
114
536
88
34
-366
511
-38
303
948
-210
867
-124
969
-392
271
-40
-54
185
-971
-423
3
220
167
-406
450
409
768
672
233
-930
795
-407
630
390
-454
-857
-938
-357
-683
152
-542
-430
800
232
130
-517
723
-5
-311
633
-971
-936
-344
476
-24
-407
-84
-29
-9
68
-64
-997
261
833
-452
468
317
546
352
-88
796
136
-66
-379
-653
57
866
305
494
77
-839
-780
786
852
-960
-20
-722
823
557
-253
885
78
955
73
-551
846
19
-569
-69
-217
248
495
247
108
812
374
191
691
-551
114
-429
-697
871
-670
-132
-615
-51
220
936
866
407
-282
141
-528
372
-173
803
784
-727
-645
745
379
-690
374
-328
-606
-863
-928
-567
677
-813
971
213
109
-230
-113
-342
-377
184
-606
709
-721
682
971
-540
741
818
547
-854
-807
482
-875
473
-668
-637
986
-385
-661
-948
-266
-70
-825
-541
-455
-815
-469
664
142
-282
633
-733
-177
-748
421
-915
-537
233
-745
-318
-81
439
-988
-415
597
941
-93
-937
143
-282
608
211
-893
-278
173
-384
295
459
-759
304
-171
-754
834
-486
147
-913
-758
769
427
467
-841
900
-193
-382
627
79
-854
-575
204
-958
-192
-910
790
698
-493
-229
35
534
7
-620
711
951
-116
-519
-94
185
638
908
-929
-58
880
983
117
781
541
730
197
-807
-579
-680
-753
471
700
-692
-346
90
318
-861
-589
-102
263
-476
-427
-277
-381
-391
-548
-982
853
-439
579
-417
807
-358
560
634
-916
596
938
-605
823
-630
-915
-352
-151
337
-204
-545
-535
583
918
-850
164
-752
892
740
-613
965
977
608
176
900
-180
262
873
-712
-433
-789
284
552
-103
372
848
-634
631
-203
-111
-270
508
402
35
905
71
619
90
-402
973
-45
130
-815
409
-65
-621
-373
374
-739
-975
599
-299
-45
-892
821
-557
-108
-722
-488
173
-232
-267
-559
-86
-736
-61
-705
667
73
-69
-335
-154
334
-38
652
838
-350
-931
-399
-336
601
-568
431
-646
-398
-704
749
42
952
461
680
513
-489
764
-539
-309
364
-152
-243
513
141
351
670
-143
-956
765
-231
449
495
-865
442
480
-638
718
-17
506
280
-114
109
-28
-17
-246
-970
-89
-670
-923
-499
461
168
411
-692
-833
705
772
-74
40
117
256
-121
221
-756
-230
826
908
692
997
203
199
59
817
-391
-790
485
-830
399
-161
151
-526
-267
684
78
-62
-864
35
599
361
-272
368
-215
-820
996
841
266
382
534
-982
207
-889
365
766
771
857
686
31
-62
319
598
127
660
368
697
0
133
270
432
-645
509
-36
-736
-431
-942
-482
-599
703
-771
732
-380
855
-243
854
995
449
-154
398
-827
-666
570
535
818
30
802
-431
-645
940
-905
466
-812
-464
-824
-931
-563
-509
-569
952
-142
16
7
-477
-322
-389
372
84
-709
-126
-801
-566
-858
577
526
-368
-603
217
-294
327
105
666
141
852
755
66
-530
-322
273
-313
494
-335
770
-892
397
-115
-445
-327
-576
-949
31
-641
786
-455
-943
322
-221
294
473
-184
-487
-225
-503
175
-853
-853
282
-345
-679
-321
781
-993
-663
72
-693
-949
-762
91
943
-802
131
-179
56
84
-341
163
-777
-494
459
427
-135
602
763
-997
-995
426
350
516
-430
381
68
-436
74
-599
-139
-14
354
-830
-293
48
855
421
-89
-858
913
314
-516
-937
-18
-22
108
36
-134
-887
106
-715
-31
161
-53
-131
467
204
-316
-244
67
64
992
283
777
861
652
138
-445
-160
187
861
-243
-967
650
486
106
436
935
279
592
-521
255
156
-983
-704
-41
-82
249
-87
736
-938
526
-433
-306
222
-504
941
111
504
908
-308
841
-461
-486
-460
846
573
-81
966
-880
-281
228
-709
704
-117
778
24
472
-983
199
879
115
-266
-305
-326
665
-974
885
-436
447
-661
-712
-247
992
532
-482
-679
454
-435
-700
-142
307
533
-152
612
458
444
408
-959
366
-356
-719
-72
-940
-343
619
-641
-522
480
195
994
526
973
-387
864
-241
-79
744
-108
-700
417
-262
157
507
-540
-434
-840
429
-882
960
-300
-21
-667
-88
-100
498
254
601
953
-9
877
-588
25
-250
-396
335
-338
-420
-436
-246
703
-888
-943
157
25
-832
-159
-515
-710
946
-524
-101
-714
34
28
369
-243
242
185
567
264
304
-899
-844
-933
900
189
462
-41
-499
-412
-332
-993
-459
850
-977
838
-319
-64
205
473
712
541
912
-661
958
793
-917
396
-269
994
-434
622
-375
-166
327
-679
846
-597
894
-712
135
-483
-377
897
357
-632
878
-444
32
327
345
28
-240
899
-476
-455
435
19
18
236
-268
88
83
-3
-722
-429
-418
829
-152
205
-910
122
-284
872
-509
-353
-139
-182
938
376
-668
-825
-158
462
-574
-793
8
-899
41
-761
-311
-175
18
345
464
-197
-69
-24
-562
172
-856
-625
284
-197
-192
611
-36
-338
587
-794
-321
430
521
113
54
-44
-364
543
-562
-558
348
213
-256
-435
-854
831
827
815
298
493
445
830
-845
-696
-636
-630
337
267
127
852
-781
54
-740
-570
25
-255
-809
-555
-568
29
-736
-222
845
-395
-617
240
188
358
325
295
299
298
-473
-592
187
549
-247
659
-168
382
179
-734
-204
-38
-743
-406
501
-408
544
-256
-275
-587
-881
-690
363
-163
7
-909
-770
-506
325
-880
338
615
-723
-598
-471
-701
942
-824
773
-49
289
-499
251
-374
476
-710
-142
975
711
-293
-295
53
-271
483
-799
641
-495
715
738
300
39
-301
176
-510
997
846
-276
-386
357
818
-86
73
-264
245
446
-423
287
-600
-406
-807
-934
-228
-734
-502
-840
53
-702
-554
299
-287
327
965
-576
-573
791
-194
892
-953
772
-995
-324
115
387
811
840
703
-664
-636
-185
-814
-597
-855
133
318
-19
260
150
-620
565
34
596
-499
-928
827
757
927
274
-230
-650
-351
404
-750
-329
802
-995
282
-167
631
-164
-291
-679
-455
-460
-470
495
944
-138
421
-303
100
-975
458
-598
-2
-987
83
784
292
-370
858
57
779
-805
-349
635
551
-874
505
-570
-111
158
420
338
-247
-85
59
-30
-533
901
-488
-79
-963
24
579
-374
337
864
985
-866
985
146
-449
-946
-917
165
-481
-5
34
920
-539
-113
277
188
-724
-254
-159
706
-729
-891
-592
600
-189
-345
263
-324
-702
-395
255
678
838
856
632
435
118
108
-709
-102
456
837
391
328
-727
-27
444
769
11
-917
-224
159
214
47
279
-800
454
-256
166
-627
969
67
50
65
-400
80
372
178
-174
-658
330
818
-372
-601
336
-792
-312
212
870
-862
826
892
-619
-328
-588
125
594
-456
957
-51
790
784
387
620
770
-404
-492
-383
-913
-902
309
-489
968
754
-952
370
567
-527
571
-174
577
-506
-898
-611
-685
-370
153
442
-83
-696
-872
913
-38
-331
-370
-770
-356
399
-43
-557
423
-55
-831
-908
-875
780
100
261
486
227
-733
-502
-761
-284
649
-231
-358
-811
373
-625
-388
302
-280
-720
348
-47
603
-985
-916
295
866
446
-881
-157
822
-972
-843
-106
264
801
442
-235
301
937
155
-118
706
-641
-978
147
207
-76
-27
185
556
-577
855
-689
954
8
684
-540
-40
-917
148
531
686
66
575
870
-9
868
-610
-91
-944
938
-289
268
-76
-145
-472
-802
-747
710
53
303
981
-326
516
329
611
-634
805
622
534
-719
-404
287
-32
-493
-369
262
2
416
-593
-790
-211
916
-956
-847
334
76
40
958
-285
326
-115
-943
897
-859
-157
499
133
-789
-396
999
26
-317
801
996
-218
346
130
-843
-393
-373
-144
-408
517
487
867
771
-172
-408
-284
-645
-288
917
-835
126
-562
-944
-902
-632
-114
16
-795
111
-927
612
-219
659
71
709
-692
752
586
503
-45
-354
683
957
-180
-58
-693
-37
79
462
669
-15
-333
-307
470
26
-866
-377
-943
-363
-474
682
-849
-82
-732
-963
-999
573
731
-911
59
552
-345
470
814
-19
-3
-905
-763
-480
-201
-289
235
556
779
795
-288
-873
-159
433
-968
-557
-82
-836
-423
315
-418
-797
480
321
479
-676
-161
930
715
-950
-627
-977
210
631
421
-8
-997
-365
821
0
-110
-665
-407
-823
261
-823
166
-583
246
-624
-209
942
758
671
804
159
-994
-210
-801
17
520
-472
-135
-478
-21
100
-719
438
510
-652
111
548
359
-124
379
-630
-805
107
-408
583
221
638
304
195
652
-481
108
682
-579
934
-771
-124
984
-886
450
987
-510
751
481
821
126
87
-353
906
-597
-442
594
-809
382
43
-903
-923
390
-84
488
-327
512
113
-162
977
973
66
-46
-964
-685
-339
680
466
-826
-676
-394
-692
-337
-603
-184
-871
-177
-229
-272
-953
584
575
20
-245
715
-418
-66
42
83
724
-100
777
-366
957
377
-707
306
-1000
-552
376
-309
-120
524
-993
-101
-622
258
594
539
197
657
186
-381
-936
-449
783
605
-397
-694
487
-500
477
-384
-326
789
154
-957
134
-184
-947
-840
-735
-919
-236
-84
207
-188
-885
-446
-572
-395
379
808
-240
384
-287
65
202
947
44
547
505
286
-201
139
-469
114
-313
-238
-799
6
-973
-240
-604
110
714
-867
-184
434
-817
-98
635
722
981
-733
945
-299
-116
65
-58
726
-915
124
-488
913
-259
-884
593
126
510
-140
-951
878
736
784
350
348
117
583
772
523
-770
-933
-799
-886
818
177
668
973
-866
176
456
756
925
93
587
-762
-342
584
365
-859
99
16
-967
-224
319
151
128
-256
507
991
-697
638
950
-685
784
-213
-215
960
-496
73
410
-152
-94
-912
-811
-928
-673
846
23
455
-700
801
-112
-248
617
768
-352
974
285
82
-342
72
-284
-743
585
520
522
487
661
841
-391
610
169
-895
-669
672
670
-738
872
699
917
1000
-752
893
-221
58
-412
417
149
-218
768
-764
483
-369
-77
403
-724
-651
733
-520
-58
647
831
-241
215
798
350
897
-976
-178
-862
30
318
937
-159
49
-875
-101
139
333
-377
761
-776
-11
173
986
-611
426
-631
-242
-369
-624
-682
-223
859
-305
-423
996
-266
712
-986
70
-663
342
295
737
-838
4
138
514
58
-786
-739
68
933
-127
281
788
46
-152
352
650
940
881
-725
246
-9
702
-344
-775
964
990
707
142
252
-275
-568
-937
-946
-517
-5
42
42
120
-325
832
957
-883
34
-381
505
-72
976
186
-380
139
706
-567
384
-797
80
-259
650
215
447
826
-868
528
-824
-855
-414
-365
237
844
-577
-763
-224
-424
-417
-363
-753
793
787
-161
-999
-945
732
239
-715
-749
147
611
-166
191
840
547
9
396
-299
-661
-42
-421
-959
913
3
25
-860
536
-447
634
678
-783
-857
552
371
109
466
-525
-492
79
753
252
-81
397
860
-468
622
86
961
-714
299
-783
-992
-273
-926
-535
-566
650
-868
-298
-728
-664
-28
540
774
-838
527
691
-986
-604
-762
735
-811
790
-607
655
-390
685
276
-926
-573
-221
-612
443
860
694
707
-345
905
-43
289
404
-103
-357
47
492
457
302
-933
-929
-357
433
366
-817
405
712
-778
-641
-250
-451
741
-143
742
-710
308
631
-256
423
-255
983
-454
-640
-267
-164
819
-808
137
-105
-967
-10
-374
114
740
-333
-396
864
781
-585
-246
633
-772
-592
53
-783
-394
476
930
715
-876
372
-997
234
490
-333
-463
-81
-750
140
-702
-495
366
-623
895
-51
-151
721
-163
483
337
208
267
609
290
-58
-213
-408
-90
903
-547
-172
466
987
-927
-843
945
98
-783
18
-613
981
-703
-678
767
193
-492
-191
-691
-176
-414
-349
349
-54
-980
325
765
-167
-659
197
66
894
458
289
-431
314
580
912
556
741
-110
-250
549
808
399
-723
-330
264
662
137
-620
-617
-735
-774
752
295
717
-705
-185
-685
890
-275
-896
53
177
-525
384
-160
503
50
-732
357
648
197
655
785
666
-94
786
587
145
-685
573
520
776
468
767
262
-136
793
319
-564
649
726
527
611
39
-852
374
586
922
161
139
-590
-973
-565
-878
-383
826
-710
506
-865
-89
883
605
-652
553
909
645
-978
-212
-415
-285
-523
-1000
420
229
-981
112
-567
687
435
-440
825
-141
207
-942
251
-466
3
-29
-695
-117
893
589
36
-139
893
413
-78
-707
-862
440
719
354
-466
731
-327
-257
-739
349
-416
563
-507
331
657
-191
-613
-390
-282
-474
874
618
-966
-337
-716
-455
845
606
-377
279
-323
145
512
944
86
-126
-300
330
397
684
-936
860
-816
980
5
358
805
-311
194
309
968
424
-735
-298
813
218
-176
-105
89
705
525
45
232
890
-178
-378
483
-906
627
-797
-16
-401
48
426
136
-796
312
292
735
-90
413
-444
-510
103
212
490
-762
511
64
382
915
-470
-105
221
-433
-980
724
89
-991
-76
-413
-952
-484
912
131
708
-27
134
34
931
33
-538
-124
982
-156
-606
55
197
567
-670
-244
882
444
-503
235
579
660
-314
639
383
401
-782
796
677
780
284
960
914
-717
-114
617
-673
274
-815
974
907
683
579
-24
-570
-35
-246
-687
-778
994
441
-921
-400
-82
-212
-166
-67
374
233
780
-289
170
-154
-398
-52
245
-493
-660
751
673
-121
947
-437
400
998
-370
878
945
-119
-856
-609
-773
-136
-294
818
454
-261
-204
-647
232
-871
-634
584
-830
-387
-723
574
-282
474
-437
156
941
461
968
-233
-231
-813
-120
-848
852
586
-926
-32
933
672
461
820
939
-782
763
-598
-284
839
146
-364
-705
-335
-561
157
-999
-772
885
-950
337
-811
326
911
313
-537
-135
563
-999
-464
865
-292
-712
559
383
-710
392
-54
-118
322
-460
-10
763
-130
690
300
-865
-344
362
-300
-7
543
616
-169
976
-46
766
379
-391
920
-697
444
359
239
522
899
798
33
123
-889
770
-101
860
983
-398
999
-333
706
-732
-369
-653
-460
521
445
-402
891
956
-691
841
-614
-159
379
196
147
-151
-72
397
606
-126
-203
493
-195
775
129
-247
885
-385
500
-781
-821
354
515
-796
-530
494
-993
-910
4
378
-519
-44
275
928
324
-35
-845
-146
-502
-123
165
-638
-557
821
-976
-336
-66
-266
-515
-129
-917
-871
534
-368
324
186
309
-98
-620
-344
59
99
-723
846
813
-538
395
490
-453
878
-499
-178
416
307
231
-770
659
-638
-395
183
-716
935
-195
-477
812
779
644
973
688
-602
-644
-285
43
53
-781
781
715
-50
-223
-754
594
366
-11
-677
842
483
214
-802
500
-491
-950
-754
-931
-714
503
663
-356
-362
727
-577
236
689
748
183
500
-628
76
-1000
-847
-288
-244
190
604
-794
922
-40
-730
161
899
697
-658
-771
685
656
782
-653
-123
859
-304
-773
-146
320
-566
281
-184
317
-286
-492
-513
3
590
235
516
-431
711
970
986
-997
872
-419
-687
267
782
261
-326
-329
173
332
671
401
420
761
258
679
495
-210
-222
-901
-819
-404
383
804
375
-280
329
605
-878
253
-613
-976
-346
745
-316
362
-682
-168
580
966
100
-628
33
55
-670
162
-363
490
-419
960
-531
510
452
-85
-71
-840
7
741
539
892
184
-450
949
866
400
-614
-798
-169
-619
930
937
954
46
-542
566
244
940
-289
248
-524
-830
-552
-346
-136
613
-622
488
673
593
-436
-396
880
579
-557
-954
-93
-37
-977
259
-97
438
731
774
-164
723
-120
315
120
-801
295
903
162
416
220
-509
507
699
-886
-438
-494
409
798
-398
188
-323
-250
-791
-506
-765
-363
578
-475
-313
-891
186
-124
464
383
-337
884
-616
-985
-3
-822
318
-955
-705
689
-834
78
-37
-464
-864
794
-660
-781
-540
678
319
-138
-175
-244
681
201
406
870
185
717
-875
701
-821
-560
-729
-839
-998
456
-874
-407
-82
100
-568
104
-356
459
-275
-493
-501
-709
-66
273
253
-446
-625
-372
605
872
80
-199
-415
489
699
-418
357
524
-42
669
-349
629
535
-33
-695
-718
679
63
-42
564
929
-222
365
490
-780
958
-855
360
-835
8
384
933
-906
-177
69
-39
508
754
886
-624
220
944
-860
561
120
-488
-103
-200
-825
-64
53
433
-288
-945
-614
-399
700
612
-496
278
-311
-193
-445
-25
319
-947
-259
-407
22
-738
114
-877
-160
601
-523
860
-320
841
-577
-489
-234
-895
108
-673
-119
-994
873
444
-494
-598
-691
-439
-599
934
-661
786
-984
-592
-491
-154
925
-570
183
477
689
478
-716
-490
43
775
-786
-75
-817
-573
53
-603
-768
-452
-272
-843
714
-413
392
131
103
641
-623
-290
551
677
-704
-933
566
-159
677
131
-775
-231
856
620
-6
970
131
-655
-13
-800
36
102
493
335
-878
-111
10
-238
689
-388
-500
-477
43
294
413
-753
418
416
236
389
-182
-939
-368
-569
-317
-965
-116
-313
-2
524
-327
374
336
268
-90
887
-39
113
63
-389
-873
527
-46
-550
-236
734
924
-455
-214
-318
590
-964
-566
602
-53
71
554
-801
-843
-767
889
322
-61
189
385
-332
707
-498
962
-321
-420
-668
-315
108
413
56
-549
369
-390
-373
-622
832
-543
-941
213
660
803
627
-326
-553
550
309
-309
-93
910
60
-106
20
-23
153
541
-298
-374
462
-556
-733
294
-176
623
4
-420
652
-444
-905
-758
905
967
380
62
-895
714
-376
416
511
-811
39
857
681
428
622
701
-513
183
-345
-485
-422
-858
-265
-766
835
-255
-532
670
45
302
-885
494
-801
641
268
-145
-111
860
384
-477
-954
-689
-872
652
-980
-44
-373
-850
-178
62
45
206
765
-67
148
-325
-997
705
-750
-720
747
-595
-670
-60
-965
749
-557
-75
-467
-538
-860
-925
937
-658
161
-955
-433
757
627
-341
-197
826
208
127
706
-451
-823
-696
647
608
27
82
177
598
47
265
297
351
-328
739
485
-416
-970
106
330
-358
175
-653
-790
-366
412
-89
-73
739
786
-367
324
884
-161
125
981
836
-848
-265
820
-947
-226
-545
148
-988
-583
439
386
-92
751
964
413
311
-71
41
-943
-981
281
4
-257
760
880
-759
-934
-29
632
33
723
978
171
733
990
-929
-761
104
-427
-590
252
243
-476
-884
-591
631
-899
-175
-987
-970
-334
-27
-138
505
373
-358
-329
242
-508
-932
53
378
197
2
589
-782
753
12
769
519
956
-306
585
793
-791
-488
-640
-743
875
-730
942
36
752
-180
25
-407
904
319
34
-442
-821
242
-263
452
-701
-112
43
726
-184
-254
-408
663
-66
-278
-904
-393
66
-886
941
-178
834
779
-110
-939
-336
-514
-800
-786
116
295
-29
-367
-389
-631
-357
-257
93
-416
925
-766
-977
151
-845
134
755
842
-493
-283
-966
-792
88
-505
251
-888
-346
590
-116
570
345
-581
532
-896
-205
-302
-752
-439
-144
-857
-80
-110
735
-319
249
317
371
-358
-573
414
