-865
729
-942
-803
-105
-36
148
498
-421
190
-656
306
771
637
-541
-445
-76
-328
-444
-250
411
820
490
-878
837
-924
720
20
-28
-110
984
-789
81
116
987
-262
956
930
789
-810
400
-106
133
-38
835
-484
-252
-48
10
-930
-662
-526
-300
-350
-795
960
-920
474
-119
-642
577
-359
-495
-682
-381
351
-14
-690
-685
573
-148
-384
-690
-305
-38
615
244
-177
-733
-841
920
-371
-605
-307
455
248
558
-262
603
473
948
-423
489
-569
-878
-243
-93
-198
-418
571
-144
-522
334
-638
557
635
-440
-108
-975
173
-351
437
-374
790
-367
25
583
223
-249
51
-632
468
-211
-85
-126
460
-57
-545
-247
-84
-158
797
155
-901
-156
-16
589
819
-339
181
-691
778
228
-705
-217
235
-453
692
35
197
-894
-793
885
433
-768
-626
-397
-561
898
-431
172
594
350
972
-610
960
-365
433
-581
55
716
667
-388
-259
5
446
-481
-196
123
816
77
395
-581
621
-496
772
195
492
280
-416
982
267
928
395
246
783
301
607
402
-57
-949
884
180
163
686
-626
248
-965
-60
187
-365
95
682
-988
60
-283
976
-861
773
524
-769
-219
-940
-902
-20
-286
-368
-338
748
-752
-826
468
-651
501
-285
-954
844
-240
928
583
-188
-355
324
-394
-331
6
-819
230
568
806
746
109
-661
734
-975
-256
822
-115
-397
-274
-143
-762
75
-512
-814
-472
864
197
-286
555
-674
286
-362
828
-156
-901
-485
-662
440
-95
-860
-455
-834
446
280
-269
609
-83
-863
361
-801
524
-870
-516
-271
373
-739
-996
403
370
-276
39
-162
144
330
722
265
945
358
867
519
841
546
290
-644
-38
-375
835
680
76
-843
-826
545
823
-334
458
92
-692
429
658
-262
360
666
-269
815
367
-924
485
294
823
-656
896
-201
97
-799
308
756
370
-786
-980
-259
-703
208
-91
454
-259
802
-398
169
-417
-312
94
-923
-408
-477
473
819
-996
693
-41
-287
-709
841
-942
962
-168
789
-965
-695
-887
-377
-277
909
-252
731
157
-893
914
-237
324
27
209
-551
785
761
619
990
767
-53
782
-743
-148
-302
964
69
-589
286
171
-691
661
-427
989
134
592
547
288
-817
-821
-777
241
278
43
129
-770
38
-117
704
709
-570
-332
323
-755
589
-294
-415
-989
320
-823
661
-854
637
242
944
-761
-997
856
-415
-408
-728
379
719
664
-672
61
-790
42
802
852
110
-661
863
-509
-572
130
110
204
-487
190
887
169
-925
695
-924
-310
-419
739
-756
-682
744
391
316
521
529
69
387
-842
-972
-727
-446
546
184
-318
634
-466
-927
700
652
154
-486
-168
588
739
-641
-702
422
-42
-445
868
-176
8
-251
332
-299
893
601
-648
-288
-109
738
-86
-687
27
-450
412
-902
477
-147
-139
336
-650
-185
-631
-645
-50
538
-216
238
-905
840
902
-970
-465
694
-24
-647
749
-740
-626
235
602
619
-217
-878
286
-869
865
989
479
130
250
829
803
-192
495
-614
89
-694
648
-241
269
723
237
-966
-329
-393
-375
765
-403
-799
-823
492
-507
-803
119
862
984
-946
-591
576
-921
74
-910
327
-721
676
736
614
-865
-97
-323
569
345
-377
654
848
-581
599
-705
693
-888
835
232
-180
-45
-528
-261
567
-514
-974
-185
294
-570
-898
822
271
-350
-422
113
378
931
-997
-716
0
-693
319
-789
-646
-823
686
619
296
86
269
146
600
-717
-315
668
639
-441
-385
-492
713
-544
839
685
-109
-441
373
553
991
861
871
-728
207
229
266
286
759
862
281
-324
-605
-758
-234
855
776
-449
62
-21
-997
349
-779
-389
-916
-857
557
-330
257
-336
582
813
-502
-331
452
863
184
106
-911
-871
313
991
597
212
-265
-905
829
-842
-606
-357
-127
-885
933
-289
-691
199
785
-166
-58
-261
-502
-231
-15
618
-443
573
-179
-74
-97
782
948
358
-209
623
44
202
-428
335
-245
-480
-457
558
702
-345
-624
-854
863
-892
-870
-990
-993
-941
854
302
797
-574
-503
718
569
599
719
-602
521
388
-969
-617
424
600
-720
353
262
-550
777
762
-202
95
620
-920
884
195
-603
-932
640
662
347
-995
599
-954
-149
-263
-456
532
-544
280
85
-741
778
-572
577
-110
55
979
-284
-657
678
-313
-138
198
-869
644
785
-860
-106
-864
541
-692
176
-572
-285
27
-47
-710
-791
-791
994
126
-8
-706
924
-264
925
-778
-811
137
-929
242
155
196
-632
-529
-951
35
-730
-176
-536
689
460
-2
-279
641
-860
-787
-11
-945
678
106
-590
-494
-877
-861
-618
-101
-749
-829
-215
248
-688
-580
-559
-167
644
-124
-467
-648
889
230
253
598
-737
-637
275
503
-202
402
359
591
249
-973
-379
130
-139
646
367
-5
-633
183
586
-91
-171
961
-430
158
488
-454
-573
248
395
931
-868
-198
849
719
944
-54
569
-918
266
-591
-687
-358
483
-262
-517
19
-268
-241
583
-492
261
-149
-698
830
-87
441
-341
-136
-661
279
582
224
-273
-150
-757
854
501
381
100
-425
709
725
-946
943
-65
-338
283
473
-484
726
952
-142
-665
645
-378
532
-137
74
682
-16
-747
72
356
-841
-909
587
-137
943
841
83
-625
275
-391
285
551
587
-173
15
-317
-834
-682
99
-28
-585
-289
442
88
108
-543
-401
958
-184
-887
-816
50
342
101
-686
-36
-348
-719
842
737
177
16
-452
1000
172
120
190
627
-602
-692
928
-472
230
55
-870
-891
-929
-745
652
-900
248
715
112
780
405
55
-492
-71
790
-411
258
562
-939
-700
168
-671
363
-550
798
-490
-677
-359
474
498
874
-798
104
393
911
723
745
786
708
799
-778
134
-185
-795
574
835
716
-616
-168
-57
-365
-96
-302
-51
-904
161
-876
-707
-71
-946
643
482
-973
-335
-696
-924
175
-364
-567
487
634
337
-393
-761
551
-712
716
875
746
291
-602
-536
206
185
858
95
-607
817
-433
-525
-30
-343
-721
550
559
-407
-995
132
-837
896
-701
73
289
-314
-475
834
257
-695
-490
290
864
-431
-897
431
-456
352
-233
-894
-632
-147
-381
366
379
-452
197
-900
511
-932
875
-176
-178
-539
757
-493
143
-69
993
488
-863
-21
-181
-427
-686
713
-918
187
956
292
860
398
72
-403
365
210
-346
89
68
290
-737
-256
-904
328
608
-641
374
187
935
327
-483
-489
873
-771
725
-691
623
860
-438
345
-592
716
110
-183
413
311
979
-256
717
558
47
-648
173
-752
-331
-825
333
381
-797
-730
749
-970
-477
-343
535
554
-840
-701
-67
961
-234
-248
774
615
-853
-209
-315
825
623
25
274
110
-411
-611
578
43
-15
-803
956
171
867
-689
544
165
52
401
43
646
-782
411
448
970
-80
-62
565
713
-750
543
-360
534
-770
-306
-969
479
-542
817
-592
-43
-303
-701
52
914
102
-444
-405
832
-518
-623
-35
-300
819
-502
286
676
721
862
339
-76
217
-682
815
-907
-298
645
-281
857
-215
499
-47
718
306
395
872
-391
374
97
-398
-657
947
29
643
510
-616
-728
-660
-869
587
-678
271
879
-652
-3
399
806
305
877
176
-50
-869
672
991
-969
710
-946
-802
-589
645
339
268
-366
-305
-913
-564
-203
-445
360
-444
-738
135
-945
714
682
189
73
596
934
944
659
717
12
596
-912
-705
798
367
-341
-868
-121
68
801
873
-668
13
166
408
354
-93
68
-364
-30
658
-978
169
-346
-393
-1
-148
479
283
323
553
-172
447
-812
302
-806
617
-184
774
956
518
-338
216
-886
980
-834
102
506
142
693
963
298
-381
257
-882
-930
410
-87
572
-438
-793
-641
260
-120
-157
146
-88
779
975
-162
-50
-352
-942
-270
-554
176
-418
37
-418
181
-258
-364
-502
433
-742
945
-395
643
-819
946
149
372
679
477
-19
921
-711
723
695
-526
-639
-296
-376
425
-439
848
797
541
-695
115
-355
-816
200
840
900
-788
-23
-194
-444
127
-108
-762
941
709
-745
307
-1000
-156
-64
792
-124
787
627
753
-438
318
-627
49
-339
-534
544
-852
70
-367
-409
263
-840
11
854
-500
-240
457
39
-332
200
672
802
-717
607
960
-137
421
172
797
-769
858
-95
-710
-169
259
-746
717
253
581
-373
374
-141
213
30
479
480
-548
-424
-116
-82
-400
308
-296
-595
-272
564
-775
973
-248
-19
-630
-440
777
-107
-223
-224
-577
-958
579
97
283
304
-663
423
-480
-920
435
44
-878
-39
752
-475
-982
951
112
-401
226
639
-447
-29
217
-481
174
628
881
712
-984
63
160
-461
86
953
-894
328
-119
268
-343
758
729
-811
-385
789
-722
-78
-862
709
290
-870
-700
614
746
-9
-125
318
-231
838
-294
152
787
180
741
214
-464
-553
662
497
-710
-277
-176
521
12
-126
608
-513
200
-437
-615
380
192
127
742
-400
-722
700
-572
-460
629
255
902
528
-269
281
-283
-477
-330
-239
-638
641
598
471
426
-16
-163
-755
-176
413
417
870
862
-974
496
-283
434
501
-64
415
362
573
-748
55
-1
597
-49
-646
-140
519
29
781
597
295
547
806
610
-634
-788
960
-142
210
399
-675
618
-890
-189
385
829
635
-599
37
-249
202
392
128
680
-133
-246
-312
189
355
849
-133
18
-968
688
694
-896
476
-963
849
-474
-991
801
-972
-27
-768
452
-689
-384
-455
-178
751
-366
718
-485
-344
205
-425
664
-762
210
-195
382
-704
551
-520
594
-163
-3
-77
668
799
118
-600
625
328
760
182
492
-538
-654
956
647
451
-255
850
705
76
559
272
-515
966
699
-206
180
-249
-370
208
862
449
253
-489
-549
767
638
138
377
-978
-627
589
371
790
-525
798
222
137
561
68
564
87
-572
517
854
752
218
-726
26
-153
-541
-715
486
805
185
-251
-460
-325
-514
708
306
326
315
331
7
488
716
275
-764
172
609
371
464
205
677
-266
-517
-621
-905
-95
843
-209
189
-928
226
-291
322
-544
535
-455
918
-909
-349
373
652
-222
916
37
231
-117
-342
712
-574
325
-110
661
-472
-27
38
-675
13
943
-316
-248
558
318
562
883
-546
886
298
-589
-291
842
94
506
-29
-346
-732
-237
247
38
229
-4
329
399
365
-263
147
32
248
-603
283
499
694
-513
-549
-266
104
237
856
91
-616
-654
-940
225
634
-230
806
-346
185
-293
-468
-245
317
826
-500
298
23
816
-78
-616
-141
-946
-593
807
-717
436
-184
-460
125
-260
-544
578
306
504
29
-880
465
398
984
994
515
718
715
-721
-110
452
-884
481
93
-417
-286
250
402
-518
302
492
-412
194
-966
-426
456
-254
-807
-34
411
-66
-31
-879
-55
405
246
-731
-696
490
-863
-795
-818
639
-104
-293
36
-449
342
-543
-547
-549
-837
-910
259
-986
-336
-145
-59
336
209
619
-624
-806
753
-628
-665
57
-545
-289
-358
-173
233
-457
912
43
127
952
362
838
-514
-873
-71
-75
-784
791
656
-880
-909
-534
-198
-870
661
-730
-580
401
-484
715
-578
-100
506
729
-928
-345
198
-707
-672
546
-85
706
549
-96
-482
39
-779
-304
643
-471
243
496
197
327
250
-324
160
633
-527
-380
-120
-413
331
423
381
-808
278
228
-814
171
-211
544
-116
-467
-679
806
-959
463
-425
632
-35
-233
-482
-62
950
-254
-19
72
51
648
507
-504
-530
-223
-204
-473
136
669
336
-675
485
178
952
224
233
228
-881
44
-612
-731
311
-481
-387
-63
-305
584
565
-359
48
-491
-251
407
-292
544
-105
160
963
-830
-180
-827
-434
-699
195
887
821
-218
223
-553
267
-831
-294
-425
633
408
259
-640
-986
909
-976
92
-492
-66
821
381
32
343
599
46
515
-630
527
105
-147
685
-657
-554
95
63
476
288
17
310
559
-203
932
-670
-199
943
267
-452
963
878
761
740
-207
406
-732
-832
54
317
-107
-826
-951
18
-550
-261
-837
-350
474
159
-950
117
-63
338
-554
146
240
-37
433
671
-822
-406
891
-402
9
-751
-874
-444
950
210
-66
382
-704
-356
578
-643
565
797
-77
-284
-871
978
72
-2
179
-695
-49
-179
-267
991
-298
889
-18
920
-762
206
-811
7
942
-898
73
-237
-925
-862
333
922
859
-842
-314
559
-412
461
836
-675
-937
278
769
173
-522
132
-502
866
552
160
977
209
636
784
134
-598
239
690
236
-652
-466
-674
-805
-251
-471
239
-440
-844
-203
-699
704
845
-736
642
211
-290
607
-371
-433
-836
-664
-434
381
-534
-785
-24
193
891
-929
930
929
-863
-910
980
-363
-27
462
819
351
-146
367
651
-564
-748
-35
127
213
229
-507
-614
880
880
-730
35
-266
665
-278
-461
-792
-441
912
-564
666
-22
-587
-834
472
817
-494
-701
461
-489
-700
812
-114
653
523
29
-900
50
-566
-357
-809
872
-813
562
33
665
971
-900
623
-962
-272
619
961
-392
-893
167
-722
-291
-310
-323
297
801
-659
-307
-546
-82
829
770
642
812
-734
-319
-878
810
-938
557
-810
-860
3
145
371
-436
584
12
117
797
200
819
223
-19
-194
-754
-495
-823
38
-735
-877
158
-331
-766
459
612
-868
857
-850
-830
-711
209
680
-539
-69
14
-97
-77
-812
818
-785
135
633
747
-364
-429
912
256
-226
953
-112
830
-780
476
-895
-852
105
659
-230
-902
-586
165
60
527
609
800
24
-232
116
-560
959
549
-755
-816
844
440
-82
-738
218
750
479
541
8
-978
262
141
-820
-273
14
-902
270
-575
27
823
489
-837
423
518
819
-601
743
531
-86
-577
-19
953
582
-257
-131
586
660
915
322
-954
778
204
-137
-947
659
250
-522
-326
-880
837
-485
-321
-375
-62
711
-871
-514
-188
652
607
876
-914
-436
46
-180
216
20
832
971
399
474
-409
214
896
952
-267
975
451
166
5
-22
328
-894
-805
764
130
-701
192
-689
593
261
559
157
428
497
-733
-550
124
-283
-291
997
239
-716
-937
664
-278
260
-623
-240
391
-238
488
-645
-501
716
-475
-141
352
229
558
-115
314
437
380
-885
-67
-101
128
737
-483
-128
898
-717
-250
699
194
120
-585
567
-770
712
-57
49
590
-65
293
79
258
813
-456
141
10
306
189
-730
-220
-693
-194
-723
889
-552
390
-85
580
811
264
926
475
61
-148
-542
-659
-757
-33
-220
641
485
215
736
615
-272
-349
-704
-543
-477
-833
-225
-26
-171
-255
128
750
-803
916
413
867
-802
53
-534
524
-952
946
43
-916
-187
-23
871
-303
267
-209
-869
-614
492
752
-406
-135
-969
127
-280
6
279
-198
155
28
-769
-561
333
-19
406
303
840
-26
-286
805
626
-703
384
-261
-395
-195
279
-722
353
30
-657
92
-346
862
482
641
-324
-886
779
688
-465
901
-582
-557
629
-1
-203
-819
229
336
853
-721
-313
387
313
-649
516
744
535
963
548
345
513
21
432
-617
-351
-717
-785
-103
294
46
-622
-950
-524
34
54
469
-873
279
-836
-826
-650
566
-412
290
503
-744
-753
755
869
35
634
666
-18
942
379
-190
-25
-617
-667
-76
-450
618
656
-364
967
728
601
683
-417
928
-220
832
979
-361
471
-41
-130
520
781
414
-22
608
-415
-19
-575
493
895
-770
474
786
-103
-61
-170
-285
883
-499
-55
-663
739
-824
59
668
662
888
-725
191
661
240
-382
579
856
31
-15
-584
784
-564
704
-695
651
-924
540
818
216
-360
-315
-763
847
836
832
812
-607
-131
381
254
-45
-391
590
392
-286
293
-376
390
314
427
377
-657
399
-677
329
-574
-223
810
905
-63
-707
687
186
-331
-280
173
-607
-616
596
-784
661
-730
271
486
131
-60
189
-154
-725
595
-253
-768
-337
834
-514
350
251
440
470
-501
-949
-516
-564
848
997
-928
917
-504
498
-957
-662
673
264
929
-41
195
175
-621
-612
535
-894
-711
-713
-321
-29
697
359
-276
-927
-191
-545
796
-573
-575
427
-600
-581
-171
-790
699
-810
-724
964
-292
456
608
-926
-139
594
-862
-393
-904
425
847
714
-864
32
-974
-686
-42
232
240
658
257
584
-892
-54
-587
-401
828
-299
-733
-111
702
-869
-960
448
-223
-500
-461
900
410
-537
-147
-30
311
900
-319
879
598
545
-387
632
603
846
937
210
679
-116
-254
-193
-818
718
628
231
-232
-53
631
-441
797
-925
-10
808
-257
-30
839
790
-253
498
435
370
855
-933
-139
235
995
-986
888
428
-285
-870
-510
-112
936
571
-709
804
430
-875
-988
785
-689
-778
-553
776
-527
547
765
-537
-52
-289
-968
-440
582
-281
-128
89
-645
-787
706
-344
974
-187
-564
-327
-477
242
664
663
-206
221
725
477
396
-73
-537
848
-126
685
518
-9
294
212
407
545
-399
-599
266
451
-895
-462
111
60
-416
894
684
-214
-985
-986
751
-392
-149
-574
390
-128
766
-478
-36
-998
464
-664
396
716
444
-745
291
-525
-158
44
920
223
-773
-979
992
-208
-205
-337
-864
732
217
-372
-132
464
503
-996
-642
524
-168
734
941
-616
-944
-511
-811
-768
165
147
434
-35
-579
-716
-272
-414
-169
-638
-496
384
-626
-524
715
-50
645
-749
698
-95
-426
398
-558
-667
611
-471
241
922
-273
39
-87
-572
-350
711
-982
983
546
-605
633
398
-960
966
-923
256
-852
-158
-443
477
-613
-934
789
174
782
198
-796
-43
-89
-897
-2
709
-144
393
-191
-800
-673
-587
-553
19
-247
-718
142
-644
-876
-136
899
-857
843
87
263
465
-618
-73
-389
902
911
443
-205
-643
819
913
-185
17
773
-283
564
283
-78
-42
983
985
875
-603
446
690
-694
927
222
-437
-839
-650
-635
302
581
-935
-577
27
953
908
658
-165
919
-509
154
-286
563
229
-976
-566
466
-700
442
-420
551
362
-963
507
-625
387
-743
-393
-471
176
171
600
-584
-928
-228
-48
217
602
807
-13
-78
989
-634
766
720
260
-558
-46
319
-310
-34
-815
908
-801
-183
-444
175
897
312
116
499
-897
159
888
-173
-715
-409
344
-27
-524
-42
-847
-99
-951
-181
-737
944
27
245
-571
485
-79
271
675
-977
-947
247
101
466
337
864
757
-181
842
-481
-160
-75
776
-839
827
-165
9
344
111
-384
-255
547
527
456
-829
-804
736
-612
368
205
724
880
-163
-892
976
-219
-842
662
237
516
-774
-617
-233
870
-36
-115
-774
-542
-331
164
-516
-114
740
-784
174
-523
-101
657
-985
822
-87
-637
-806
-789
-522
306
307
-364
-758
311
-354
173
209
-833
861
-382
-175
-60
-973
538
-734
383
626
827
-57
-478
276
77
-789
-546
353
-85
214
307
-576
-824
556
613
433
755
872
-120
-719
680
504
-591
-734
777
-257
822
392
-114
-955
280
-452
595
626
997
694
330
310
178
236
-724
73
304
-860
-730
186
790
-421
-700
-141
565
-81
965
-823
151
-216
-350
-172
908
-948
-962
904
-552
212
857
34
688
-501
268
853
-461
349
46
49
677
-122
40
634
646
-260
237
589
572
910
-54
-8
-90
630
618
546
130
313
727
363
334
415
-882
438
375
-968
-408
-48
143
281
448
-167
-776
-790
-616
951
818
217
811
103
-809
499
54
17
-660
-956
-841
-53
542
-614
-130
-250
994
387
454
-964
-127
-298
75
-866
-662
-885
371
-145
235
593
-558
-869
693
12
-392
735
-693
77
-160
-755
362
73
303
-938
453
-726
-573
496
618
859
964
-813
532
966
-746
26
-745
-73
-554
-321
707
-183
-170
-944
399
772
392
-388
527
885
-830
-662
394
-918
-816
255
-445
763
-773
-944
-500
728
634
-647
615
749
181
688
574
851
-845
830
-954
176
914
838
719
155
399
-884
101
196
389
499
763
341
691
-263
-804
622
-569
-475
211
435
164
-817
-32
912
-667
-225
-61
581
-452
-479
-933
690
107
-688
383
-940
-333
899
-435
180
-392
-975
-694
884
535
-82
59
816
-813
-125
-128
-192
965
-479
-525
483
348
24
222
-866
202
-833
487
-739
-252
575
-687
-481
124
621
722
-204
436
555
260
-446
990
376
-775
-294
-954
646
-557
512
-666
652
-205
969
394
879
409
820
914
-118
-407
-448
229
-879
-97
888
-952
242
-201
48
46
424
-977
673
-403
-236
441
-206
-116
-716
-362
-361
-398
480
428
-823
-324
-660
-988
-219
414
-887
212
-748
489
357
677
707
-145
176
-611
-867
-995
842
182
204
-350
-988
-946
804
-189
248
-359
345
-999
516
89
-537
690
-682
10
-222
-90
595
381
277
187
828
-440
-820
-521
955
555
525
-540
943
661
113
763
798
-462
-684
-835
998
8
729
599
658
-831
-65
614
-625
733
-592
-674
863
-457
800
-525
709
200
-995
-931
-328
76
-160
846
99
-997
773
-573
-592
314
-493
128
621
365
884
-678
24
-931
747
345
-777
294
22
378
-329
-981
-106
903
894
760
377
162
-949
-393
635
-485
132
6
4
564
1
-150
-460
215
-525
-698
-928
693
-983
62
-313
-2
412
-47
-708
-553
392
-344
-671
-1
-968
673
-236
206
-739
886
318
124
315
599
399
823
697
-836
193
-710
-92
825
740
643
96
906
-149
603
-270
699
151
-42
-339
93
-684
918
-531
545
-331
-478
-267
-928
99
466
837
-480
-73
-675
-380
703
908
-7
643
-989
876
-155
-864
-770
-953
498
818
-560
51
-995
568
634
-153
731
-288
873
811
971
147
-537
-51
304
625
-666
-54
155
105
-572
968
802
-405
-549
988
215
595
331
-920
-542
-399
-272
905
-973
186
-469
-449
-764
-984
610
-714
-513
511
797
54
766
724
943
-391
77
855
470
-354
76
-104
-222
-119
153
588
54
754
-898
-726
-232
717
191
-675
435
-978
-569
-737
762
610
558
897
360
370
396
-625
-922
1000
-222
489
-102
-76
62
-88
531
-750
636
-428
-334
-573
-990
-458
-817
535
-198
-925
674
548
796
-682
32
952
-990
-203
585
659
427
-903
-368
453
545
-964
728
-582
-123
-635
230
871
703
30
-74
-154
906
746
-486
-19
892
889
-610
330
165
94
-473
-533
727
-313
-546
456
-831
-93
188
-738
-851
-620
248
-474
678
-129
-999
828
462
661
-437
176
994
696
350
-537
-178
125
943
-254
-372
666
160
505
-652
-984
-959
-969
288
323
392
-317
168
-800
374
-199
479
263
-253
-227
-508
463
311
451
-745
829
-578
-848
-58
267
-273
-869
-440
-681
-666
11
-309
488
-345
-277
848
60
-470
999
52
-245
-673
-586
933
-998
-136
-659
-791
422
-541
-463
676
191
118
220
63
-321
915
799
-878
85
121
-641
-968
-449
117
-153
367
519
589
-680
-691
495
1000
511
-471
36
956
-289
622
882
-833
958
-358
-608
-840
618
526
824
-271
-740
-530
-465
-749
508
-20
-801
-359
-811
-798
-378
227
552
-233
-369
85
908
-900
-938
-685
-913
731
-821
-461
131
-163
-35
-946
-677
86
712
212
-425
857
-477
723
119
136
-379
289
959
-76
-453
-800
-8
614
750
-655
429
516
-738
-498
118
-354
84
443
912
-696
-86
920
-635
855
-672
938
-226
-215
-706
-218
571
212
175
800
-8
-185
-942
33
-4
-476
501
646
366
25
-342
709
671
-331
-185
-239
-914
787
-240
971
-906
-634
647
687
-340
504
-921
-822
152
931
439
342
983
-311
482
-847
689
550
993
-104
-70
-449
702
428
-666
-892
-895
-715
972
781
574
508
-888
-515
957
405
317
-573
869
462
-524
-936
910
75
-62
719
-705
283
544
5
819
-896
-418
96
-826
-866
-517
-388
52
364
-157
105
-166
-232
-783
786
433
431
-867
801
855
445
-17
470
-779
639
144
481
590
269
9
-9
-980
325
37
-134
-592
-612
-822
897
-642
308
-91
287
-516
843
817
760
466
246
-28
616
-704
-398
422
272
-873
782
435
552
-327
-722
767
-755
-782
727
-752
166
955
-507
-785
-565
244
-114
-312
-325
727
679
661
-608
20
836
180
665
734
-602
315
27
-551
-530
198
-224
252
586
706
752
-414
-227
-707
-407
335
-187
89
-563
290
-867
-653
52
771
707
931
-218
-30
886
81
-264
-637
674
69
931
456
-634
263
-248
502
-872
322
900
991
-474
575
417
-770
-591
-662
900
-681
912
-534
-806
765
327
-216
685
8
272
-240
-620
797
-824
747
-204
868
-670
-394
-457
726
-123
372
-830
-813
-716
-530
-951
-109
898
475
-948
-814
335
-683
365
-301
-538
904
-898
443
271
-568
614
-804
-61
-866
835
-815
-576
630
-729
239
-103
735
-402
303
451
-913
713
969
522
957
-234
-187
-924
554
647
370
-137
831
141
998
-61
885
-161
-558
-318
914
-229
315
917
15
-624
726
-476
91
-126
-525
188
115
400
561
874
-692
-73
-837
193
880
-439
-693
592
-903
10
-833
127
-602
-947
-858
-614
-406
-234
-380
-92
-949
324
-284
800
-763
888
349
188
-529
923
-979
-932
-278
632
-987
-401
671
939
562
250
579
506
-200
310
507
605
560
253
871
-778
-615
-920
-236
427
-148
-311
-758
-307
-62
218
-745
161
107
-218
912
-855
-246
525
22
-911
-791
511
-28
-447
15
611
805
441
142
-858
288
286
-402
-510
-604
-353
83
668
327
238
344
-89
818
-399
754
-705
467
-307
999
-51
-136
-422
951
-60
-829
544
903
-241
245
600
214
736
340
352
-191
56
697
651
-935
202
-851
-696
-145
-672
495
755
307
629
-332
96
-998
895
-724
715
991
675
323
-272
111
-434
60
-53
707
295
-2
693
855
-691
-111
46
494
-517
-288
877
449
194
899
-252
-261
133
238
-522
-990
266
-15
768
778
-381
-452
872
780
12
-732
-274
602
35
541
554
-325
-45
-657
-905
218
-160
660
-288
437
-79
512
-875
946
269
689
496
-53
102
-52
574
464
-610
-534
-728
455
844
-528
243
-809
976
-613
142
-683
346
148
860
598
290
876
-200
208
307
200
502
512
-157
367
-271
-848
371
338
524
-979
660
377
-718
-75
443
-639
-772
398
631
-450
-484
482
-553
-617
117
-459
883
130
-662
-675
-993
472
408
-909
229
-21
-291
-69
63
-822
-164
-375
693
33
-148
-862
-776
-952
261
-444
843
-237
829
-421
-392
-36
-48
559
840
248
163
262
-751
-801
-774
371
-973
-834
455
887
60
376
-235
8
853
-173
682
-290
70
-978
-926
-510
352
466
247
-95
-522
-158
233
-275
-612
229
155
625
92
312
-244
543
-290
-567
418
757
960
-378
-24
-549
56
933
632
517
626
915
-979
176
-498
660
328
640
509
-206
-363
-342
51
316
65
222
931
504
206
240
-399
-320
-849
-739
-877
-84
213
501
990
836
958
-358
860
-906
-225
549
-994
-688
739
301
52
-336
906
-934
-810
25
454
-257
108
-401
135
325
-154
439
-167
328
-761
623
657
-241
-622
709
-978
-566
254
-552
-382
387
208
-389
-557
261
715
86
-347
204
-225
-428
-727
48
649
240
-495
-758
-80
-856
859
-676
-910
-286
257
91
-417
-131
-509
-330
-167
-367
-346
535
-845
891
890
-862
-152
-662
-726
117
74
803
-683
-703
539
805
248
-426
-744
996
-511
-421
-465
-680
663
108
-537
826
-192
62
469
713
700
-134
181
-372
886
829
193
994
316
470
252
-917
-992
255
-953
-805
673
-537
743
190
-737
452
8
-432
309
186
672
317
-203
433
-412
980
547
-503
851
-1000
43
-609
666
-177
-953
712
765
-190
-743
-365
-210
-149
-445
-731
213
311
774
-206
783
-935
798
-14
-211
32
-447
-663
160
-423
-532
163
414
-41
-995
927
509
-847
940
41
-235
95
-331
-811
-178
761
-963
-701
262
-254
-683
198
314
350
-791
503
433
687
799
-537
301
85
307
859
-812
184
921
-588
-184
-392
463
59
324
-487
146
-267
-701
580
-789
108
-604
-191
-57
298
-196
635
477
59
213
865
-377
-301
505
145
156
-257
-348
-978
-973
196
-583
-497
213
-686
-679
-407
-602
454
898
849
859
-790
390
126
892
-810
834
-690
141
-53
206
-556
263
-231
-532
-981
380
-572
42
-158
824
-557
909
191
620
111
813
133
-257
51
-849
317
-371
-541
404
-161
-223
-992
-909
518
504
-207
-485
125
-857
-31
-438
-775
-645
-139
-346
-728
-434
-87
504
-272
728
71
856
706
802
62
-881
-717
-708
969
-770
500
173
640
-357
465
710
777
-109
-678
-486
-970
457
297
209
31
410
967
-987
37
-96
819
224
-239
-95
783
-940
-229
730
901
-32
-422
396
-985
-854
19
-831
48
901
369
-559
-727
-978
638
-742
636
833
-949
-282
467
-927
-43
994
641
129
852
914
-973
74
-900
232
719
759
856
-509
965
-792
462
-921
444
963
-417
-483
935
-127
-369
-299
380
912
-820
461
-287
683
-878
-439
950
-196
-567
-564
-776
345
643
445
-778
706
662
-178
378
321
-863
38
893
-656
-693
-205
567
-747
865
-360
-985
80
-452
-164
-688
-193
167
840
60
-14
320
-358
-198
-840
988
562
-84
-82
-765
-502
-88
972
-880
706
-567
25
466
-797
-579
363
632
-415
462
-424
-628
225
-206
11
332
951
222
-549
-827
-309
-433
774
111
952
840
-980
71
-819
-61
884
483
-336
-370
440
-60
-740
-206
140
-576
199
-212
-321
-111
-886
394
829
527
860
-910
-283
522
-982
-81
325
247
429
768
798
-131
-284
-447
568
-146
-670
917
451
115
-947
-271
-629
-87
-484
-820
-48
210
417
385
913
-960
441
-302
44
-655
-826
-974
-567
175
-367
-724
795
-56
-921
-366
-629
128
185
-417
-845
-518
-58
304
832
-175
456
199
859
-547
807
-955
309
-21
384
105
-431
-977
-500
306
-462
100
625
588
-990
715
1000
47
-38
860
-148
946
307
-229
-93
-412
476
482
491
-926
-52
357
-93
629
-25
821
-892
834
-462
617
336
-55
461
834
618
860
-105
746
-2
-461
-708
-81
-154
-59
-5
-508
-591
504
220
25
284
952
-364
56
181
171
-251
42
-714
471
432
738
-55
54
713
458
-298
-319
-572
-883
326
-414
427
294
-390
-885
-364
199
671
905
431
-607
-400
-371
-226
333
431
319
-228
933
504
-958
531
759
-771
-892
-751
-720
256
-305
281
102
-445
695
437
122
-896
-513
313
287
679
454
19
554
612
-656
704
-730
-110
-782
386
-487
-45
874
487
821
126
905
532
298
786
858
-610
-157
489
869
472
566
-200
816
203
-38
-381
627
-446
608
49
952
892
-86
828
297
-984
-466
611
-321
-9
-145
-420
-550
137
-971
-759
-284
289
463
-40
-557
-987
683
670
498
-630
-711
-301
-73
228
567
-376
583
-88
797
395
-658
-905
-900
326
-635
684
627
993
164
-318
-11
760
-664
733
-734
-717
-714
-256
-97
-301
332
-151
87
-598
246
-177
918
-237
43
700
361
550
800
428
-258
-935
-506
709
-775
334
795
288
756
212
892
-32
-617
-624
-519
393
-908
-728
581
665
668
-99
-900
-797
513
918
576
478
564
776
-846
11
-673
-920
245
394
709
-30
-479
-418
887
-374
-965
200
622
636
-499
848
76
-471
767
-95
-450
459
-772
925
27
-250
-751
-615
-54
439
-925
-778
-375
-342
-181
477
-602
-845
-774
151
-9
190
-403
797
634
152
-815
28
210
-848
907
865
233
894
292
-541
-585
919
38
253
-565
822
-11
98
-713
-988
890
999
-892
-452
-604
384
212
26
819
-632
529
797
648
241
-366
-90
126
-122
-621
-988
-725
242
-970
-961
-686
271
729
795
959
-900
-83
565
-64
315
481
-351
404
345
-145
307
-615
25
136
972
669
530
-205
-503
-730
472
-591
456
-575
515
544
263
938
488
300
-45
-890
880
887
-109
749
-354
466
-868
-115
925
985
-620
659
509
-978
466
568
-497
421
-733
691
-582
263
606
-117
128
-56
922
604
-790
191
270
-740
386
-315
514
-305
203
912
533
-968
453
-488
-768
-532
730
-809
-816
334
-633
-675
34
216
-678
32
248
-343
360
-755
-892
711
100
-439
-123
-33
-551
-972
373
941
292
-474
-32
-790
838
344
-928
4
613
854
-15
680
341
456
967
-113
-431
-797
-907
-179
676
283
-432
-400
623
130
929
-766
-537
375
-435
-569
984
167
523
725
458
587
798
264
30
-131
848
923
51
529
-529
201
-431
-465
-762
508
198
511
-492
-492
545
-539
935
-36
105
-687
994
-407
-882
378
448
-110
398
-850
927
55
-189
960
-869
-336
-254
-980
-958
434
166
-769
509
-318
205
-624
-511
-640
-124
179
368
-477
-959
-632
729
266
-697
66
-174
44
317
-491
643
211
385
112
285
-260
165
-131
-349
720
635
297
-257
43
462
-649
-950
52
198
-337
212
-732
-988
998
627
216
356
-609
21
-33
527
864
-832
462
-481
-559
423
-236
665
759
780
202
984
624
-49
374
141
401
-406
560
987
588
223
398
351
356
-480
-545
-367
252
711
26
-271
-418
-56
318
-759
-543
906
-298
892
-136
319
-184
968
-832
-363
-325
-997
-851
-866
332
-218
140
-880
-873
-46
-313
-864
472
-409
-554
166
396
66
138
565
-734
959
24
796
-959
383
869
-774
933
144
-160
-670
-228
515
-764
982
944
454
753
840
600
-257
-759
132
-971
-6
506
657
327
47
335
633
-914
436
42
863
115
-410
780
-393
-919
223
266
-827
-656
-115
598
-172
918
415
204
41
-84
-897
859
407
-880
-528
-772
-16
-948
-319
257
54
151
305
933
-310
-662
-35
-230
-121
201
463
616
-69
218
-617
608
5
47
-938
319
-770
-760
-983
-721
435
-80
738
107
-965
-472
-72
821
-333
507
642
427
-669
946
-784
-382
-191
395
681
-950
-702
-244
-544
367
691
203
-404
-950
31
1
-228
222
-689
-435
22
444
-958
906
-971
513
333
727
877
-988
399
-920
984
-944
644
238
870
583
-846
-504
672
-933
-267
87
732
-401
-150
-801
-110
870
-182
931
178
-407
-288
290
32
-44
804
870
-470
-623
-844
-66
790
-732
424
-748
-685
342
365
-986
-736
173
644
-179
22
693
466
782
-473
-655
866
-210
-883
110
197
-318
-790
640
-181
323
839
714
922
695
621
961
633
22
-680
466
-142
899
-70
-316
890
130
-924
576
-664
-859
-901
150
969
-580
-302
20
270
-910
995
-949
544
423
1000
-413
-751
310
-418
-408
914
-827
885
731
341
-361
-654
-681
-218
-426
-750
-63
406
120
-297
-534
-697
468
-411
-107
552
376
-402
-813
-545
-48
-941
334
100
630
-388
625
-213
-468
-579
-303
-126
-585
-397
-428
107
-470
-66
980
504
-978
-782
-892
928
608
-729
152
513
160
909
-189
-654
83
-105
-437
677
-206
821
-646
96
38
102
-624
-156
422
-307
773
698
-162
180
546
-310
-72
-29
114
-663
338
690
502
-724
139
858
-820
-991
432
-414
-681
133
668
577
-543
-876
620
-93
850
-310
353
473
-178
304
440
-848
511
-583
658
87
-587
541
-971
-653
60
904
-662
298
-581
-536
-134
681
-548
275
200
-22
-350
-768
-962
-36
81
470
-15
555
41
-936
-519
-295
-455
636
-950
-42
-519
240
204
-475
252
674
452
-116
-733
435
-881
-604
637
-67
-176
-147
-699
-861
40
44
683
514
97
-80
906
156
-193
548
146
614
231
180
-39
962
-929
924
-684
737
778
598
216
-179
-521
48
-947
420
-562
146
825
-919
-870
-432
-466
-67
537
-669
-876
404
-488
208
-951
129
517
155
-845
-789
-466
652
679
-558
-981
480
828
-161
-734
537
619
-235
-895
163
-106
-955
-229
-789
-197
962
-734
-528
-176
-514
-463
702
690
278
533
-509
-962
323
317
-7
33
470
247
575
-453
-930
-688
-519
-919
287
-773
659
462
-228
989
-990
-729
510
885
331
-479
789
-13
546
25
544
532
978
-75
-869
353
271
320
-356
-618
636
348
-385
418
-897
559
-195
-692
327
701
-492
159
-911
44
117
-406
746
-358
169
-944
-745
-696
916
246
558
-459
-323
-930
614
-611
-890
172
30
893
591
929
-697
-937
-252
545
130
417
-40
676
-465
-636
965
732
-3
725
-288
-450
976
660
837
-383
444
420
41
-500
-732
899
956
-413
869
404
-809
-354
151
-435
-651
-120
-180
268
-661
-777
459
15
552
-801
427
-162
-591
919
696
842
-248
730
-101
140
-657
-399
-754
-326
-454
601
770
47
-357
-956
-428
944
522
-994
-586
467
-733
-288
-131
-612
-473
243
775
5
-423
-221
41
-650
696
825
29
-322
-342
-477
195
538
-700
-79
951
599
-60
69
-106
474
-294
-59
-946
390
338
-73
-50
-520
840
458
996
-483
547
368
-567
475
-935
762
-836
-69
-598
884
-72
-412
-390
-530
640
590
38
130
26
863
391
-20
304
790
428
-924
937
435
-51
464
-439
806
-890
-715
-172
-592
-265
328
223
568
760
169
412
-392
-781
-982
-756
-672
-402
-19
-598
826
-720
363
-635
460
-351
704
-387
-759
-433
944
481
986
881
607
594
930
-188
769
-881
-498
591
625
66
838
406
-95
-47
-501
-809
506
-245
877
247
-815
-54
-715
68
497
297
-919
364
109
343
-487
746
-271
519
-507
-695
-41
713
919
-633
-851
-366
66
-941
141
-678
-58
-939
133
15
-670
593
247
-594
-917
54
602
-887
-152
181
976
-32
-492
138
-194
-358
-108
-150
-110
15
-970
-856
339
-286
-665
-529
587
70
-160
-887
-501
-306
403
870
-298
530
601
513
346
531
-482
-329
304
101
-694
160
-861
-465
-240
705
806
-162
-734
-214
-22
513
732
-554
970
81
607
913
311
493
740
-90
-451
813
978
-685
-949
-806
708
225
882
-755
783
-20
715
402
-214
784
989
-90
551
233
364
147
121
789
71
163
-823
22
-125
-922
275
-145
903
-407
16
18
364
234
-594
78
602
-226
586
193
704
421
625
-464
526
-671
986
237
-491
957
527
-79
-898
25
-306
114
71
307
-34
-284
335
700
711
-72
2
425
461
963
-681
186
-758
-771
-13
-547
195
742
946
263
410
-637
392
358
-882
-611
137
-100
-977
-114
651
-617
-374
281
-215
938
135
-431
-319
-827
-330
23
280
-607
-393
-385
644
-783
133
-638
168
-353
373
-655
551
604
-586
-917
166
157
216
-479
-135
685
183
664
859
-790
-524
-759
912
-335
862
-606
-3
-150
540
390
584
490
-259
-889
442
358
529
825
818
-35
393
-543
889
-334
32
-509
-798
-231
-608
-696
699
595
-240
561
531
-596
-426
389
-860
480
-755
-840
-205
-993
-265
178
261
830
-665
-117
187
372
411
-883
554
160
190
33
112
465
842
835
251
804
-387
-692
769
699
609
216
769
872
-933
92
983
-504
174
326
-300
-538
956
-149
263
-620
234
-261
2
465
896
87
-926
38
-912
279
551
-365
268
823
-954
754
414
878
20
-35
615
627
-867
405
644
168
189
-717
-870
-198
499
146
-17
928
527
-838
-135
-450
431
-541
-802
691
493
795
387
-651
-358
-741
-891
825
463
883
554
-726
-85
-793
815
-196
-73
-191
140
-806
-296
-953
89
407
-517
-429
-800
-769
-240
621
-252
-549
-241
472
358
842
875
264
-419
-116
814
31
851
-988
-753
199
-280
743
171
740
-823
-339
773
437
-951
-327
-940
483
863
-552
602
651
455
881
995
752
170
156
149
210
-694
-824
529
789
803
-472
-537
-43
961
-585
283
853
485
-610
115
-728
751
-314
-305
-323
-6
775
-501
752
-739
634
694
-454
-564
-83
75
243
-739
980
-679
-528
386
-40
869
855
-934
-35
88
-622
-652
-909
-111
-923
-962
451
-261
293
176
-570
584
558
-604
195
-436
484
780
226
222
469
-217
-875
-459
765
-708
-619
-764
698
902
642
-559
-741
-828
996
478
689
288
-481
-216
-911
973
-303
64
-970
-574
-862
274
638
917
-187
-488
926
-718
-208
938
-346
-488
223
15
607
230
575
-664
-666
216
-997
-241
542
-98
613
-752
-878
540
-112
-421
427
637
-729
434
-226
-9
47
691
-595
-526
-501
513
176
477
537
-406
397
428
-517
210
392
720
306
-27
-466
582
-162
-403
-132
496
-232
-545
-85
-610
-118
-134
-1000
-508
-749
537
-254
-315
156
950
-246
-678
104
-491
167
136
-18
669
-728
-303
385
-406
-803
68
454
-160
-911
90
-17
-58
-628
-739
429
451
924
-236
-989
-61
318
328
437
-723
807
-966
265
809
-159
179
-937
-788
-45
136
-304
-990
-890
903
-765
-230
590
430
268
563
-718
-290
543
447
-115
104
786
822
550
583
-462
97
171
-507
484
-870
-178
298
395
-292
673
285
-266
-988
739
95
-152
-957
622
-701
-332
798
-976
742
-300
-345
-303
-15
-177
709
65
352
-976
369
455
184
417
182
-193
494
-458
-602
-406
697
123
-485
510
-98
18
872
-735
66
-21
-244
-733
787
-672
813
347
-451
-817
-301
545
-705
640
-560
98
238
-186
355
-403
-261
40
7
-377
-421
635
-22
-676
-577
-494
-209
29
512
-570
512
102
-547
-763
481
-681
-762
-495
-698
194
603
857
-707
-412
-956
158
-684
-584
635
-953
495
660
-1000
683
-376
178
194
95
267
-907
-43
242
-566
813
-515
-186
642
548
-885
-29
346
946
741
721
704
-512
631
365
-946
-214
316
-820
-650
547
752
-708
-651
900
142
387
29
771
105
-232
190
64
53
-777
-455
-911
443
594
-370
691
351
-221
-156
-713
-950
200
-430
-14
-245
-522
-365
798
-269
-110
-571
98
-890
816
481
829
387
-270
730
840
-316
-301
-513
-999
-598
-82
337
-405
-189
629
-544
-597
-887
-893
362
-553
-686
998
22
-774
-148
-878
-631
-658
-162
833
-168
-193
-300
595
269
-647
-348
-276
-151
38
-40
-629
-827
-112
-713
668
39
3
-565
-805
-340
816
-202
884
-971
-177
-948
250
-228
785
964
-153
-40
205
-676
52
-726
-188
327
-915
167
-674
-28
-967
-957
-273
97
-653
693
-132
-937
-368
-753
-52
-233
-279
570
-921
157
-281
555
550
817
-339
-424
319
-681
-505
-996
-177
640
709
693
-125
-666
501
-194
100
131
-930
-884
-382
644
312
-775
-850
119
-408
263
-457
-955
739
324
-642
-96
-869
-904
-39
335
421
-201
-333
761
25
980
714
489
-613
92
20
138
709
-759
-110
-836
921
-278
-666
716
959
-498
-376
-192
8
519
-412
615
-591
-392
604
698
352
734
-913
-136
238
-255
-569
296
702
-1000
758
67
319
-423
91
358
402
-791
-356
-836
-619
-817
400
87
-63
499
-447
296
-124
-903
-614
-905
-412
-436
-56
231
-655
88
-993
45
-576
-917
-299
-393
-188
-342
89
-679
256
-471
-230
530
161
502
658
728
-678
965
679
887
-916
755
23
-103
-296
38
843
-451
-69
-473
-290
-59
607
-144
-962
-766
-955
-384
-825
-291
237
-244
-245
-125
-515
-577
-819
519
415
971
780
-979
171
346
-885
-819
628
-938
-834
880
-362
746
176
185
909
-58
934
-557
79
-795
381
921
775
-1000
-204
-717
832
-209
-513
-312
664
-265
450
699
632
-352
461
-163
831
-119
-8
-62
596
-408
-668
293
-782
190
668
497
-20
-270
969
69
-648
705
-7
-299
987
-148
233
-637
-711
-192
241
-921
-126
274
-326
38
-358
17
174
-638
-683
12
-49
-766
22
-581
28
-82
8
-361
-613
177
500
318
-790
620
-4
564
774
-431
-332
811
32
-29
-416
-423
145
126
-2
557
638
-351
-645
227
591
261
988
-422
-2
714
456
367
621
703
394
-626
762
557
-172
415
-73
-128
-823
-119
-558
-7
332
-836
617
-902
-230
192
-811
-717
-284
-585
-153
105
-264
-897
-953
-219
-786
59
452
522
653
-631
-111
-636
752
-197
-120
761
-239
-206
200
-16
-142
-519
-552
824
866
-285
423
425
956
966
107
-243
-507
-555
921
-713
871
203
996
-541
285
725
-844
49
-683
-959
216
-756
-253
-220
-236
-251
-394
128
60
-136
673
-59
-746
917
134
-881
-415
-831
591
-630
-853
-230
-687
-735
719
939
367
661
328
-288
-159
816
-500
966
-764
-197
-192
948
725
-429
-730
595
181
977
417
49
-110
-39
-104
-16
407
-686
387
-677
-241
-990
384
748
911
-80
587
-884
-86
-182
335
961
-108
-674
-713
-460
-588
-744
-728
359
-14
22
515
435
833
919
-999
-707
278
-277
497
-594
67
-397
-961
-869
-674
856
132
-828
310
163
654
-383
953
403
-520
159
-710
-666
-397
590
-803
737
-877
537
482
-726
803
-337
169
796
760
-607
-86
272
601
-98
408
-736
348
-859
281
443
-882
605
-593
824
-625
-194
-875
803
316
-688
-864
-633
-445
-42
-914
-598
-539
-729
-351
-29
398
857
372
767
928
865
-521
463
-220
-231
760
314
-782
228
-22
-180
-951
362
240
-81
922
487
-312
-445
913
-387
674
-979
-555
332
852
-937
791
-963
900
383
-740
-734
615
436
-415
-756
-358
-147
370
974
-524
-200
722
880
-59
791
-362
71
-208
564
231
-447
730
840
-334
-147
-30
678
-227
723
-815
-21
-737
-543
-873
809
557
-139
766
895
-518
-858
-600
443
246
679
-471
-852
-920
-852
368
-483
-291
339
-439
-553
-900
-215
721
501
742
637
-266
699
-900
225
-640
-689
-587
849
52
228
409
-874
-197
584
-851
-435
-344
-587
-401
884
249
847
-661
734
85
-205
-157
397
-752
-667
-169
455
-36
563
-877
127
-148
295
871
-768
-413
796
107
-448
299
-859
912
845
33
-643
377
-338
134
-260
862
-403
-271
-825
-574
370
-351
-816
-973
351
623
-692
-755
-382
-417
-809
-788
-689
189
-377
441
499
994
