931
-296
-109
611
-862
-773
-692
169
532
-26
-906
419
881
-599
993
621
621
-252
125
892
813
-947
342
18
-405
467
410
51
-836
642
-597
-505
-451
-8
-287
906
-258
504
-913
-119
107
-589
-672
617
-880
427
-266
-130
-620
877
-939
446
-804
287
18
371
977
-870
287
-41
341
-769
737
-498
475
716
585
954
869
-527
332
-70
-592
-64
364
-315
329
-609
616
290
-451
-430
-737
-30
-747
-212
-646
947
363
-743
411
-619
-842
-833
95
710
-945
-344
547
-621
-802
783
-794
-610
972
-125
904
266
-282
570
183
-612
-117
698
-119
-325
227
-20
921
995
-791
662
-793
-234
-237
-97
322
313
-607
419
756
-368
484
-964
977
-897
595
-989
220
415
-716
49
997
134
28
713
-795
392
-235
349
540
-898
999
-218
-773
-237
843
-866
-298
-919
355
-207
-406
970
-703
615
50
-505
-536
-203
378
837
723
-8
927
-416
-251
960
795
-311
919
741
226
940
-115
671
-301
-515
-885
354
-863
-178
855
645
-966
192
349
-360
-886
-822
416
-930
428
-399
813
235
868
599
256
-875
244
-17
430
-153
-502
601
751
-690
-333
670
121
582
-85
-669
977
-650
214
915
-475
618
-278
484
-30
-717
253
53
-661
-3
295
561
852
291
900
816
477
539
998
-968
339
-390
300
-493
-58
797
830
-934
567
104
-294
19
-616
995
-677
-689
977
692
186
640
-505
-199
152
511
-763
-759
-465
-184
141
-711
679
100
-655
-135
231
-419
666
987
-335
-936
-97
-916
793
775
-968
865
413
-315
579
821
-396
158
-526
-937
-874
408
45
138
91
251
310
-214
-800
586
704
-9
-840
-740
-324
-535
935
-964
-623
832
-348
-870
700
-102
991
882
788
670
848
706
780
117
-76
-994
567
-761
932
-950
568
391
792
960
-721
106
724
967
25
363
411
495
-78
280
103
-672
680
86
932
-559
-961
207
-106
35
168
-991
270
543
492
541
-269
93
829
-198
-33
85
-41
-317
290
698
-53
-186
-744
-183
-864
-795
815
-842
-590
-938
-549
-216
914
-532
812
518
512
522
784
937
620
674
-582
-723
64
-550
-499
-214
-834
-632
686
301
-528
994
-394
798
-541
-784
412
-379
-734
561
470
-79
191
-586
-380
-55
-235
-703
-629
-126
480
514
-696
217
-661
-574
256
491
-325
708
-923
205
399
-799
-920
801
-157
280
-291
695
-64
-777
-919
-460
-732
-60
-738
-171
-940
-603
268
-659
909
493
-270
140
-712
43
-173
928
810
-570
664
-172
-649
-906
95
-47
137
-661
957
175
-957
-345
-95
987
700
514
-882
434
-424
868
702
-874
-238
827
324
-465
-357
-641
-88
-857
-477
198
199
197
-442
655
764
169
-373
704
-236
-512
379
-817
559
-968
653
-669
492
637
78
-818
214
-574
-66
353
-879
229
783
-101
516
237
-907
-877
536
-860
805
-22
140
317
516
-165
486
-952
703
837
-96
230
381
-474
-457
297
-965
-767
716
-212
707
55
-478
-581
13
3
-905
287
461
648
800
-643
771
334
623
553
-220
42
-162
127
-295
703
-380
167
-613
-990
415
-547
-158
887
70
469
763
749
758
-294
47
-72
-121
794
513
-244
891
606
-993
-384
258
577
-916
-539
-251
718
997
-700
782
949
-517
476
-427
33
-514
-706
884
563
72
-536
-452
182
478
-310
-774
639
-984
977
71
-95
-605
-382
190
837
-489
-855
229
-95
13
-908
656
831
782
-748
-538
-495
792
994
361
573
773
426
-959
642
-340
545
498
114
-160
-387
-544
498
124
137
911
984
-771
793
584
459
971
-217
275
-377
795
902
934
-969
328
-337
925
630
494
-603
713
-493
-421
-466
308
-197
814
439
995
166
-269
245
537
-64
-456
23
-477
-282
724
-448
-651
235
-548
-39
971
904
101
312
566
-859
-223
406
-663
-687
250
135
730
866
759
-727
-283
313
202
606
-99
316
557
842
-817
904
-990
294
611
896
144
457
-123
477
28
-851
-258
-452
-736
52
18
-963
-245
862
-460
-46
-157
-412
912
176
-99
-825
-791
716
753
-343
-401
945
-392
105
-724
-38
667
-661
-475
-826
-19
-571
15
-937
555
855
301
-467
-165
385
418
-471
872
660
-331
685
248
-480
-265
-338
-920
-164
636
-360
-589
474
403
50
-484
554
-276
196
-727
305
986
-703
819
-470
566
26
-234
189
305
138
-328
962
-182
575
-233
-830
-459
312
-798
663
-516
219
-7
-192
-889
989
-563
953
-541
-24
153
338
996
413
-695
-580
-66
-54
-653
-702
-169
-784
438
-869
-793
805
778
596
-880
832
887
-918
-373
-785
-907
341
942
-791
-571
385
662
-767
-582
682
-112
732
727
724
256
261
859
-127
-889
-825
-966
151
-276
113
-758
-6
-956
-711
-871
529
-868
-687
791
255
-687
-490
-7
-604
643
648
-411
459
-677
754
514
1
28
-741
97
416
-729
-885
390
-9
-110
-216
123
482
665
-866
867
-154
427
-266
948
310
643
-742
619
238
-718
589
201
496
-183
183
-364
-739
641
-174
196
82
-634
963
-839
-733
-496
-242
-319
436
-288
-162
-587
-709
281
253
909
565
-982
960
-810
-88
208
-538
430
143
-233
-842
-482
-795
-345
78
-165
-499
-540
757
-823
679
-676
631
-467
-673
712
-760
-167
-677
-67
-807
-445
-841
-335
-729
961
-356
730
-105
-820
436
-998
910
488
-834
-711
-86
458
-876
-19
-953
809
-541
131
-351
65
66
300
-729
235
-888
-326
404
-592
316
-499
834
-121
173
-671
-35
504
-529
963
-474
-80
762
621
929
780
94
354
-667
3
-613
-70
-944
262
-284
-415
-380
-639
83
204
420
861
-283
258
316
-507
793
783
55
-204
773
757
35
556
-646
978
-191
-164
410
-528
-632
-81
-183
-351
-908
268
-849
-588
327
-128
-621
-418
-949
-869
664
-616
-733
-236
2
-47
-557
-648
326
-833
704
-611
-337
620
197
-205
-586
-119
-577
893
709
-348
5
-558
-890
882
-812
351
-521
723
-937
895
-170
-954
-345
120
-329
777
-859
690
-57
-351
100
334
746
-955
-635
-487
-666
688
724
107
-661
-816
-157
42
-601
-555
-775
-754
855
-191
368
967
706
-426
638
203
163
-311
270
207
-493
399
140
-376
686
798
480
523
471
-253
643
264
-978
-38
354
845
258
-626
520
-692
540
827
435
226
606
-77
-878
176
723
30
-868
-352
-894
-608
-314
142
650
35
-115
-453
798
-95
285
-695
-273
30
891
615
-442
-876
-353
-267
-231
-343
-789
-632
-396
556
469
-148
634
-12
-186
554
929
-590
-98
479
-692
-536
-459
116
-359
285
143
888
256
-446
216
199
-52
-475
600
-529
-957
305
930
-764
600
9
-802
259
-811
-460
597
164
399
9
-272
230
647
-173
258
921
431
-567
-492
150
563
-684
734
883
37
-236
655
693
-138
701
-688
290
179
332
936
-418
401
-860
-998
450
841
161
-239
-173
-990
-462
311
-511
-899
-739
820
-661
48
-868
-917
-616
-30
174
-65
-363
746
-507
-126
461
838
876
-282
-886
331
-371
-6
805
707
-164
-412
821
-906
-937
-496
-929
-451
401
880
287
451
989
-398
898
-719
-952
-84
952
368
430
86
-80
-211
64
529
4
56
562
-532
310
129
20
-451
-201
-814
-731
182
-957
-585
-276
-83
-150
-158
-114
362
766
226
-177
79
-371
-556
-697
845
205
6
396
520
-415
-776
194
-207
-557
-413
-309
-295
550
-219
269
809
291
-849
-97
821
-907
748
932
-364
-697
964
-163
-269
-220
-65
685
479
-605
65
-999
354
-838
151
-762
200
-884
553
339
135
-143
117
459
685
585
66
-632
909
324
-837
380
950
600
887
108
412
343
333
-998
-171
985
-199
970
468
52
-371
-640
-120
-806
-626
766
-228
632
-571
725
-277
695
-116
-339
980
766
810
-850
-566
-418
676
493
802
711
-383
-145
-786
551
764
236
785
-490
-750
354
376
316
-412
993
117
-626
-560
618
-7
53
-498
939
-673
-376
273
711
-563
595
-153
75
-673
434
614
-539
-440
-72
682
140
-4
44
578
948
-644
305
555
-433
-273
731
248
371
100
-834
-290
645
823
-416
502
-982
337
-848
-758
-185
-730
394
19
-567
768
945
71
-925
318
154
-68
725
788
126
-557
403
679
378
-773
-248
930
664
216
-300
-584
-305
-352
604
-636
310
-995
-674
18
259
512
366
453
881
879
499
25
241
-648
-323
50
641
191
812
35
-318
-684
788
-45
-875
-699
-839
-529
902
451
466
-235
415
851
-86
-520
978
-939
975
-287
-54
348
-869
-984
-279
963
-241
554
-436
915
-45
-714
-880
786
859
-400
-699
896
-40
-817
-582
322
-980
-260
390
31
-260
-898
-448
-656
36
155
249
-182
855
608
-472
623
89
-245
800
-136
926
-318
-517
140
107
395
-214
-613
-202
841
297
-9
-242
717
167
923
-749
-863
191
-764
778
-521
331
306
-532
572
273
749
793
-892
187
719
145
-233
275
-810
-89
388
-908
-816
-464
-836
-934
-301
-742
-477
635
-345
-610
972
-63
195
-817
-959
-783
-980
914
632
441
431
-589
-138
-165
-243
605
-986
790
809
-580
-402
-175
699
982
47
-443
-689
-515
-334
-128
802
79
-56
712
-735
-380
-967
468
214
-969
755
941
945
-294
134
-436
358
432
787
-943
-923
-844
-191
-730
-505
-947
33
922
209
0
939
667
-447
-729
967
-409
-352
-934
-116
-66
74
-773
-318
-116
994
371
-185
686
-618
863
507
347
557
479
971
-584
96
-207
650
-950
-261
-885
-278
-362
-272
-412
-454
-69
-985
876
-933
-201
401
344
-190
-488
16
371
-342
-425
-212
838
-407
-464
-489
320
731
-606
534
-808
-80
-144
577
-812
-846
-110
-714
-12
-610
535
358
27
334
941
-345
-462
81
243
-767
614
184
-431
440
-513
380
377
478
219
115
-441
-264
753
281
-166
-686
-256
197
-77
-794
-992
-158
310
382
142
139
260
-315
714
-93
-484
524
713
-562
-227
-284
-988
-291
195
114
-897
115
662
351
-793
132
283
-511
967
384
286
-127
-288
-754
752
885
-690
-625
-95
268
-937
-471
-445
-291
290
797
-26
91
94
-293
-96
187
-105
876
899
415
-588
-220
-541
315
563
772
961
855
-902
138
142
769
363
-582
981
-14
49
-578
-532
792
270
-834
13
-605
394
-313
-90
-406
-137
465
-417
203
951
-304
-942
290
780
-755
-426
606
981
806
466
-280
-951
-969
-816
-175
-385
136
-833
-308
259
-753
-286
836
904
578
-427
-898
161
213
270
631
-84
-625
-698
-844
-748
-621
131
228
906
17
701
737
-217
34
-415
648
-722
724
511
-369
590
-487
373
-88
947
685
744
661
424
-775
498
364
-712
298
-330
761
-25
735
-540
283
88
-994
-285
115
407
-855
-454
-832
-445
513
917
-237
-436
-191
591
-122
132
-456
-454
326
-565
784
528
483
-841
-736
263
-197
-539
-389
-271
-342
262
166
-451
488
517
-725
-545
40
-388
-991
222
-758
680
-215
556
-800
83
-895
-873
-903
423
571
-401
-564
-442
273
-987
608
-315
808
-195
-518
-883
355
-598
-451
-757
541
502
201
-310
-189
-221
778
-258
945
665
680
-671
-324
-20
250
-470
-514
-588
-266
447
791
870
-438
650
483
-9
195
-15
905
-429
735
393
499
-860
-437
-475
-905
-756
-626
-274
-253
-295
342
-469
740
-331
797
915
28
445
730
990
986
-965
-882
645
-636
-369
-761
332
223
753
-655
-526
-99
374
-256
2
-89
271
133
413
-340
928
443
211
112
-526
-772
-313
168
829
-854
-678
33
650
-69
999
-275
970
563
-180
459
-930
-921
-364
538
-46
242
345
-753
108
-995
-222
718
-85
683
802
174
-893
946
369
-80
528
566
273
-175
288
760
973
937
536
86
-135
-591
483
13
174
383
-153
442
-787
-200
781
-934
-740
-650
-552
-462
-786
-218
558
178
-135
-403
717
-448
-436
205
-995
-600
-404
-554
-311
525
307
-392
238
-122
374
175
165
-53
-435
748
847
-49
350
396
377
242
-727
822
-654
53
-278
331
471
-354
-244
-636
560
953
-350
890
-872
-711
676
-11
-962
-787
388
-502
-746
958
965
322
-385
140
-58
-845
-57
-226
893
-477
-204
470
-658
951
658
413
456
229
-188
196
-320
859
-551
640
825
281
-856
952
-348
327
696
775
-556
732
158
870
552
-150
117
723
-884
-663
-44
-750
270
889
31
-962
22
230
-556
223
407
895
-337
233
-321
-676
757
312
566
274
-203
-567
372
-457
-544
656
-29
133
483
-288
-974
-767
507
864
999
-760
-366
-563
227
820
-46
-605
42
-165
-680
394
-856
319
-127
-656
166
-257
-787
-958
-247
-805
-643
-782
469
-447
-639
252
-514
646
-670
431
383
-613
-374
766
-709
-497
632
308
658
-537
604
-914
-524
-868
435
-655
-957
-305
278
15
542
-149
-701
-865
516
-381
-730
603
565
-345
-363
627
-195
234
-917
-523
544
942
932
10
-733
-473
899
958
-208
405
173
144
-836
-706
375
563
-176
-721
-803
464
-153
718
-947
62
216
-869
-262
101
174
-321
-433
-334
-767
-977
370
-24
-955
-33
15
-362
-621
281
-608
-526
-859
-694
-14
649
576
-140
-330
850
825
-706
-86
-853
-31
326
151
129
335
0
-344
-847
735
-895
391
-214
-69
-414
558
769
-511
718
-958
-987
408
9
922
75
962
-63
-279
607
920
-114
551
-223
124
1
-531
-804
-343
633
359
998
925
-995
-364
795
269
628
252
745
-523
-927
587
268
-26
659
-462
-286
-32
742
-423
-35
814
-134
-464
876
-516
116
681
-148
241
384
159
-814
-59
-50
-824
600
716
888
-997
-943
-581
-257
497
-876
506
-750
-405
-478
-288
561
70
611
-805
-302
-302
-229
830
-300
686
370
200
148
-174
-258
-566
475
-841
845
-374
197
-985
-292
651
822
565
-840
-782
248
768
158
287
470
-825
-598
-620
-305
161
796
-189
-37
923
884
-996
-14
-464
-645
-997
89
975
38
-843
647
76
-237
-347
605
150
-636
-122
195
-107
-403
-268
-690
-883
-522
189
-396
858
-105
-622
-622
-115
-87
-320
-677
852
534
116
-803
-67
377
620
727
-527
298
979
686
-194
193
490
394
563
908
-553
-205
-735
435
210
707
479
-448
-615
424
726
-871
-712
-15
-84
-830
745
801
140
-640
998
804
-264
292
420
426
190
-408
550
571
763
-92
928
-153
-605
130
307
-146
429
-505
623
758
-801
726
-625
799
-495
-33
639
-433
555
526
56
-415
558
231
-358
693
335
901
-15
-595
647
218
-266
-710
-373
430
-913
-209
462
-262
487
-613
704
-959
-417
-772
720
936
-718
885
563
516
-960
595
-337
-240
-466
764
761
-379
986
-204
579
629
559
228
-832
585
-971
314
320
264
-44
377
86
784
-981
606
-663
-249
-613
-242
302
627
-905
545
-367
-932
-116
472
-43
-609
-920
-980
864
-803
193
986
-706
333
265
820
809
-493
413
203
338
-501
780
377
468
754
417
779
-616
885
-62
370
120
-586
-442
-15
-965
602
665
279
-711
-551
708
-701
465
405
-766
-761
-643
-750
-647
6
-829
217
-653
-720
513
681
722
-723
370
162
685
597
899
-389
-314
151
866
456
655
-649
170
-276
746
-483
340
-578
325
-728
-571
-567
811
-290
249
-798
476
-448
-992
374
633
-458
-466
624
52
-389
325
107
-444
-640
42
322
-962
-894
497
-441
153
-295
827
646
829
-17
-464
930
676
-768
66
-771
159
-845
-678
-322
817
680
379
-706
-619
-858
-47
784
-258
96
-447
978
8
203
-847
957
262
105
696
-885
-449
815
-997
-660
-379
-186
851
209
-552
381
998
972
476
-472
-451
-694
-306
650
-112
372
-70
-895
968
37
-21
787
597
259
-477
-945
-776
415
968
757
210
998
29
651
-242
843
316
-190
-356
998
-79
-558
392
-188
-872
918
531
909
11
-966
859
828
633
-536
-868
915
564
-635
-162
280
792
-196
-855
180
-804
529
-370
783
-823
192
225
-896
-117
-92
676
708
-694
558
-500
-425
-165
-750
-137
560
-36
836
102
-717
-68
825
-303
487
-443
795
443
-113
302
-333
-140
-414
119
-529
130
246
979
688
-685
-443
-375
400
503
272
-421
342
-17
-64
-88
-788
340
-440
-734
-384
825
-848
489
204
-606
726
794
984
-980
-284
-460
-721
986
-733
-324
582
125
-671
-406
-125
706
771
-767
23
-600
-818
202
633
-234
-35
697
76
-840
418
-399
-222
-458
-890
294
32
474
-89
-798
-758
446
-285
436
276
135
-308
-676
633
-823
-829
-215
284
213
848
-111
-236
912
40
-98
476
-142
-570
105
-235
-284
26
-746
-310
674
601
1
323
80
633
781
-418
951
194
716
605
271
615
881
-507
-765
786
-423
-12
-871
557
967
-637
40
718
-305
-112
-256
-441
700
189
197
778
-75
-715
-991
73
320
-803
-900
-748
-79
852
-366
-963
-717
-699
-65
807
637
785
-817
755
-21
832
-210
966
-734
-520
-613
874
-393
996
-96
-390
-807
657
-368
609
938
-678
990
582
-154
-48
718
-103
-190
946
551
192
-211
-323
-573
621
-669
-107
-703
77
269
-658
849
622
-197
259
536
-718
-199
-180
449
-879
-412
112
-935
-369
792
82
-764
143
178
-87
-867
-699
463
781
-988
-828
104
-785
888
-922
405
-558
490
576
739
-539
-825
-783
896
-201
518
-98
-850
-335
-62
-61
709
-691
-80
-645
-342
-902
751
-393
-929
132
907
-207
463
429
749
-353
-263
109
133
591
-890
55
-175
683
567
976
-763
-389
-785
-380
120
798
257
441
-802
614
-577
-992
70
929
508
-573
178
3
602
109
-880
32
-876
631
-874
-334
-767
649
423
968
-956
-176
642
-473
-386
727
636
-42
587
-340
-692
966
480
14
-560
-455
-117
955
-366
725
811
-319
851
-733
-918
895
434
790
-833
841
-714
-63
500
131
815
112
94
926
371
332
358
-500
-126
-848
618
302
-325
-497
835
66
-613
-886
-812
426
-953
-438
295
212
373
-336
34
278
667
-250
-170
-768
-416
644
500
949
931
-970
171
-199
23
-353
-371
102
-318
586
517
-721
688
192
40
202
909
-587
-324
523
168
755
-918
129
-44
-629
705
-139
-446
45
901
209
693
-239
227
817
208
810
-254
514
-997
798
-189
-300
-563
-165
-72
597
422
-420
-594
-114
482
567
837
-880
225
248
380
771
540
-322
215
890
385
-7
-181
949
-336
682
138
-516
760
637
-426
743
-914
355
-941
449
-563
-907
-931
-303
636
688
666
-13
-920
-325
660
-147
-446
887
778
75
-384
-292
310
-923
27
-846
-37
-948
-262
993
-578
273
558
-141
123
270
90
-522
-110
-934
168
54
870
491
-27
-11
-602
735
-24
281
516
761
492
475
826
-26
-546
-709
584
-688
-20
811
-765
170
-467
-456
671
-990
682
-546
-167
493
-507
758
523
402
-410
348
162
283
-620
-15
855
-412
630
773
-592
516
-842
387
340
743
417
192
-806
-796
-539
771
55
-480
259
279
592
-651
-846
-692
951
-520
-87
556
-697
245
-996
-349
-443
-572
-959
532
-649
-771
-905
838
-858
-746
-230
-544
513
874
-323
75
158
-773
868
-200
-335
-878
-955
-786
-150
-985
-721
-92
326
-607
-808
-804
-939
-620
-815
803
558
608
-833
-155
318
954
836
322
964
-990
-971
-714
652
200
-388
267
528
-647
3
-105
-737
553
-134
-793
-356
883
-623
179
441
-390
-221
-7
49
-1000
707
-821
-872
-847
-847
-518
858
-94
-475
251
942
-32
-489
-923
-93
-464
498
475
194
-938
169
-204
308
-330
925
-737
853
929
-558
770
-31
-286
359
-12
-327
-216
826
529
251
411
351
-446
217
-287
366
590
696
631
-330
133
862
440
-742
-22
-212
283
-811
316
-956
560
-669
427
-595
789
23
761
-193
833
-827
722
846
798
-520
959
384
587
889
233
650
296
-295
897
-856
94
-648
906
180
623
644
350
-976
867
-838
-743
572
-222
76
-85
864
394
985
-361
235
-188
-142
509
-218
-187
-731
-554
492
-260
-560
307
-218
307
832
-822
672
-987
-783
997
903
-193
-355
-733
605
-362
-7
639
67
758
261
-633
583
-858
-353
-439
-444
-406
787
702
467
735
-920
-356
423
247
-867
490
220
-704
614
-821
339
596
-328
679
169
-593
-633
-311
-13
868
237
-334
-308
92
-969
60
-732
-859
-792
457
974
33
-291
-849
214
309
-587
-941
-619
271
-390
-39
-179
-486
346
556
765
427
759
-211
-221
627
217
231
709
-331
417
163
-179
-62
976
-913
973
831
567
800
-540
430
-15
-527
-988
-824
-14
-307
330
-835
-14
-346
208
23
-164
-44
575
-231
907
-509
-465
-686
-361
339
-382
148
-120
-583
-172
-375
-866
-161
715
-365
-926
975
-540
-691
-993
-622
-701
992
189
737
-989
301
913
-758
-432
-306
799
277
21
383
114
491
44
459
-823
-227
-223
585
-347
774
932
-658
577
-748
396
-540
759
-147
932
-122
657
-224
501
-287
-461
-953
892
-120
-739
-412
842
-169
11
213
-39
-704
-486
-341
-142
-928
-687
-533
-722
303
460
-845
260
589
-647
83
-513
943
193
175
945
412
492
397
976
-307
916
-335
-951
640
357
-161
-263
-947
-572
151
33
-430
-201
545
900
-211
-934
881
-101
89
-988
-40
-388
-503
7
-786
313
-506
-508
-849
-396
553
481
719
634
897
826
-465
-371
317
534
-631
-380
107
713
493
-558
191
278
208
699
-22
-669
631
-385
537
85
843
821
22
553
-69
-125
829
-653
-816
669
-164
-191
946
371
-642
389
-435
-711
-34
788
-612
-1
-846
127
654
-642
9
-345
242
-209
965
-355
-630
535
-499
-756
-904
-357
882
652
-355
454
544
-283
-3
770
-152
950
-501
685
-779
335
541
787
-386
960
335
722
16
-479
754
-736
-900
442
-724
126
345
283
-889
-359
-964
-629
-168
-434
-618
553
267
191
-417
253
656
-843
-218
577
-552
-301
-643
798
972
130
980
-453
618
524
507
143
-299
-894
911
-956
-489
-902
-726
58
603
-634
-135
-825
599
697
141
-533
-807
-66
-835
-452
186
-617
252
-178
-170
-833
-225
834
-800
482
855
-319
826
770
984
-636
-516
464
519
-416
590
-365
380
-57
-475
534
-483
-609
190
-189
440
666
37
944
-550
-610
-645
39
405
-979
-721
-760
676
-222
-842
626
-419
415
-283
742
966
-257
468
-902
335
-958
-952
-503
147
544
489
-830
-14
-805
-464
-258
-400
-498
-924
-878
-198
-892
409
-628
-844
775
718
-908
113
956
78
390
15
658
787
431
161
-25
317
-810
586
488
740
-449
338
58
753
58
583
-93
537
706
573
8
-765
893
-427
317
-442
562
529
-8
-990
-299
805
-873
547
-641
-469
73
461
-613
-337
-608
280
-702
-258
865
-997
926
691
339
935
-328
-139
-118
240
-339
-645
109
414
-383
-306
-498
538
-795
-993
-408
203
-424
746
-67
434
-937
537
-43
69
982
-345
-602
-556
629
-865
606
693
-731
-848
328
783
133
-892
532
914
962
-774
-20
987
207
664
12
540
881
-95
777
-455
430
-133
914
-187
921
-351
778
-657
598
-693
33
-714
-185
-465
-6
316
409
-410
99
-93
-388
203
-378
-461
252
88
-966
427
438
-302
74
-529
-366
-184
-25
700
452
-870
387
552
-930
480
531
543
-839
-559
-502
159
780
-559
555
256
-546
-236
1000
721
-846
777
976
208
178
396
634
-606
667
-873
381
-798
-241
922
504
315
-519
-172
806
438
-569
94
676
972
994
-251
-62
-267
-818
628
-866
50
-251
-267
972
856
635
712
-267
826
-43
-295
-667
294
785
320
-200
517
-497
439
-474
-751
-726
-806
234
-91
-985
253
-288
842
-496
25
644
310
-595
-79
-503
-331
-852
-921
-725
686
170
528
-636
-974
-646
234
-368
601
624
321
953
652
-914
-355
-725
820
293
386
-796
-170
-511
-908
929
514
58
112
385
-57
-387
-317
-890
291
-427
-526
916
-220
-935
-854
-95
908
554
935
428
-611
619
-359
141
-798
293
-265
772
873
857
-52
-2
-281
570
-458
676
-150
-951
-212
922
-527
615
-409
-366
968
599
-871
-522
585
-252
-606
548
-561
671
669
-212
478
-231
678
506
-118
-821
297
340
-895
455
-926
-499
633
374
-155
-287
-274
504
-929
-221
521
582
940
-292
-295
-565
667
303
-347
-613
-9
461
974
-703
-916
557
149
-749
-939
-800
-226
426
268
359
0
-10
-15
-331
-846
120
-993
-345
-713
-346
475
980
828
185
-821
226
-118
-908
-505
-416
24
535
-555
975
-823
499
236
22
371
273
82
-898
176
-847
-261
-407
-897
-619
837
-151
755
-826
983
587
547
-680
436
-583
-751
-723
-775
296
-767
-133
-177
526
226
521
-495
-378
-447
29
808
-472
-410
132
-512
940
-731
-857
-868
365
919
934
-243
516
-610
-675
-609
-554
907
-93
186
719
-721
114
-324
-89
842
929
439
-131
-186
9
-364
-430
112
161
237
994
-841
448
-369
-105
-441
-719
-107
-125
-761
-248
821
-745
937
-9
-398
801
-996
841
-37
614
75
635
344
-16
-721
-980
-534
204
598
399
908
-249
-200
988
-267
-885
-956
245
-119
360
-896
-990
-890
-403
845
910
114
982
-405
-831
-791
-947
32
-791
-98
-442
-916
365
657
743
-24
-195
-493
381
-873
242
0
771
-828
-484
-845
-68
-451
339
-396
-849
-904
-319
108
650
-45
-802
-341
358
787
812
-632
-17
-627
-698
490
-945
194
233
-634
-377
-360
484
-976
-435
199
-124
-316
168
775
-802
-619
826
473
-348
-709
-2
473
-738
34
116
722
404
766
-525
677
567
900
-490
278
215
-741
200
388
257
-38
175
615
158
181
288
938
403
461
642
661
-663
-357
-126
667
687
-290
-256
459
554
-30
-369
121
439
-757
-589
465
422
-958
514
555
826
871
624
-46
-367
609
639
110
466
669
359
-418
917
-165
158
787
140
415
276
-217
-849
369
-863
351
636
677
910
328
-643
714
-99
-377
-249
-601
-218
811
-276
-277
-947
916
335
-401
438
397
1
-980
781
163
181
205
-669
576
-911
-59
991
397
564
9
989
322
-593
-991
499
-460
357
-739
-663
-992
33
17
908
379
455
903
777
-764
-89
-589
-271
-921
-839
310
940
-558
-937
364
680
-292
925
-164
922
209
-896
72
250
-289
284
180
107
-586
-93
386
943
-674
13
-995
-232
391
-955
-409
797
-830
-239
471
-342
-343
-574
-221
-814
778
-319
-291
-657
-660
-228
-111
490
-218
-920
957
167
561
116
-34
95
120
489
-962
676
892
289
-75
772
227
-426
715
-668
-305
-361
-224
-824
-605
-833
242
-307
268
-750
-79
472
-337
863
885
-467
-179
-183
-744
128
-516
62
-581
-316
342
-490
-410
149
-907
736
501
-82
-21
992
283
-202
-69
-224
260
-510
-675
-438
-643
463
-863
-440
299
215
944
-348
845
133
-95
-327
-342
-961
334
344
396
-298
65
68
521
273
-906
-884
226
-669
684
568
882
439
-795
124
-736
-664
-170
369
-82
-275
-551
136
527
-281
-325
-297
-977
-585
-852
260
-473
-278
503
-843
781
-526
670
-196
522
434
723
677
200
-97
498
-238
-875
-373
749
-911
-473
163
-899
386
-615
98
382
524
-238
26
236
-182
661
436
-941
711
-465
-129
-507
821
-462
-82
553
80
454
327
-992
-829
153
-480
-708
371
135
993
855
140
689
941
400
574
-581
-451
-903
97
869
-701
443
-33
68
-233
535
-96
864
11
280
64
-868
-858
493
-489
558
-128
296
-185
137
-836
-205
-537
-924
927
702
740
365
-778
641
421
-532
-951
589
-947
776
963
-379
-538
-241
-303
-837
825
-983
-496
-628
-323
706
591
521
-781
726
-847
563
190
-971
-835
2
920
648
953
0
258
432
624
-90
-716
-907
-959
380
-372
840
216
-903
766
811
632
659
802
-892
-166
77
-314
-246
-324
-814
801
58
528
457
249
-167
88
756
525
515
380
-598
404
-174
-622
822
-172
-917
632
388
702
-179
744
298
-551
306
357
642
-812
-493
331
750
-700
-160
765
901
-54
-56
944
-283
-257
509
-19
-942
-7
448
-299
844
-633
66
902
-566
660
-975
54
-827
912
-852
662
-308
910
52
-875
585
-56
-134
-722
660
900
-391
561
-451
27
-465
-320
-873
-624
-536
-751
736
-819
651
355
-162
-857
836
-80
-478
-118
287
634
-226
465
704
157
-709
-915
-539
-80
-3
143
-461
550
186
155
-850
937
572
-522
-37
41
591
402
-225
98
-363
305
-758
33
-549
332
520
202
-883
-760
-485
-703
160
661
-109
-547
685
-391
538
719
-585
-408
-209
-225
602
-835
16
-824
-400
733
372
-722
615
-169
-207
-891
-338
532
-769
269
179
-270
-661
-426
886
547
-952
-866
573
197
-926
128
-175
689
623
797
296
434
37
-72
486
-781
-165
-925
-907
505
-289
963
-633
-473
137
-451
-931
313
-983
-994
-318
-750
-880
-928
-645
-74
483
594
450
-597
-68
388
393
-576
101
-577
488
148
939
69
-775
-868
734
503
-243
-603
-444
119
-630
36
-196
-529
335
-320
616
382
143
286
187
58
-316
189
-196
-318
-819
-621
-210
-906
-86
-660
-702
-642
674
-392
992
243
-4
91
-454
-894
-933
-951
699
31
-104
-755
-186
330
-6
-461
320
627
-659
-811
924
288
-93
-121
649
-477
380
-420
-685
402
-998
-651
-402
946
89
938
915
-920
946
-272
-978
-728
-14
-66
-87
840
-419
-648
-301
-181
187
926
-584
-907
-414
242
284
-631
-294
649
-476
-542
903
521
291
-329
-823
281
411
-301
583
-338
-340
-989
941
-394
-416
425
513
-286
-787
-854
-920
-921
-849
509
-431
316
-472
-405
-375
-824
-468
565
130
-493
-454
-31
-400
913
-210
-158
904
-904
-206
-542
913
377
-305
-301
635
501
986
340
479
982
-799
-446
641
987
343
423
363
649
832
878
285
995
-464
343
-83
-604
-484
974
548
494
279
-53
487
-905
965
114
-982
907
-821
699
412
-919
773
-939
720
966
-761
939
470
999
67
545
732
-847
443
662
-59
738
-998
-529
-78
-150
-367
-626
243
-409
926
469
-848
-68
-293
-145
-703
138
-68
-720
-207
416
548
544
-17
-309
635
-596
-630
-790
-612
822
728
-135
-964
-501
-506
366
-876
-475
-391
577
-193
-674
908
326
238
-790
-787
930
47
473
-551
-939
93
-752
-54
192
70
851
-332
-308
731
-410
564
-239
300
-273
-429
547
-2
540
-663
-264
829
545
-829
683
-251
-522
218
-964
692
-72
287
477
56
726
-79
-324
-687
786
-364
-944
83
144
-744
-705
-358
838
-148
-249
277
-708
371
-722
537
-410
-536
767
423
-20
938
-991
-414
836
-51
875
-876
871
297
134
432
598
-924
-131
-750
670
-913
-50
-903
641
256
629
-762
560
-323
773
-235
76
-867
778
-941
953
-492
-594
341
-396
133
716
-173
-223
-944
721
901
-316
993
933
892
-112
-599
-439
-892
-237
-476
-781
-529
655
-869
549
-234
-905
178
-392
-724
503
785
991
-101
794
453
833
278
569
874
606
-118
221
614
977
-112
-141
292
67
945
50
-463
-936
-953
-352
926
411
49
-123
-578
631
133
775
-961
-442
459
947
153
260
880
512
-660
636
842
798
-995
709
414
-718
161
-157
-688
436
299
-152
-268
38
470
-6
-132
577
346
-903
405
-541
909
183
420
705
695
-765
318
-546
-238
-295
837
335
-124
681
623
41
814
-426
167
-702
-36
-826
-702
-443
-622
-879
-837
-719
689
-904
421
274
-846
-395
28
28
-265
824
296
-800
617
160
-977
818
-384
175
-526
-836
-913
509
-166
736
-907
219
-129
6
829
-872
-610
-192
-501
123
-247
-112
-634
-155
-392
-714
-24
795
-212
424
-634
-744
-381
-770
-350
-327
950
-852
691
472
657
-461
174
267
-277
-240
-315
-33
25
834
162
-355
918
520
349
-264
-840
-799
-133
-89
-189
979
501
-127
81
319
-856
-315
-696
989
-760
-858
177
-791
252
708
-448
-133
97
-156
59
-625
672
168
50
54
561
101
983
227
-836
-414
147
-37
-305
-732
183
-371
-446
49
-297
-614
396
872
-930
439
833
124
411
928
-140
-50
747
-849
-126
-149
908
513
-862
883
-115
565
-104
388
817
964
-15
-239
759
285
230
-847
781
-899
977
982
601
-700
12
-724
-97
-437
-851
-712
-470
402
276
-140
-805
724
-598
346
-677
501
-242
-521
172
593
-393
-986
-441
936
-607
66
-965
363
-616
-604
403
-302
-813
537
-181
-991
-442
-943
358
607
847
-753
-456
649
520
-222
-3
705
232
-441
-933
-887
535
916
-999
-124
617
-84
-404
-798
-312
622
-446
-488
25
-581
256
-492
422
-5
-384
-909
-525
-300
-519
605
-363
-832
-952
640
-874
-585
-792
124
-3
-176
141
119
-419
641
133
629
569
633
184
102
-447
-991
500
602
-805
393
228
972
548
-197
48
-96
837
-948
-719
-849
-346
636
905
562
918
312
92
850
985
-587
504
65
807
771
842
-691
-283
281
-925
-92
460
-20
-189
-327
-274
-604
-132
-275
346
874
78
944
559
-716
793
-22
914
938
-322
303
619
-222
194
494
527
539
-953
697
646
627
328
903
-110
-882
338
547
-594
563
290
966
797
190
-535
-545
577
-962
289
-83
188
851
-595
780
-388
-418
-286
996
-795
-587
59
498
-754
729
162
-168
156
-114
745
-711
-843
-190
-235
-353
-945
623
-130
297
614
-906
676
342
-459
640
-769
-249
-834
942
-643
998
99
229
151
829
-39
760
-551
-793
-195
-427
-736
797
387
-660
-245
867
-440
189
127
869
25
193
-415
160
-485
687
-231
233
331
776
128
559
-341
451
-126
-981
-694
-201
-99
204
-594
67
484
-513
222
843
77
521
-991
-715
-143
508
-266
961
789
-742
312
-454
-944
-550
79
-837
-635
-52
-410
594
-363
126
-116
376
290
83
-229
105
-993
-619
940
-746
464
455
762
162
-134
640
-997
-500
-399
-725
616
270
108
-327
-705
935
-586
-85
-764
298
-762
-1
424
-235
23
-368
799
955
-796
107
180
-502
879
-819
-279
-637
27
-115
-739
-952
927
125
-126
-140
452
-225
-62
633
587
572
-743
433
836
412
-491
636
-494
-817
827
-581
-693
0
27
82
501
-431
920
-763
-141
261
-190
911
25
-967
798
-213
30
306
-516
939
-879
-560
-352
-18
771
312
432
247
-807
-247
-514
709
721
-225
874
327
-316
-573
809
-46
-90
-305
-513
116
822
887
-667
94
-921
179
-597
-868
350
760
-52
-822
380
457
195
533
322
-781
-704
188
-311
651
-266
907
-522
182
-419
824
944
527
-260
-326
702
183
-933
983
132
639
709
792
-470
181
-460
517
-576
-256
-134
960
100
55
547
-99
603
797
-911
33
-326
225
-681
560
-717
-144
340
17
-936
757
440
-227
31
-37
-693
417
979
-164
826
27
78
681
836
-834
368
763
-213
168
-545
257
408
-409
850
-979
-607
-938
-724
-772
61
138
613
-661
-498
-411
-191
107
882
634
-222
-757
273
657
-21
-549
890
819
-849
-234
517
-707
257
195
665
-845
-146
324
120
-284
-297
608
-896
-973
823
862
-68
500
-729
-582
-881
85
-448
-973
-556
-777
43
237
