790
-206
146
222
-164
-372
-714
-256
-682
570
-95
-459
-706
-107
-330
-791
-462
30
-809
-612
-15
755
128
409
477
-72
-469
410
-869
-409
-565
993
-863
587
361
172
843
678
-115
782
328
-117
341
-641
-744
-256
72
918
-457
-363
115
401
498
-826
987
-454
-701
204
242
891
627
127
761
799
431
723
-763
-48
-384
51
625
-761
439
-644
-887
732
306
299
569
264
-444
199
-800
514
-823
-575
-129
254
-685
-250
-817
504
168
-442
679
697
-291
-969
-407
915
188
103
972
-280
88
-466
-107
-1
-586
-813
832
15
258
159
-59
-493
300
926
-155
667
-165
-750
-214
881
322
-562
-193
607
-798
-884
347
-820
-947
164
-303
390
460
747
375
563
-471
551
-764
428
251
351
646
788
-325
-663
-853
-848
-545
-322
658
858
-986
-351
44
982
525
354
144
498
356
-725
-241
-4
-128
242
639
438
-136
-843
460
333
-255
401
405
511
-713
695
-388
-209
-249
-882
216
89
-891
-870
775
983
-71
-559
-929
-593
-163
-985
134
-672
-495
-631
124
106
-69
145
157
-715
-529
-610
-56
579
-681
-445
-861
3
481
-378
-823
242
763
-68
-792
817
72
588
302
-654
-94
64
-334
334
633
724
-273
-299
769
39
609
-857
-170
-1
372
448
-559
399
-353
895
-871
628
-532
-767
936
-385
72
514
-35
482
-644
-513
-82
409
-554
328
-338
-627
276
-396
-92
-179
530
-631
156
-859
825
573
837
168
642
-671
204
-949
-1000
-279
-95
72
-807
-483
526
554
-686
-367
-221
632
80
770
648
20
350
131
-690
-60
304
869
-888
298
-243
229
815
502
254
-646
-53
-486
-692
846
-626
931
-433
-615
-999
-189
299
-151
-776
397
811
-435
972
-644
488
-246
615
281
-829
438
-365
130
718
527
152
438
556
930
380
126
-949
241
-625
703
863
-899
-798
520
250
-974
-694
7
-1
-283
-180
156
70
-925
-220
274
-624
869
-766
-553
-685
-414
593
-746
-523
674
315
-262
-509
-499
-581
-587
-374
-747
-504
-889
-687
208
-905
-825
556
-494
-181
-125
806
-207
-958
414
-840
333
861
7
-238
-12
-485
-658
312
794
578
-577
-390
155
444
76
-395
602
399
170
828
-958
-275
626
-607
1000
-737
315
901
-153
-163
-62
-601
515
-681
794
189
-466
-800
-126
60
-622
877
975
981
870
-321
540
-131
-25
807
91
612
127
978
698
-602
564
-71
-633
-847
-887
-984
776
-44
-853
-394
-332
-256
-849
152
-378
-419
-472
-229
-593
-386
-626
980
423
-496
-356
-165
927
403
-866
308
568
-154
357
606
-177
414
-37
-399
566
-319
-247
-100
-144
259
-121
-306
789
-96
749
713
930
0
-601
949
-508
760
-176
-939
-321
38
619
-686
451
37
39
-247
-429
-146
573
374
823
365
-460
-199
-1
556
125
-717
212
592
731
546
34
-321
336
331
-836
-549
639
388
237
-210
264
647
-11
679
811
-550
-673
-964
-3
907
389
315
-596
-982
-945
-428
-666
-904
-858
-870
497
-158
-180
-201
-85
-379
551
-421
-557
-812
958
-348
587
-88
288
-390
-336
-427
650
-758
-232
84
-388
-989
548
396
112
795
-85
444
-276
-52
402
583
-777
-705
927
386
-385
766
-848
198
695
-85
651
901
-304
605
-710
135
121
830
595
731
-870
-169
503
-161
581
-299
-409
121
45
-232
-517
354
-969
833
78
-512
220
-757
393
-217
-871
-656
102
43
-114
-148
652
-330
-606
961
-640
-251
-188
294
-420
-740
-238
774
681
-287
-112
-721
-343
-354
-750
-716
900
780
68
-797
-911
-150
430
-244
572
-255
129
188
-347
-28
524
674
-562
338
435
142
-185
-706
-775
-284
0
-504
-705
-411
622
-87
372
400
-115
-517
734
608
-347
-974
-556
-688
-386
934
-105
987
27
879
469
-102
-892
177
72
-148
-320
-961
-755
806
-944
-63
-859
-599
476
498
-237
-444
911
-837
834
-435
58
-78
-334
-10
-886
-830
273
43
100
-565
-883
710
-963
589
211
302
407
-422
34
-999
405
705
301
-312
833
-561
-490
-395
671
261
-271
65
67
330
175
222
904
-35
-263
-447
-443
-255
-399
-608
-574
-787
-640
200
288
-608
147
83
739
-938
844
-491
-367
455
64
351
-287
545
-995
47
-651
-389
-323
-73
-31
-566
297
750
-812
-801
-324
309
-645
321
-173
898
378
24
356
660
600
-920
248
-899
-849
-160
449
230
58
931
756
-489
293
-521
650
-417
-929
-720
-241
859
-252
306
502
-744
-909
-19
-551
298
390
509
24
414
807
19
-348
563
-331
-34
27
-359
852
-127
264
-377
61
174
-768
-497
518
645
-74
-843
-643
206
-167
-269
-273
-462
579
-78
-677
-175
948
8
177
872
900
261
-981
-865
631
233
397
-237
-267
285
7
385
-324
244
-415
-125
912
910
896
-419
383
-888
229
376
-855
-703
-155
797
-743
-558
-244
68
955
-513
-629
274
696
952
-245
385
-28
731
-359
-121
323
100
407
702
-818
-39
615
-751
140
876
-640
-996
538
-60
292
-213
-542
529
316
-873
447
623
71
-701
-698
742
-162
-529
450
351
871
-328
572
641
402
760
-977
534
71
-86
767
-816
139
-358
-898
3
422
-604
71
-412
-289
787
692
662
-687
-997
881
-914
96
531
-678
765
125
-434
-388
-690
740
-340
-24
576
832
-605
390
-730
-410
-879
-420
738
-94
57
984
-636
-494
-241
-706
682
-812
-951
-161
-115
-5
20
29
786
736
-341
806
978
226
-174
-87
761
729
792
680
-923
841
645
-64
725
-549
-686
-724
-828
341
641
-441
-653
-448
372
-135
943
-784
-691
323
423
335
146
-391
982
-343
676
745
-742
-9
-113
-768
265
-841
-604
797
-957
-452
-674
773
944
122
203
697
-302
179
-308
-219
-99
-227
-637
535
-906
931
165
706
23
-153
672
890
-512
39
-714
7
689
561
-330
274
191
-803
-840
-829
-974
961
186
64
-49
-726
-891
992
-863
152
-25
490
-676
-869
-830
-883
-125
-356
480
592
534
-738
229
-938
-862
-752
539
-820
-260
700
-679
-885
-535
-181
698
434
-170
-829
-647
816
-704
946
144
-344
676
-964
37
-130
954
-360
249
-903
764
-301
-656
-756
-467
-609
361
746
176
-701
-54
404
821
-986
-789
834
-213
-280
340
724
-409
281
-740
-496
-210
160
-673
-818
-188
-792
430
-184
996
682
-674
620
-605
-18
-173
-849
804
688
130
-957
429
-11
180
880
197
-932
271
932
506
305
309
655
923
47
-474
-236
45
996
698
222
-5
-392
-124
-593
-3
224
-594
813
740
-198
39
535
911
-617
702
219
-104
158
-167
322
-65
-321
-574
910
-321
995
224
-793
-882
-361
-11
835
164
797
-108
219
-338
236
652
20
-488
581
357
-442
769
822
-555
-752
-881
-510
916
290
-497
-429
-741
-619
-972
-733
-526
-864
-710
-953
-463
289
684
796
820
567
-792
67
-739
-678
87
-302
304
-542
-555
990
-573
-383
697
-849
665
-976
540
998
916
872
-375
-679
336
-982
-226
-977
-554
-71
186
8
809
243
81
-639
204
958
-277
810
-999
-997
941
991
-848
438
-599
-875
-833
-289
685
-562
804
328
-255
-189
687
57
319
218
-390
-182
-913
-138
-198
529
-700
-458
-731
332
360
533
60
965
-798
880
478
736
23
194
-866
951
-968
-966
-146
660
-466
201
-654
865
-381
-674
-58
-838
-89
762
101
-633
-456
-896
466
-98
409
-143
-712
-56
298
-71
-236
-846
-647
7
-117
-12
140
31
-147
-686
-476
703
354
551
-440
610
-827
383
598
912
750
-293
-172
-800
60
-235
271
163
316
-847
-963
-172
612
132
676
-917
200
384
-781
-169
-516
630
-518
364
209
700
517
-798
82
-194
696
575
956
939
-18
-108
-202
-468
832
659
424
880
-510
520
-112
-678
851
414
852
-625
-13
846
828
-571
-498
54
-258
759
54
-117
-278
-434
531
-781
-676
-527
-956
21
552
-636
-320
681
517
564
-505
753
241
-734
-110
-992
-263
127
148
-738
-674
-525
-331
249
-191
978
6
503
-586
359
-65
102
-310
-18
148
859
920
953
522
52
206
795
-708
-740
-559
984
-425
-74
-416
-766
-920
868
-655
54
-254
395
956
-993
-373
872
642
948
395
-503
-796
-430
-693
723
912
337
-782
-586
564
-420
592
-235
-883
699
339
-860
963
-664
-186
-3
954
996
-137
-40
-193
913
455
-797
-411
-585
-358
-173
786
-307
687
240
828
-897
776
634
234
-129
225
838
90
-853
530
-227
45
-144
-766
854
-363
468
128
391
521
-369
-980
-649
249
282
-329
993
-590
-966
-427
-520
551
-361
983
-603
765
458
-462
-415
-465
30
-506
-611
-298
651
-771
431
143
-103
-313
88
-135
64
-60
702
-51
-640
531
-634
-374
998
920
-711
-210
-550
-353
-787
622
-969
-509
854
-131
811
597
445
668
-225
945
668
-550
-582
470
740
-638
726
-40
-464
-552
938
423
-115
-193
385
932
478
-574
409
272
-407
-242
385
-259
482
130
889
948
443
-407
597
-441
216
770
681
-710
4
599
-848
175
391
-308
-211
-184
-852
525
-627
238
342
-412
178
-228
-340
430
323
722
65
-265
796
618
815
-367
368
-515
782
17
856
851
215
-386
-156
734
-921
-228
-259
294
42
96
-463
-137
599
-521
794
616
811
792
-824
863
905
-145
747
-544
402
343
-965
537
-493
628
-6
-29
-777
904
420
398
413
-433
-24
-141
-398
920
301
344
-267
-50
-575
-527
584
-170
-985
-331
-783
952
-888
733
-802
-995
390
969
167
414
930
-359
-762
-850
533
814
453
254
81
337
852
-351
-341
331
-112
258
508
-612
255
-466
-650
-729
95
349
692
-76
-177
-61
-99
596
-499
314
512
504
-173
-753
336
-150
795
-507
-35
-363
742
170
204
-357
-256
692
933
-865
-373
-474
-791
963
288
-455
-871
-996
362
565
234
778
585
-371
509
596
28
950
-85
-349
281
35
966
-533
101
-718
317
-178
351
-403
-465
516
677
-866
-81
422
-274
227
-869
-116
-189
-540
103
54
461
939
964
-568
-739
896
285
654
519
128
929
-295
-329
309
669
-191
-591
707
493
652
814
-740
266
-304
-567
681
-958
-228
-418
718
-519
-42
-758
818
301
776
497
-262
12
-806
611
-216
255
399
-524
83
-787
438
288
-440
585
-687
-88
141
132
-573
384
906
340
-956
-179
-820
-518
-627
-748
465
-316
-477
-22
-703
-824
-469
-327
-947
-967
-653
513
290
-726
-817
-526
-12
598
574
947
680
522
-823
775
121
826
150
-7
-446
821
650
-137
590
-316
-480
977
139
759
348
359
-698
484
640
659
-695
111
-70
781
-321
798
-490
377
-994
719
438
220
556
-834
104
755
596
-178
671
371
856
-370
-743
128
987
225
-328
-933
-876
356
-130
-200
-490
149
-552
-35
502
-106
-338
-712
165
-829
850
-970
715
32
-615
82
-139
-970
368
-540
-183
169
-178
-233
528
-558
714
913
175
-460
998
490
860
464
-653
-989
-548
-595
-675
706
-321
182
-459
656
-628
-534
181
667
638
469
301
699
-145
-176
-593
424
-701
-760
-325
720
85
-922
-805
-158
-944
-421
37
-736
122
162
822
975
935
-354
-739
295
-40
415
815
482
-580
588
883
-266
-68
570
-814
640
-711
952
937
129
-515
383
246
-596
-915
329
413
-237
-526
12
157
-421
-676
822
-851
-861
761
-630
191
841
709
-97
-624
-914
920
-178
-249
280
280
-489
-692
38
373
743
-514
-646
-879
670
676
-206
703
-116
-346
-991
862
-844
770
-116
173
60
-20
482
-775
-809
384
-707
945
-320
-438
504
360
637
557
54
-988
-846
395
-187
922
-988
-946
842
-845
-750
96
381
-423
27
-331
-142
914
267
823
-606
-554
-526
-871
998
883
-968
-685
-999
-161
-677
-560
-47
-931
110
515
-418
583
180
-751
981
-93
656
-169
-872
248
-30
-488
-102
-75
-327
-406
-650
-326
-968
693
-173
302
898
91
124
681
458
24
806
616
580
361
-680
-656
314
-223
-874
403
-613
-828
-216
164
184
888
-956
-760
404
-186
139
92
-925
-673
-455
-218
198
312
-185
206
-830
-515
-330
-192
751
-809
832
-358
-255
-201
-956
735
663
-689
807
-912
616
-677
523
-561
373
-892
309
908
-665
-679
-889
795
-781
32
-542
-574
-700
665
182
665
-47
241
-562
761
604
-910
-998
343
-241
538
-591
929
-578
-458
-646
-387
655
705
727
35
768
389
455
181
-516
-849
-824
997
944
-791
-638
-935
-548
-530
482
627
-297
701
518
-775
-587
61
-677
950
-735
-175
-982
146
548
437
853
205
-941
131
613
192
877
72
-841
9
780
576
996
413
206
873
241
989
-262
-458
-816
230
-56
-620
314
-881
294
815
-265
895
-661
658
-597
-826
797
-512
-334
6
77
279
-873
-690
-79
-606
574
-713
817
-452
-151
-384
-687
-329
-735
549
434
-77
-663
575
623
-439
-640
-486
640
767
-730
894
-2
604
175
-68
225
921
-651
77
993
-629
118
-569
686
878
-356
105
-516
151
-296
-613
630
-450
-806
-247
185
442
797
522
-350
-889
-503
24
206
333
-482
640
-70
-258
-621
-187
729
-229
-84
-269
896
-103
527
930
931
285
-557
-65
-544
231
-713
96
-821
-684
-208
-169
-781
-728
-25
963
39
-495
-274
-254
363
-391
-552
304
-880
200
589
533
984
-546
393
326
-359
323
-933
-452
-206
-531
96
332
779
-106
-536
257
819
820
-610
416
305
928
-217
-133
814
-650
-880
722
113
2
43
-729
101
-996
-191
-29
-782
-469
-704
-689
776
15
185
-814
-230
910
-769
36
111
30
798
76
-76
-397
965
-642
-308
648
849
938
-58
-744
117
-448
-388
416
-338
719
360
-268
-865
-404
124
-236
-602
893
-319
371
-208
-564
-131
-719
-447
-521
61
137
650
-135
-43
-525
-565
652
-544
-710
993
674
750
-43
-189
920
755
-894
449
123
213
834
-987
941
947
-707
948
-502
-86
-27
-684
-800
629
-111
-818
-559
-223
227
-477
938
326
799
404
145
609
643
-942
-342
596
571
832
-663
856
613
972
829
227
-142
-505
-271
-225
562
-699
-876
-329
225
-811
-632
971
-16
-123
-603
-336
-755
838
185
-143
-806
557
-511
487
-692
258
-804
-415
874
969
-293
-798
356
-492
-258
565
567
40
607
448
-491
-497
758
219
-546
-311
-55
757
-114
-243
572
992
249
106
-358
542
427
242
-980
436
-499
-729
-516
765
357
891
933
-655
-733
-494
144
-375
640
-666
-681
273
-184
120
653
446
-171
-187
140
-104
306
764
-393
327
-451
108
336
673
-783
-368
397
-663
-221
-759
557
523
330
-255
-609
-178
-790
-72
-995
176
914
-133
658
-740
623
-364
-719
-972
-649
-317
523
-915
-462
888
332
-878
-888
-960
-891
-758
830
-915
953
-746
-620
555
243
-52
-229
690
-181
574
-857
640
-195
439
-780
841
656
376
455
-293
725
-733
-970
-571
-592
682
-604
441
-16
-544
970
-478
-838
565
-498
310
-857
-124
-164
-982
293
-401
12
209
246
-737
781
266
685
912
359
966
-451
117
222
-291
690
425
-806
975
205
-727
976
-82
-64
257
-549
959
250
-410
-251
839
-777
-147
165
922
761
-960
-355
221
809
47
-603
128
-940
994
916
772
277
106
-10
520
-615
-978
-424
449
439
856
13
841
-645
4
95
-58
-347
-717
-361
9
826
301
-520
-706
861
38
178
752
-183
1000
-422
-776
-748
713
-539
-473
-281
-62
519
-851
-525
-207
-688
-564
927
450
-596
-627
973
61
489
255
-602
-473
697
-619
203
146
907
637
-542
-346
-211
812
-11
965
-827
-627
-501
-273
-242
-648
-916
-926
-625
619
760
536
62
-398
180
-222
-592
20
-335
656
823
401
319
446
834
-834
-237
-348
581
-594
417
760
-882
909
-609
-480
-685
-817
187
77
-378
279
-255
434
300
762
139
439
264
-623
-148
1000
-511
-329
-401
922
-768
965
529
469
606
440
380
776
325
843
312
89
139
138
-933
262
-356
-669
-271
-459
169
345
551
662
427
-366
877
-277
-94
-814
934
-672
-197
-885
603
-872
222
-46
-498
580
544
-994
719
-801
521
367
124
-966
896
-670
682
-866
920
491
-296
-563
-106
-832
68
729
978
451
-295
-102
863
477
168
-379
39
544
-622
685
-882
555
-723
685
-479
-754
790
616
-341
794
848
715
371
-799
-845
446
-458
876
-938
992
782
-782
-963
140
283
-122
839
-80
507
270
-967
418
921
599
966
-438
-952
-188
707
734
-167
-310
-4
575
131
923
987
-301
611
393
-463
-905
-435
-223
-536
57
873
-469
-82
975
-686
-687
47
-901
-83
-220
80
-934
-592
661
202
113
-343
636
-578
735
583
-287
-934
416
-898
128
16
744
584
-858
-192
99
970
437
-428
430
-637
744
742
-982
256
-164
-861
-707
613
-503
-763
-903
-645
-416
-514
-574
825
-440
-631
-567
749
966
290
-173
-248
368
746
-454
-320
329
-731
-369
119
137
-661
603
-132
772
909
206
-632
853
82
643
-153
128
372
152
-270
168
280
640
-900
-432
467
470
-174
-265
-207
-812
455
-589
-422
494
859
-491
-916
959
466
900
108
248
738
-152
-399
443
-78
-54
358
536
-286
568
-492
-57
866
-431
74
387
-378
415
-592
643
-482
-505
801
533
-458
124
572
-81
290
-603
445
-457
-320
589
806
-593
-855
-24
-467
415
747
-911
-768
-970
-76
570
680
-537
416
-438
81
877
-677
282
510
191
-215
-844
684
-81
-738
374
-874
-193
600
-53
686
-32
351
-261
-66
151
-922
-413
-395
-220
-83
371
-981
532
60
-792
538
236
178
374
809
576
-563
-991
-810
-179
433
-522
685
-252
354
641
-253
-842
-370
712
215
864
-39
921
-610
134
-266
801
309
-201
-166
-299
717
574
885
537
61
-751
-472
501
-266
-545
257
-440
512
-613
-93
-981
71
191
-974
-130
-586
-231
232
706
739
-277
36
533
265
-732
-543
945
738
-654
480
376
-553
663
793
-658
695
-339
312
868
374
-341
-326
-514
164
-732
723
-967
821
-121
-469
741
-907
-587
656
-937
-671
804
603
404
-911
899
722
122
201
413
-553
961
-217
-728
507
-361
-161
28
-479
-588
563
-904
-62
-934
694
-742
-615
938
-984
-75
-69
-311
-833
185
-967
915
-73
-944
365
72
-749
-964
550
-508
-388
271
810
-547
-501
58
219
19
-419
85
-689
-575
645
194
49
48
247
-74
702
-373
-215
-740
-985
-77
-419
-643
856
259
-904
-816
179
217
-543
994
280
758
-158
-101
-880
-703
886
240
444
-764
-662
-295
-566
-910
-756
-334
670
700
-843
963
556
973
183
362
-202
642
280
-561
308
623
-465
-503
-59
17
-944
40
173
18
133
-565
-848
830
-400
612
659
-624
-155
722
-799
946
-516
885
-616
403
276
833
304
660
-764
187
465
470
590
769
730
410
-406
-7
154
659
-791
789
-131
-989
-253
-24
-281
-325
526
-928
-154
787
838
-960
-909
953
317
429
530
402
-596
-103
-984
-412
-673
96
-39
126
765
12
355
985
-45
208
-674
-959
561
308
652
-258
-343
737
161
-555
542
189
437
-521
-832
266
910
249
-304
358
-552
-223
-169
46
419
-19
-796
-249
724
547
180
171
708
772
459
-537
374
780
924
-371
-518
836
-498
-97
-496
240
378
-322
445
379
461
987
923
-875
820
-391
-701
433
494
624
-800
268
725
975
-692
-948
-341
-4
132
-411
-589
-475
909
344
-379
-368
119
952
-794
818
-878
-404
809
-139
954
862
-449
69
447
560
-680
-689
652
956
-552
-425
-887
78
-578
-583
-264
764
-604
18
976
-684
574
-471
891
-251
-987
-521
-797
-169
-130
280
137
-694
-650
-742
-671
15
765
764
-779
-875
-377
780
872
220
733
571
-262
-537
-64
382
-646
660
-971
256
-124
715
-54
-23
160
-930
319
-391
120
-333
230
532
863
705
604
-763
-192
-700
586
-631
-452
807
965
-199
-509
232
-532
-142
-450
-966
-775
-775
283
55
-580
685
943
-727
460
740
-409
-825
-426
-527
-693
-550
509
-735
994
71
332
557
151
-615
-714
-524
741
178
235
-154
968
157
639
51
-647
429
478
-593
-104
958
-276
-365
-1
951
138
414
348
375
-200
-225
844
-40
-498
714
-843
33
-598
517
-930
-929
-960
-582
-20
-849
155
-917
86
-974
-306
-573
676
-789
-369
-962
150
983
-109
694
582
-617
-772
355
629
-285
-255
235
769
-725
161
374
-227
-402
-169
-838
-85
-884
-255
-388
119
456
-357
935
917
160
995
46
984
-387
-382
301
963
-748
642
690
740
421
585
-245
307
-283
572
-518
22
528
-717
-294
-176
278
435
-850
121
-595
237
-446
894
-717
-701
730
352
371
-522
-108
-574
-739
661
793
967
4
-458
-389
902
833
500
270
590
-637
-916
-779
162
728
-448
380
688
-364
627
507
516
-19
111
842
841
183
-240
886
-954
-781
-185
182
-799
-183
562
-652
410
358
200
-33
300
136
-982
-609
597
159
-830
532
-383
557
-905
971
296
-231
621
-420
297
499
-63
813
-423
238
-84
-347
-835
939
-325
-210
-366
-46
-471
411
-648
-661
-361
580
-172
-799
-634
179
-519
-995
390
-820
647
271
799
96
473
916
-535
293
-808
799
419
854
779
307
-360
-628
-543
138
-662
-332
-819
577
382
-97
436
872
459
475
-420
-62
-66
848
944
622
470
-270
-719
127
-448
-278
-379
-427
-68
482
7
378
44
-955
130
602
302
-470
950
-217
849
72
-274
-620
959
-636
174
789
-510
306
689
881
636
766
-379
-820
450
-869
-964
190
488
942
-867
-285
146
998
-937
10
172
601
-317
-175
-916
-876
57
-925
-841
-424
454
950
367
542
-449
204
967
-637
-650
58
-286
-239
546
985
-156
-828
262
653
-788
831
-355
978
23
-53
387
-539
789
935
727
512
-230
906
-338
-427
734
-929
-48
-532
-906
-782
-156
771
-239
-73
-218
-633
560
173
609
571
221
-885
563
-154
-435
515
243
-324
-26
160
-460
876
-33
-817
615
-814
-181
230
524
867
-836
756
-79
-215
-489
-751
-336
-841
-915
-877
-112
-429
-28
-929
157
758
-307
55
780
818
-329
-21
-481
-911
493
-693
624
289
-670
893
788
176
-675
-303
787
-151
-893
-594
-444
563
308
-217
-720
206
124
52
606
-807
541
-444
-751
-446
300
-634
163
176
624
-599
791
631
645
-511
253
-868
463
945
578
274
-179
-521
-602
-462
-343
-762
276
275
396
514
-849
924
-562
81
628
-691
85
-843
305
954
-947
151
-844
165
-564
874
-143
-885
-570
738
148
-957
-69
257
693
923
-885
265
-257
568
709
-337
-636
642
-290
679
838
-838
-851
553
409
327
214
597
892
-884
977
65
-186
59
862
-334
899
-844
11
687
207
290
-769
-377
-879
-767
-724
-976
-755
223
31
-432
-969
-864
-588
-933
-884
913
303
4
564
-282
194
958
-411
691
351
641
507
153
408
629
102
-4
-740
-515
-171
-688
-606
266
17
-198
-468
-16
641
-277
-716
249
362
369
-838
842
555
630
-37
-561
-390
-918
-862
362
927
736
-529
186
-757
-694
-27
-743
785
-895
-250
485
426
670
558
142
-483
905
-493
855
286
-377
-111
295
-7
-534
-280
159
-890
541
-532
884
522
148
186
460
674
-181
374
-124
-504
620
-359
190
405
564
-816
-987
-82
298
-435
456
-844
-102
512
-460
-149
-885
732
813
605
-626
-774
-892
-219
-927
-228
-3
-145
511
418
-629
-964
-268
396
90
-883
-781
272
-14
-180
358
116
497
655
206
731
678
-342
-728
594
-598
-638
-467
167
-519
-369
-240
-730
643
-265
-580
-816
17
347
-928
807
583
396
743
54
541
-585
704
-875
460
376
309
-396
534
606
220
614
133
865
-635
-387
-929
-226
770
962
-234
-542
746
407
321
-673
215
-362
33
-808
717
-512
-830
928
-64
-218
-305
-289
134
-120
-772
-628
-620
-268
-600
374
806
-900
511
-843
-181
-12
340
-976
565
981
-971
162
-97
400
-916
994
-115
485
-810
501
-292
-758
-518
-837
663
-313
-165
118
97
-884
623
692
434
36
221
45
606
55
53
475
632
-32
-470
-592
918
512
-878
485
-313
655
-207
299
272
257
287
133
-938
-442
367
550
92
-685
-832
711
767
973
919
-671
-945
-16
716
-76
-79
-985
940
538
320
-164
741
-409
593
-390
-886
14
-827
953
383
-938
825
-525
-925
-530
-518
-844
141
593
528
790
-117
-559
214
128
260
-561
-426
-970
31
155
-348
-161
365
-310
-383
-421
306
803
-577
409
-990
919
388
130
509
848
254
-548
-870
-701
695
145
597
-172
-336
-814
365
213
262
969
523
-463
96
567
-220
-598
-233
-896
-820
-256
369
813
-26
-83
-347
-7
10
-414
-721
677
495
306
-914
629
-87
929
940
898
-645
263
-166
185
-816
-578
456
451
472
108
-36
172
656
54
-402
-139
924
934
971
361
-362
-834
-745
765
-493
323
509
-708
408
937
-994
240
701
-592
505
469
-673
539
-559
838
-15
838
-848
662
-582
54
-6
404
833
-295
-412
460
744
-129
-816
894
20
-893
996
643
-875
156
852
824
-751
-771
-790
960
-5
300
-111
-876
-679
201
-457
-225
-167
-993
-181
119
-605
384
-316
278
636
852
753
-171
660
-843
490
-195
389
-488
153
922
392
-150
-292
103
-139
340
157
161
-761
153
-412
-340
-354
-310
385
-462
-497
548
-155
-978
-537
-289
-167
476
554
504
64
934
581
-488
151
-421
745
-290
-785
-639
-54
199
-297
-848
-855
-998
991
28
-202
298
767
-571
-816
680
-968
868
-813
-89
-788
546
471
-400
484
-563
537
703
161
26
-252
827
-571
838
604
-115
-172
-51
456
940
102
78
40
411
-127
-353
424
431
-676
978
325
348
653
109
-972
-239
-918
-302
-315
-747
75
266
-542
597
-573
31
-240
102
-972
608
537
128
-628
-810
456
-602
-443
-428
-346
28
34
-55
-565
993
192
-760
349
-972
-926
813
-869
916
-837
-125
-67
-237
62
-866
313
936
430
777
899
-11
499
-187
-133
-210
-18
-446
686
-887
820
-833
404
-192
-559
-984
-124
925
309
930
-854
786
-915
426
-994
20
226
-979
-104
649
40
801
192
-273
752
225
382
-274
-868
615
187
524
619
-701
-439
615
-999
-72
738
-708
-878
972
77
-133
-578
103
-761
-205
-473
472
478
-866
-477
227
562
-208
558
169
165
-41
-91
514
-599
-718
-860
540
153
454
-776
85
959
22
749
931
-598
125
-567
-58
582
778
-976
942
980
169
-194
439
-963
-48
-865
577
120
-753
45
-408
-712
-155
-942
-673
436
-538
-26
-925
323
-680
817
210
442
-558
759
-165
644
-488
829
145
843
990
-812
-400
-400
955
959
-56
803
-364
48
-335
797
-93
-571
647
227
20
-939
707
-134
415
744
-101
566
-712
574
-956
255
619
228
-601
-483
654
77
406
77
128
-181
-312
-322
810
628
-415
-114
682
34
-371
-22
-707
355
978
776
125
889
402
809
-373
595
-201
-43
-22
-912
667
-460
-935
668
-117
-961
800
-509
-744
615
-132
143
290
801
-707
293
103
-166
-947
120
-644
-492
-337
709
-325
-343
-582
-822
309
-668
-893
-418
-403
895
-990
-759
-404
187
-347
228
-660
397
637
-674
967
324
538
-702
651
-307
-439
132
-920
-371
627
-666
165
251
-69
-492
175
383
-304
974
15
495
637
-812
550
-352
351
296
403
-540
-503
-196
259
-411
-358
-445
-811
-545
283
147
766
-804
-339
266
102
-247
292
-460
-95
-463
240
-640
442
78
262
-897
479
296
413
-422
395
324
-792
320
144
-221
164
62
154
264
883
249
-90
225
-565
947
416
129
537
-180
815
-544
-491
522
256
773
974
491
-351
323
600
-477
-419
-873
797
775
856
721
-435
-930
201
627
-496
-120
-502
-105
-166
-681
657
-897
-671
-516
-754
599
-127
-971
357
283
-658
968
-751
-269
-891
-153
124
-913
97
-706
693
470
588
441
-803
-928
882
-562
55
728
130
827
-356
737
65
-739
-357
144
355
13
342
-116
-544
211
949
-931
-404
917
750
-713
160
-883
-231
-208
970
-770
-280
787
-936
523
-314
528
-175
407
-857
855
-564
-10
-529
-11
664
327
-270
681
-690
962
399
78
457
652
404
-178
736
-380
-905
75
-138
402
-385
-89
652
777
666
832
915
30
686
-570
599
-320
117
788
277
-543
181
-90
965
747
567
-509
-952
14
113
64
517
39
259
808
-762
-320
-260
934
407
925
-849
675
-747
-327
776
484
-541
-118
529
-499
950
-831
392
-388
-518
-660
-121
515
-153
323
-176
-509
-865
906
-227
-163
448
-24
-567
-494
275
-494
-130
217
465
67
781
937
456
-303
385
321
500
465
-223
22
-119
-157
894
-774
-250
-370
-334
768
793
-936
-635
715
673
-56
719
-80
-551
-612
-73
549
285
-674
-352
527
-974
-441
-446
-447
-651
-511
836
198
-929
151
432
671
-681
-431
-16
479
-343
614
-405
-258
-159
-559
238
5
-390
599
-396
-841
129
-886
-221
-406
-893
-914
-245
-126
788
-149
-154
-607
480
-185
-435
982
288
-724
671
574
884
-573
-818
-125
-774
16
361
-433
-767
975
711
-646
838
715
809
125
-222
251
-156
97
-462
-749
-633
-793
-336
-690
645
-363
783
883
-56
130
-373
-379
-538
536
732
525
257
-616
817
13
818
-19
117
-938
547
-220
-175
-685
-479
-567
-598
725
174
-850
-510
237
-957
-694
-751
-579
-913
256
-766
-419
-809
-156
-154
656
-985
-724
-799
-146
379
925
600
-647
514
85
-785
736
-442
364
513
-917
773
774
-133
-64
-708
487
317
-576
-703
8
-344
-504
54
106
-918
251
-821
-389
365
-295
183
653
-409
68
-943
259
727
-180
208
-438
-763
425
804
965
-963
597
-515
-36
707
134
724
978
803
-208
965
-284
634
-574
561
-968
177
-832
121
651
-110
-781
-695
320
925
707
370
550
584
-275
688
-606
-342
-354
-385
-160
-485
539
-160
892
358
-716
-939
65
-719
-843
-654
713
-337
343
748
-752
287
820
12
-842
412
-461
-386
836
785
-721
-175
225
-462
443
-685
-77
-125
562
-559
575
750
-879
169
680
-133
-5
366
-524
636
-56
828
-335
-863
-786
371
-770
758
728
720
122
-689
-115
146
636
-400
894
859
-841
-560
86
313
-313
128
-882
-55
240
-327
-315
-884
-289
969
190
-796
-110
-380
981
383
-901
903
-473
845
-106
-296
432
227
948
311
-959
-458
-44
-639
-757
194
-414
966
778
947
934
714
268
56
120
909
-58
-434
551
-823
468
731
822
727
-79
-317
60
59
466
739
-210
857
593
908
439
970
740
-40
-351
-696
-216
608
915
-634
288
852
-735
788
-289
-911
191
407
899
912
290
501
378
685
-567
-320
-850
-634
634
-754
-598
230
731
55
-967
-881
-151
-574
-563
-207
-556
359
928
921
-701
14
472
860
-813
-947
17
-950
-246
-926
-191
-762
151
479
754
160
-403
-164
-985
-948
705
646
867
494
-366
269
-677
41
-552
-561
377
-67
-191
-551
-759
-720
-467
-135
605
450
-467
832
274
622
-295
-782
988
810
840
-688
272
16
865
-68
639
-863
870
379
486
280
-343
172
339
-981
-373
-30
-428
823
799
890
-662
485
-107
-613
786
8
468
59
314
357
-996
-549
194
-621
267
-427
-400
-239
863
-942
-397
-884
836
-807
-122
193
-132
176
809
-688
-32
-115
-368
-226
551
715
-581
234
-271
834
988
-528
139
775
496
493
682
-508
-798
-64
-126
483
-106
823
689
48
528
24
-619
735
705
-332
-312
18
803
159
-965
336
-374
-584
773
-601
-488
308
107
310
-629
-784
-439
-843
62
-846
72
248
148
664
658
578
953
173
754
102
-308
-30
-961
370
123
-622
661
640
-694
-129
459
399
-50
907
-966
476
-212
47
-520
243
-489
777
722
214
464
836
-183
686
-905
-673
-819
-474
729
-939
723
842
310
579
-428
-881
-598
-665
-131
85
633
286
-751
77
180
-253
-725
-329
-791
-166
616
-221
364
161
-230
326
995
-27
-341
-547
-309
951
788
509
328
954
308
757
375
825
326
894
-702
989
-748
-44
-799
-984
-140
-871
913
156
-150
-104
-192
-930
7
943
-699
-330
-952
753
-646
-595
-361
-920
-799
988
-239
873
-14
-550
248
-591
950
69
-374
565
429
-992
868
-788
-163
29
-728
181
156
-970
-872
-387
471
744
682
-655
125
454
705
441
474
398
-572
-93
497
554
515
-806
-311
-896
-796
-50
681
-346
641
-205
-475
-605
625
-783
-405
550
-816
650
314
-646
294
-332
-311
-26
-45
418
555
227
-159
446
-143
-96
429
-91
406
-235
722
-126
-825
394
-752
-954
-582
-408
-543
392
933
553
-974
-583
908
-124
31
852
549
-380
836
421
-728
-805
406
-282
-141
984
406
-287
-682
-945
-824
-60
533
49
865
678
-516
-266
965
923
762
776
-135
-358
959
648
30
197
-206
531
285
-260
-125
-241
523
-85
-165
-325
382
-243
356
-308
127
255
-55
431
-155
463
-891
300
598
-17
993
-278
-612
492
-925
-74
60
-200
85
459
615
-509
124
-471
337
-919
223
-838
506
-37
-471
-977
680
-105
-698
-458
-62
-952
598
-630
-643
895
-251
-324
763
-866
-142
-780
-379
699
-666
-426
473
-332
-945
-698
330
-624
100
879
-232
-26
905
425
-907
804
-299
-608
964
220
-181
296
-781
209
-916
817
-906
-260
-25
813
792
175
-857
-284
-125
524
-943
-3
-567
-969
148
783
900
753
788
-974
-34
813
255
-581
-702
-325
371
-667
799
-45
941
156
-799
-260
-707
-4
402
568
378
732
-97
139
-157
-248
423
-999
-181
366
793
910
197
117
-647
-783
841
-594
289
-47
874
-387
888
-110
364
930
-270
-806
673
-265
72
360
409
933
-879
342
-495
-54
-391
-230
-974
75
950
985
847
-998
-59
123
-420
224
-666
735
885
-258
48
-623
-329
-307
829
747
-324
-857
-866
-336
-752
667
871
373
141
-637
43
166
-839
-76
-990
253
1000
-11
-105
153
-618
-149
465
-701
862
513
959
129
938
315
-527
-851
524
-67
763
-905
464
-471
420
-896
789
850
-994
554
630
-583
-134
-501
387
-294
-431
-318
990
-110
-400
-302
-844
906
796
372
-108
-106
589
238
-929
32
737
364
333
486
-354
132
250
332
125
-383
-67
423
960
65
93
-8
-780
-11
862
240
-278
-149
-473
-7
-491
-799
