1
-759
501
-140
624
-850
861
-974
-216
-543
973
335
-112
352
-168
255
-662
927
-303
-649
151
-622
275
361
972
-74
142
874
917
-748
-775
658
254
54
-884
-839
546
-557
149
725
54
-620
-875
-152
-760
-118
-655
413
-321
-328
867
299
425
-999
-38
195
-682
-961
190
968
-911
-173
-438
185
-188
-778
919
619
-721
-188
-118
-523
360
183
524
-354
-337
16
-264
653
-173
60
121
44
-493
-775
654
-812
-851
-791
-628
-72
-145
97
-163
-852
-176
-932
-52
536
164
728
-582
-468
-270
-611
-269
-417
-325
189
-669
-476
-472
911
699
-367
574
-607
805
587
79
-542
-895
-85
895
-397
-678
-255
607
731
-718
840
319
612
784
-158
-310
-133
-383
-415
-314
-93
348
630
996
-702
-25
-622
789
-416
-134
892
569
741
338
-27
550
532
-172
125
451
943
-139
-861
212
992
538
-418
-992
881
-19
404
-703
-880
-720
-14
242
-260
202
528
-732
-920
116
281
-677
455
-153
-917
-381
-878
-386
-638
784
-504
12
537
-458
-527
431
25
-93
357
165
844
-2
-591
-356
246
909
-212
-114
-725
-910
165
-339
882
-201
991
476
-788
939
-389
-215
335
650
-288
-236
-69
676
-214
275
-949
-234
-411
447
251
-176
-129
-907
-346
939
365
138
-994
998
266
-833
734
-459
230
-358
-4
-259
-750
589
-256
-700
727
961
-379
-286
97
289
-433
-189
43
751
-729
299
-189
677
759
-274
-826
-819
897
-629
755
-15
279
-246
955
458
-365
-834
973
222
706
-987
-119
-494
741
-436
833
-800
-106
1
-750
-311
517
-879
-986
-861
753
117
840
-803
-618
812
763
-442
-122
570
-17
652
-119
983
255
-690
700
11
-190
745
-13
-898
-321
39
513
-18
151
253
-500
467
622
-433
672
-869
349
209
-437
-150
-344
12
-385
-765
-203
569
-996
-340
70
-781
-780
-160
103
-818
-913
-805
-379
-512
-99
-857
-479
950
-938
-300
-215
-451
237
-277
563
-158
-305
-950
521
-435
-527
-901
-137
-139
185
-753
29
940
-347
-271
76
25
-462
180
611
-653
22
67
-822
935
-631
812
-394
101
642
839
353
378
937
-190
756
689
-423
-698
15
348
779
466
715
-651
-474
-374
-976
159
757
855
-157
452
62
194
-165
782
750
-397
864
-769
115
954
-71
316
426
-457
-113
-911
-743
366
205
-631
345
-507
-426
955
777
-431
39
-159
-269
37
-352
-411
-655
-448
-720
-946
543
-179
-784
-618
979
797
-323
-522
259
5
736
988
822
269
-144
-487
-15
98
417
538
371
-734
395
49
73
-582
-449
-673
-600
-862
98
-826
347
-757
-887
394
143
221
-941
-280
-630
664
-208
561
401
-455
-626
-937
-232
-343
-430
-20
516
-649
393
771
815
-580
606
-722
-574
-402
-61
971
-275
76
62
-330
660
-195
836
507
423
-996
-406
-770
380
-38
-748
827
-736
772
357
-23
767
865
-541
-601
-91
-307
-85
-629
-890
-573
661
755
956
838
922
335
-189
-267
662
795
-639
758
123
225
673
2
227
119
156
-135
-39
-306
392
-954
916
272
157
-733
-585
-753
885
825
-205
297
-394
-1000
125
-763
-389
-389
667
-693
-3
614
-706
560
478
-512
-972
464
399
-412
413
-440
645
-620
-690
-773
740
476
-53
-348
-51
613
896
-544
353
463
148
69
-181
-651
649
225
-307
421
914
-181
884
-541
291
-655
914
18
-257
875
-45
171
462
623
-849
-376
-397
181
-44
364
865
344
-34
-896
-322
-347
50
748
-761
-489
71
770
172
-511
610
283
500
-336
475
-802
349
-103
799
453
714
-622
539
-557
-635
-761
704
-402
839
-387
864
947
33
-869
-278
-286
-873
-26
-496
931
383
640
-58
583
-561
139
-398
-428
894
-816
-734
474
215
809
757
956
126
572
584
192
712
498
952
180
-725
99
434
-596
-184
963
-501
-707
-516
-736
-649
865
117
977
-256
2
280
81
-125
-74
-995
-64
619
442
538
905
150
-825
107
971
-627
26
-302
750
634
-226
-894
-974
-675
-269
-882
-675
81
374
185
479
568
-328
47
899
850
-123
658
804
-142
957
-607
153
-654
85
-560
993
299
109
554
525
31
-178
986
94
-584
452
136
-365
548
888
69
27
557
472
-251
-182
-465
444
276
818
959
-625
353
-143
285
267
755
-349
-468
19
-954
985
-125
921
-397
-491
-97
-784
677
-181
465
-701
-307
-441
-61
-81
-582
350
501
-729
-381
677
245
-910
-997
-715
344
720
648
288
-178
268
786
975
308
-717
72
915
370
-954
18
-790
-318
239
-292
550
12
-986
764
-31
-885
-455
-975
-708
166
-398
486
-4
173
124
-587
-267
992
-128
945
10
-656
-272
-192
-566
519
94
547
818
-142
370
405
567
-959
193
369
654
-417
-93
-652
-795
-467
614
98
-601
5
739
962
-483
-355
-662
900
403
945
381
263
-507
944
-693
-940
234
401
-592
261
472
-562
866
518
-757
-436
139
-429
-107
-415
-729
279
545
-250
-636
928
323
-733
273
222
258
-403
201
-376
38
592
943
187
61
574
-972
830
740
399
406
-444
159
154
293
-884
-233
694
779
762
485
754
860
450
-259
127
611
-298
785
-446
-93
-979
168
-773
423
-425
-276
543
-626
590
624
-844
267
-781
392
-7
46
-174
964
462
-59
898
-484
-898
-623
161
-974
434
-856
-35
253
787
624
-508
628
-990
590
-116
-991
-976
354
-838
44
583
-229
-282
-52
282
-957
-477
-945
426
-800
929
547
149
377
47
-821
-12
-773
674
708
-182
570
-230
809
215
438
975
-765
-113
-579
-436
46
-147
813
-188
133
169
811
-750
-670
-708
694
-796
243
374
808
412
-201
419
652
415
-910
-38
-517
-943
-394
497
-456
-212
-760
228
-949
-29
-873
-777
674
-284
-714
-290
768
750
-249
-326
388
-100
970
-669
723
57
140
126
-396
-588
-857
-469
204
-922
-641
58
-998
-669
569
76
-433
-726
-979
115
-479
-982
573
955
237
745
955
880
-23
-420
950
287
-698
661
295
259
132
474
-510
-774
-686
431
-808
-945
936
217
577
-419
770
-293
771
848
929
313
569
178
134
101
-868
788
667
-194
538
-615
297
160
788
-822
563
324
-176
-45
-838
237
324
-432
-831
-675
79
-416
-388
838
-828
-528
-273
957
563
910
-912
491
846
886
-178
-970
63
-961
542
546
287
-492
105
-616
387
-847
281
298
-775
-434
502
351
-860
-526
-233
-507
-280
-212
-6
105
435
539
559
807
735
597
157
-330
-649
774
355
232
863
789
189
-946
-212
-14
527
558
-137
133
459
579
-835
-697
127
622
-71
-845
380
290
128
-495
853
-708
-413
343
-417
-224
-992
-181
-567
-730
-655
268
-240
344
-342
-62
593
850
8
223
-139
214
265
960
-568
-140
-853
-88
-439
85
605
-601
361
115
-26
-552
-639
-339
64
500
632
22
677
-495
-693
-249
537
945
715
-720
395
-656
-336
163
-642
-823
934
-730
526
143
383
853
605
-146
-114
743
-412
326
932
249
-383
-178
-745
26
-191
703
852
78
-519
-183
-38
-439
-244
-428
-277
367
218
469
965
-126
376
963
-344
-536
-893
-81
-662
-227
583
-262
-750
-515
369
302
220
977
264
152
-220
926
244
-253
257
981
-430
-96
927
-964
27
-762
879
477
569
-203
-446
-440
-385
13
-942
-432
-56
784
-744
-424
612
543
-374
127
-314
521
-473
789
512
-777
353
446
-873
-706
-951
434
995
-623
-661
-26
771
-257
-667
996
-109
995
613
-441
994
-275
855
298
-331
-734
859
20
-620
-165
95
166
-751
-864
284
-188
773
-411
857
222
-192
580
-240
132
369
-195
-922
273
-457
-612
-651
577
796
-895
115
-430
-441
677
-459
-907
-481
-730
989
721
-429
196
8
623
-554
907
-294
920
601
-58
-574
994
923
-323
-881
-405
-284
-271
-483
89
689
-952
-95
-782
340
802
147
164
-557
-116
659
-777
-71
744
749
-80
-21
708
508
696
860
-625
653
973
-149
-177
-530
-186
-40
385
938
223
81
614
508
-227
-325
-143
335
-433
67
366
777
3
-503
433
-813
-540
222
-472
629
282
-708
-584
291
449
-244
772
711
656
-783
65
-221
251
16
-445
-571
236
740
-645
56
-938
-599
401
164
-501
530
766
585
452
372
-933
-726
773
856
-473
-277
71
-128
177
20
386
-20
680
12
-784
674
-972
-778
888
-310
562
612
-274
-289
-278
-241
-5
935
-967
746
-538
158
269
-308
-467
635
-336
-356
769
-626
399
-261
329
-986
-201
-370
-999
-911
-846
272
613
-80
-717
703
173
464
94
339
798
-857
-646
-186
-583
866
-898
-360
-324
672
-755
-889
-628
-742
-809
-906
144
-758
-562
647
-242
133
-707
232
-731
-357
-262
656
756
479
-997
-476
-98
-811
-11
665
-462
117
549
-450
-354
-818
-846
-628
-294
-377
921
-198
-707
215
-886
326
19
-277
520
-864
-540
-160
-768
74
-571
-584
941
856
-637
-568
-917
261
-738
161
-383
976
-526
279
471
-249
407
884
438
-972
-947
384
582
-718
710
-716
-85
-645
-867
-262
-524
-317
-847
-653
-290
601
678
363
-401
-166
-450
-648
581
-610
702
543
245
-353
-661
368
812
-201
704
644
371
-292
-817
445
395
-995
-196
-236
-655
363
-599
-546
796
-698
987
59
-897
-4
-945
-616
-984
160
-137
762
-218
-90
935
-942
-719
982
34
123
-874
476
934
307
803
-674
-398
-178
90
-735
91
809
-589
617
-914
-150
-596
483
-308
-91
267
-238
751
-165
405
-769
-963
-935
617
508
-830
565
744
-520
-896
90
-254
615
164
805
-696
911
-371
-388
830
-9
-200
-386
-946
-507
393
922
-608
831
673
758
-949
-987
-452
816
-415
-67
-201
967
770
-496
576
-131
-61
573
-756
-327
459
-648
-841
68
616
-916
825
383
378
-808
40
531
-889
-650
623
977
-622
-512
360
-622
621
910
-507
-534
352
-661
940
38
948
-123
60
-248
316
-673
458
157
-635
700
-951
614
-437
401
-521
-610
757
785
978
-64
-212
299
-459
303
-753
-342
783
-494
-320
666
-820
-456
-229
-54
-987
373
-120
918
63
-722
460
782
-862
-478
191
-582
487
-384
122
350
10
130
76
-768
793
-51
705
-431
426
115
557
149
582
-71
938
585
597
-36
376
538
145
-323
762
37
685
315
702
263
256
582
779
2
-961
-21
-546
300
-825
410
-763
722
544
-428
-908
-228
-19
618
-897
-829
457
-627
77
95
488
-490
120
-33
-380
-639
-254
845
-933
-327
-165
238
613
-440
300
-924
314
485
-767
-727
-941
-999
-454
828
-66
660
70
-64
-809
-30
150
-648
-978
367
-871
517
-219
-731
378
-376
-302
-560
-188
-282
-235
-50
609
61
772
150
-525
-887
901
-466
300
792
-992
-52
-836
123
757
-27
716
266
-555
-229
-720
-996
-852
360
993
23
674
-492
321
-291
-117
744
-704
176
796
408
134
-815
493
-145
-820
-798
316
-443
51
460
-850
689
786
64
-386
-544
224
702
251
-642
-426
188
-501
-230
293
780
752
-379
869
69
-462
182
-243
-77
131
667
-181
-456
-285
440
-850
-161
834
283
-464
753
-741
636
-114
11
578
-178
-656
-164
-285
-550
4
551
513
-558
-406
7
906
-514
563
945
318
-256
-649
120
-388
-740
12
993
521
150
572
909
-424
370
378
172
929
234
842
256
-513
-552
765
-737
520
274
615
-434
541
967
842
740
-468
-313
716
-189
863
-545
-695
135
-833
362
193
-91
-306
-398
944
-859
454
65
-834
-199
-619
544
199
811
952
-845
332
568
962
-273
759
-847
-935
-629
285
-707
-406
-108
107
940
-902
601
202
3
581
-162
64
658
-610
586
-121
-105
970
682
281
289
-656
-975
624
-172
-576
630
613
-113
-261
778
-124
462
-299
963
-536
936
3
407
-173
-78
930
-55
-737
365
45
337
973
751
198
552
731
1000
775
68
990
489
375
-119
938
-210
-524
840
332
-692
-844
-609
594
13
733
446
423
124
933
-399
276
-651
601
-876
361
-634
477
-438
978
-31
-624
-24
-567
-635
-722
995
-502
823
73
7
113
119
-471
-841
12
454
-930
-223
-80
453
256
403
-69
738
-839
-897
129
807
-375
143
-99
477
-9
854
825
224
-498
787
-308
599
-723
498
607
-202
875
-658
868
-713
-1
-91
-804
-564
-325
-809
408
-80
-942
853
63
-482
340
423
817
-899
911
-706
-460
634
-766
-438
288
934
-823
147
212
848
-363
740
-789
637
123
-703
-923
-1
481
587
-603
-155
405
961
390
623
-392
-545
4
-667
-591
-498
936
732
-112
-17
563
291
563
-498
902
677
-764
91
-891
379
170
421
-763
599
643
-918
-565
383
-882
-721
32
778
-344
615
-838
800
397
270
645
-865
-990
333
341
926
-405
970
-408
-634
-120
-703
719
786
979
-271
-233
764
-363
-999
-848
526
444
-744
-621
-982
-379
-47
-372
-463
-836
784
925
97
-900
-171
-122
-89
902
533
-916
864
860
682
752
157
2
616
-946
-390
-640
466
-773
-661
-311
796
-957
-139
-583
-123
290
-828
607
726
180
18
503
99
627
-39
-150
843
473
636
64
582
353
-447
-705
-51
-101
-995
-949
344
44
-26
-748
222
678
783
-560
-906
605
-170
-142
-355
623
107
640
-428
101
-949
-726
24
-645
970
-35
536
20
719
475
714
-61
-90
299
523
946
403
-900
-341
-450
-221
693
-787
-31
626
-810
402
13
-273
-896
500
927
-621
247
-850
-478
287
-269
-528
391
-210
-398
-9
-344
918
-845
79
741
802
395
-951
-808
630
-590
-593
434
762
318
-335
-243
767
440
-215
7
-665
-701
-997
649
792
240
382
-592
641
-967
851
897
885
-326
747
-189
-569
-71
716
-423
880
-344
-69
863
-897
738
-408
-923
-620
82
-683
-351
386
-944
-23
-305
-568
-774
-449
451
-454
-585
-444
526
195
568
-372
143
-190
-76
-545
30
231
-674
170
226
-92
-940
784
-440
306
900
-332
-310
955
-724
318
-121
554
877
-402
866
625
656
911
630
-348
378
100
55
-265
-30
-842
788
-597
546
-703
109
-507
557
-698
-703
319
-217
192
928
-777
-228
-231
1
87
-419
198
-559
-536
-513
263
-418
912
452
611
-473
-406
-778
91
-477
-374
-738
590
-978
587
-722
540
-117
-177
-950
42
198
485
407
12
-200
-142
-342
-734
70
-22
-683
-145
807
773
423
351
13
533
280
-647
491
-255
794
-536
-505
-577
-719
457
552
-859
-994
32
772
522
956
-648
330
774
364
946
572
-992
28
-378
-497
765
-66
811
-498
552
-211
-438
-670
354
-997
-179
-160
506
-28
135
-186
725
-214
-805
411
-235
284
683
-90
134
216
-613
-280
-524
725
-117
-948
155
-670
886
745
934
-177
-174
927
909
328
352
488
-329
-780
146
712
922
990
618
716
-304
-403
-89
-667
-182
-539
450
-371
-925
196
-395
308
-174
-760
-807
52
-73
647
-171
914
529
97
695
-558
379
-736
-894
-891
587
-500
888
801
-626
-989
757
862
150
-548
506
-87
395
560
97
92
-454
-421
382
-744
960
-606
205
-623
-901
-523
9
75
-817
-489
67
495
-537
225
-543
74
630
-24
22
-856
-261
357
-589
984
346
408
289
813
-314
-335
-900
-847
368
779
-210
180
308
-384
953
492
-655
-573
-487
39
280
314
-144
-25
-157
-759
366
-67
-534
-651
-84
-224
823
-7
-783
-37
-129
873
-708
314
-822
-60
974
-863
727
-505
-827
787
-852
-312
441
721
-921
115
380
-732
176
-435
405
-628
877
693
324
644
660
392
542
-402
980
-731
484
38
645
211
-996
-813
196
997
220
989
813
522
-402
493
-295
255
161
310
-528
-933
545
656
51
287
62
182
583
-858
254
840
735
-967
59
684
286
-745
303
-501
-216
573
-703
660
-762
-594
-330
-50
-153
568
520
635
-260
672
617
-81
-558
-773
-172
-285
815
67
-898
346
194
959
762
151
-565
120
-163
-206
396
-98
887
-131
656
-457
759
-70
584
938
353
851
977
405
-792
169
74
-380
642
-521
988
484
-677
240
-139
171
-52
835
-248
-247
-511
-498
-379
-635
-572
-635
15
-116
-521
-157
599
645
571
302
557
679
-966
-898
-953
-165
-84
-883
-160
804
722
26
648
732
-376
516
362
461
408
-89
-777
-159
-803
-776
-399
-720
-673
374
-127
522
368
820
311
-12
-661
-363
-374
-213
668
993
-352
193
434
-47
496
-108
254
169
165
-513
-126
928
-895
-438
587
-608
395
850
236
-865
521
718
-798
-440
-179
17
-561
796
-257
-543
-268
-851
-215
631
901
358
287
-117
435
145
779
-249
-718
817
-320
599
-639
450
-2
-427
-368
-413
874
-943
376
-264
979
83
-21
-958
408
-126
-649
-239
-547
-773
865
-859
66
-409
-86
623
-677
926
405
807
-828
-698
-807
-156
392
-337
657
447
-638
339
-559
849
-139
-594
-460
882
-334
-670
-233
100
440
-820
584
-122
-553
678
-857
627
270
-88
989
418
648
-946
516
123
-363
505
-538
-938
544
-890
221
-63
-363
-174
518
147
670
728
943
-758
-290
778
-390
719
568
885
606
-886
-406
311
663
773
655
-148
884
-489
691
-748
-996
136
928
506
81
-770
-514
-956
-981
740
-480
-951
215
593
236
337
-980
-272
99
13
-861
-476
421
-716
810
-447
-645
-700
-813
282
-916
435
-98
-23
-832
106
-732
-757
296
-399
252
528
119
-252
-282
-712
-764
342
206
326
468
888
-203
369
323
537
-130
559
722
-647
505
564
