-570
-652
182
-290
382
47
402
-176
662
-414
-490
-597
-882
526
229
-612
-553
-304
861
-213
252
-470
-808
-389
528
-943
-790
-139
-798
-664
865
822
-405
170
922
938
-935
384
693
-2
-959
-332
-598
-463
629
840
-977
-517
-158
377
-454
375
789
760
868
851
570
-545
-23
466
577
650
937
678
140
65
950
793
789
-837
348
576
969
118
633
-764
-91
-398
297
-661
524
-270
-463
144
-921
224
-113
-612
462
-110
468
-291
-258
125
-439
-720
-333
386
690
174
-678
-272
-212
956
937
126
157
-560
-197
-347
-898
47
-343
-75
168
41
-517
-721
-106
609
606
562
-216
-539
-127
-373
-33
-900
429
579
321
-21
-303
-326
-970
756
-891
608
819
-790
885
25
-84
578
799
529
181
-333
-817
103
-299
-877
780
-929
741
-500
-230
543
799
711
-757
-585
211
-61
535
-473
-53
-96
-309
-26
-181
-782
-360
-423
-908
-975
140
-384
674
-958
-464
310
929
-221
-332
552
-665
50
340
-203
-242
-492
-191
-259
-186
-259
79
-293
705
-558
-543
-340
-270
-924
680
-854
229
778
894
-948
-842
163
-918
263
-222
-423
951
-1000
-145
516
145
119
138
860
-298
-205
278
103
247
-279
-148
508
166
-286
-477
-538
-962
767
-283
-59
527
473
-531
-198
-379
310
-269
-547
-359
660
-87
327
335
-732
795
-24
-100
957
871
-75
608
747
-750
473
21
-966
395
75
-617
480
-334
993
-441
769
-779
306
390
275
-300
306
774
856
679
635
-901
437
328
902
311
-410
-673
-386
167
-226
-235
-523
324
334
256
-923
-894
18
98
-77
555
53
695
313
-903
-456
435
-215
-559
844
-494
-315
-73
940
44
-444
931
454
685
-624
-703
279
-647
113
86
857
-769
-989
-354
962
981
739
227
-206
-303
363
-284
949
-500
-917
286
-755
-940
384
957
269
-414
315
-969
859
-634
-773
351
-258
-983
-475
-170
276
-595
-453
-532
878
-919
-350
-33
996
963
-704
-202
145
951
-605
-763
167
-702
-928
-309
-615
-233
233
846
-273
-19
-913
-231
403
727
204
672
996
223
263
845
-65
436
616
-294
535
-683
-218
988
-95
-195
602
-626
-554
-272
67
564
210
297
783
-723
957
710
-950
647
401
-359
73
-730
994
-304
-193
512
-953
-143
-66
-920
-13
925
-261
187
336
-570
49
-307
30
744
296
783
365
-605
-86
-973
-532
-163
608
-101
146
296
174
500
-735
833
-466
545
292
-385
166
-717
617
308
-208
123
902
-492
-652
2
-953
127
590
-554
-971
67
-155
-513
-226
895
719
-341
-235
201
-134
645
257
71
-698
-850
-498
507
227
-29
-914
114
-960
-537
-65
463
-513
-386
-893
836
840
955
-646
-198
-611
-703
120
26
-263
626
850
-361
-597
-325
-194
519
645
542
26
-381
370
-10
-471
427
208
-773
403
-188
854
-281
197
420
254
574
876
-587
257
-233
-409
656
164
969
883
643
232
-869
46
-824
970
289
3
69
-20
-408
801
-270
668
286
917
755
446
-10
241
-271
-54
70
-608
-55
321
-699
583
-57
827
944
151
614
-875
877
-159
-804
49
428
-526
-133
519
247
546
-161
605
283
-763
4
458
-894
26
-780
591
845
-269
276
-701
-641
-231
-611
111
208
461
-208
-182
580
842
-538
402
-193
-783
-356
-79
-937
-468
495
860
981
355
-790
270
-266
-734
-92
-454
-210
-709
360
-139
-823
220
614
813
-515
-529
-415
466
489
-496
532
-696
874
536
627
-72
356
151
152
551
-327
-51
279
461
-376
333
144
144
-914
722
479
-197
-165
706
351
80
730
-774
764
839
63
531
-319
-838
-309
561
-323
646
31
-146
-461
171
-66
427
732
-411
960
-423
140
-885
970
691
369
-791
-727
-328
-252
954
-824
-317
934
-1
-327
264
970
-80
-44
40
158
705
-410
294
-597
233
870
561
-596
-798
273
-109
-571
860
196
471
352
682
458
870
-663
-338
343
871
-772
597
-521
-519
-909
735
-208
878
67
-1
-398
-358
369
727
363
-746
-38
943
-731
398
-368
-174
800
829
-321
-777
708
-363
505
-579
488
30
948
121
-830
853
-656
150
777
165
-655
-666
571
596
763
-760
-713
-628
542
331
-2
265
-283
212
-530
-375
-915
963
155
-470
-449
407
211
-589
57
506
-16
-454
-383
-718
856
-942
-667
223
-732
-429
759
102
-972
-765
-807
217
254
-774
-552
411
532
380
142
-21
524
913
-890
-850
-907
-313
334
280
259
-181
-636
855
-974
377
-378
20
475
706
-598
199
871
395
801
443
-645
-680
448
363
429
-10
570
-247
985
786
406
-133
802
-401
576
836
151
-310
-45
361
827
163
-270
-545
624
-758
378
28
687
-453
-438
510
790
-888
987
-363
500
-340
802
266
-298
-726
408
95
-768
-768
897
796
-111
-224
-445
-936
-864
-263
607
-513
-927
851
-11
992
167
924
68
242
133
931
-700
182
-982
275
-810
-277
887
-471
269
-390
-878
155
-673
65
747
231
942
691
217
154
-365
-129
-52
564
-316
589
-652
824
-941
120
-146
999
395
-825
-472
-975
659
152
-905
-352
236
754
-974
96
593
190
-682
-601
291
-492
-477
722
796
-689
53
967
102
950
-541
-925
213
950
691
-500
-625
291
220
452
459
-817
-957
-205
-847
933
336
-611
322
-702
767
-98
-665
-571
-144
572
-562
-482
-852
219
110
-503
-273
-910
-607
-377
-51
872
-167
853
54
-139
-626
369
-904
-19
-3
-366
856
374
-570
680
-657
903
-364
513
-924
536
877
-703
-612
910
51
743
-375
823
-852
-649
-763
-225
80
967
585
277
-646
-990
69
-48
-870
-370
889
125
-304
-49
-114
876
631
-404
143
48
487
562
236
718
847
183
-709
-329
122
205
466
442
445
748
534
-31
151
-797
357
626
250
673
108
377
423
954
-62
-74
38
-804
-388
151
969
-537
550
-71
-686
-433
-614
71
-294
998
-935
-530
633
870
65
871
396
835
-956
-161
475
505
-207
314
734
713
-506
-291
715
-538
687
640
-22
-982
370
-370
243
-615
29
-990
-161
-272
560
417
-59
102
241
-662
331
1
683
555
494
144
-555
787
-624
212
-619
-881
-381
593
264
-710
-396
-919
317
96
-883
-850
933
-859
-641
682
-278
-136
-929
-510
-232
24
102
-371
259
492
620
247
-144
944
-477
689
-79
-191
-306
317
-996
800
451
892
-881
756
265
255
399
912
-251
305
-939
-503
143
194
224
536
-959
608
519
-476
-1
-249
-106
-807
839
843
227
580
-809
-830
487
-646
646
-107
-116
999
541
-953
180
523
316
869
123
-570
-582
-462
-315
550
-830
-650
353
520
-918
46
-28
-550
988
-862
-196
-610
557
-268
-391
-186
-534
-663
727
-755
445
-836
-572
-193
751
234
-98
436
-221
34
-461
146
-530
-347
191
-937
799
-803
-782
-954
-11
793
758
229
339
303
771
-600
360
-961
-330
-494
-784
-804
727
571
-417
948
-382
-575
358
-266
550
-74
604
750
948
608
317
363
907
-496
-247
-161
-130
267
-237
-552
-742
-451
-345
699
-300
219
-208
33
769
438
9
-759
-67
266
141
10
557
594
-710
998
-64
75
-478
51
11
957
716
-320
-40
-546
315
-781
-676
72
685
-510
-135
-984
873
224
-448
-411
-163
670
549
-143
735
-911
-331
-359
6
-446
-541
-900
-372
771
-82
-355
970
260
425
-79
683
755
-517
788
-836
447
978
214
846
-531
19
570
-304
104
-883
893
-455
-747
-924
-293
-743
-107
-523
-497
-828
216
835
421
281
-940
-689
943
902
-964
241
-751
-259
649
23
223
-76
781
-22
89
33
-282
982
-596
-107
683
-641
-383
36
-260
733
856
145
-503
879
77
-946
-399
-553
845
-129
917
-707
-266
-402
437
-164
-752
-303
323
233
-105
-756
-246
11
-994
-454
-827
-33
648
644
216
-490
43
-938
-100
884
-747
-728
-458
310
-233
754
937
-177
-805
318
-446
823
27
-652
389
-973
-128
-712
-727
263
384
-927
-158
-17
121
-964
487
402
-626
618
261
-997
-155
-260
525
-465
-827
-949
-882
919
-180
-970
-814
-937
608
163
932
899
-28
194
808
519
122
-489
-626
501
248
839
-373
-848
-647
-403
637
-322
-816
-271
-396
-735
655
-744
746
433
543
950
264
226
-252
275
-439
729
-720
-846
130
-804
-327
742
254
-169
729
-180
883
-921
-676
724
-65
638
-28
495
411
-545
-748
829
-993
-707
-589
941
120
-352
572
797
-552
0
343
-789
-557
-516
-979
498
-917
-781
169
662
470
-4
780
95
490
-176
-816
305
596
266
972
759
-112
487
-9
-834
-161
679
378
-250
104
-423
851
-837
-77
-952
-656
547
-423
722
-89
641
565
722
-554
-573
-950
109
304
444
93
68
369
-765
970
-975
-489
-233
861
-604
-138
-827
102
-875
816
-710
-80
664
-288
162
-600
44
457
-372
156
-340
-214
-985
64
834
-157
732
-547
-581
765
-118
-580
-715
184
254
-613
488
226
-222
220
176
-448
322
488
-838
361
320
-320
428
-785
-804
972
-175
-148
612
-436
-173
974
19
-115
-4
544
895
329
-688
916
-29
-194
-723
826
579
513
951
-757
-18
142
-901
-918
301
609
-966
147
501
611
629
-333
787
709
656
355
206
695
595
-143
76
-683
-187
859
600
830
-417
-384
965
-851
-80
-782
-334
-384
-813
882
-532
-85
176
970
595
86
-115
-728
-672
-974
593
-858
-117
-452
553
278
774
-259
-743
-649
817
-699
832
543
-715
733
-864
139
-631
721
-573
-376
770
-342
-950
262
873
-779
-538
994
-314
-239
-395
120
-40
133
-223
893
816
-286
327
602
128
274
337
-239
-997
-718
969
682
303
-346
-303
734
-798
-767
-595
348
364
-414
711
463
437
473
-849
-772
687
-689
858
-673
-531
840
-215
83
414
546
620
-328
-650
11
374
-319
416
-909
-89
770
-217
-644
-272
749
-387
394
645
98
-537
-261
-209
-814
-900
990
-416
-571
285
315
-954
780
421
896
-786
-872
-450
-880
-515
313
515
37
84
49
-187
256
-411
294
-808
-517
-547
222
-824
22
373
-673
101
-940
-909
-327
-258
518
390
-846
847
451
-257
-99
896
-729
-287
876
-285
27
419
164
633
-704
269
480
789
-281
-769
-484
-681
373
-408
-493
-279
155
-932
875
-665
195
85
-593
600
201
813
862
-965
399
-500
485
-957
208
399
965
354
819
227
-295
940
256
-433
25
367
-890
-415
-664
-865
806
387
420
-768
-426
727
566
-339
866
626
893
575
-676
722
684
396
85
795
898
-580
-166
176
-364
210
-576
-973
-967
970
-104
90
-510
-689
-471
-768
-203
502
-249
-644
81
889
568
295
-960
-792
705
-402
224
-820
-170
-647
-524
-426
828
-780
240
822
945
-710
-950
650
-21
878
-984
-717
-460
650
-914
-440
656
-970
-167
427
653
428
302
-928
567
46
-709
317
-208
277
-8
994
-667
-62
708
-748
-468
-636
-877
-134
83
986
-403
638
173
48
532
974
-706
615
-493
384
-260
-907
-233
59
497
-895
240
157
928
-837
133
-60
-305
527
-52
-245
280
51
246
236
-214
428
-643
943
-188
553
-42
264
-975
-862
170
795
-959
-64
-283
-96
-21
564
228
-919
-247
196
631
-308
-395
327
-135
393
316
-191
328
125
-787
-849
107
-177
-693
95
-62
-282
-897
-749
769
70
-303
-327
201
-640
-164
673
-548
-867
-462
-779
685
675
627
872
-257
-901
-662
176
-309
381
-668
914
-134
898
915
-973
147
895
824
-969
-726
719
-865
-920
-107
-530
38
-394
643
-107
496
-480
325
720
-77
965
-136
-406
15
-268
-973
768
771
-462
171
-548
812
-984
556
-334
131
676
752
907
809
-426
-900
-739
-496
-539
-86
923
-703
-514
-235
560
-258
-262
699
-226
779
287
-556
-99
-67
-603
245
635
475
475
56
-41
-37
637
285
-48
931
-48
-738
861
-178
-663
-234
-418
708
-351
577
-111
122
-489
-250
-49
-825
-199
53
751
-822
-161
-316
973
765
375
585
948
-497
-457
-42
529
-951
-383
176
-506
301
282
790
-804
985
-840
982
424
237
-258
638
-662
-395
-659
-321
982
-615
735
-411
-958
-42
-292
-662
-206
936
686
676
386
503
638
373
17
938
-463
-715
124
70
-371
940
-450
294
-549
-811
-708
265
-578
-560
869
-718
-257
440
-963
-611
6
-394
-801
-666
260
714
-791
-626
56
312
-143
942
446
-848
-349
-895
-693
-171
494
512
287
-244
331
-592
-958
316
-185
716
473
392
164
146
830
574
946
45
-913
-8
773
458
-529
747
-360
280
532
799
-117
717
-41
-98
230
880
65
-580
-950
334
130
-840
-646
428
-307
342
-874
712
-792
-6
-208
120
-354
869
679
-741
896
-978
-914
-323
351
534
-439
210
-812
332
-338
-1
-611
-899
-991
798
426
-295
732
923
124
-160
-423
101
277
9
489
-565
-323
-694
726
346
753
-799
-519
73
527
547
-313
848
-324
-58
-223
29
990
-99
201
517
474
-894
542
40
-410
897
-233
395
530
-580
245
97
445
-324
642
-35
-958
116
-109
-799
884
-176
151
931
990
65
61
-162
-114
-352
705
-254
820
821
-831
295
197
621
699
749
-406
-215
-136
870
907
-277
-7
-999
-899
-73
794
968
656
-815
-482
77
285
-800
-217
-417
299
-406
-418
378
-922
141
-739
482
555
873
-395
-946
855
-286
132
-792
984
-846
587
-247
737
-503
-58
827
342
598
486
-482
276
-643
-225
-728
-409
-464
877
357
554
942
146
586
-870
534
-291
614
817
572
186
-113
277
840
580
620
-29
-628
733
-35
-688
178
-406
-841
512
-24
834
-343
516
628
-962
620
521
-689
492
-582
187
557
-922
439
867
-529
-628
-777
-313
-145
-903
368
-519
-850
134
-512
-274
-759
-480
-683
-283
866
-700
872
-161
-940
588
220
-858
-938
676
-889
-243
77
-906
400
234
-311
-257
567
23
-860
568
-120
-119
873
-856
72
-469
-748
-618
1000
109
-611
-292
292
-91
-990
-581
877
507
-543
-804
-998
874
865
-640
-711
672
-303
35
936
402
338
-903
-306
358
169
-994
-838
218
-947
-803
-248
760
885
-67
376
193
670
788
-61
754
142
564
815
-964
-46
-664
853
-336
285
760
-416
-798
-100
-92
-88
821
-360
412
-997
-790
669
-102
940
286
-890
80
151
-939
631
-613
760
-806
-800
-564
-761
-386
-953
162
-589
712
963
962
396
-538
829
380
800
-597
-702
900
-474
-754
-848
-52
-80
-755
-69
-340
474
440
-826
-784
-503
302
-938
713
33
-722
-567
-981
553
-331
239
-331
636
-493
-534
803
413
-964
-271
357
728
-67
-545
404
768
-146
579
-619
-177
943
980
199
-686
698
213
300
-268
665
792
-778
-124
620
728
118
-458
-423
359
-364
-413
258
518
269
-73
299
-875
-759
119
750
824
-995
-136
518
989
370
791
797
-132
44
223
213
412
184
-113
-851
-319
-454
160
-96
-501
-186
392
212
711
-257
277
-920
242
140
223
863
834
54
647
38
-533
616
846
533
-8
24
-403
124
-619
215
80
904
-71
-441
-330
-553
-355
433
-717
-788
-311
831
166
220
-826
73
-885
532
269
-978
-629
-939
-461
-161
759
-899
-591
-549
-149
-992
107
983
-603
-874
-4
-401
-344
-565
-194
-67
-265
-512
279
849
-372
-342
928
-644
898
862
-371
-134
783
-579
156
22
478
330
-311
-630
-453
702
-98
808
70
134
-469
556
-945
430
123
677
876
-483
262
1
789
230
-32
295
-433
-572
388
-751
454
-777
632
165
-192
-605
-644
-45
-675
201
-318
714
-135
-1
349
-738
624
425
-860
562
-380
742
-737
-238
180
735
742
271
522
-449
-403
-63
153
658
-698
-327
994
-826
93
73
581
642
-821
-442
367
-154
-325
-663
85
932
929
924
147
320
-646
-523
879
452
682
998
-835
809
406
49
318
223
853
-267
-934
377
-953
-789
-110
68
594
796
332
105
127
703
779
730
-522
-525
184
51
362
598
-593
-839
912
-682
-146
-424
-526
48
-712
98
862
802
941
-677
462
777
-494
812
-791
984
-919
-373
105
-558
336
-142
275
-471
-669
-686
-648
-658
-882
-287
-580
-51
842
572
-365
219
529
380
-291
748
-868
-500
745
656
-429
-223
-223
813
-599
643
-640
-985
-690
596
-407
929
-501
-17
-301
575
-767
-989
394
446
652
-917
-75
-768
-511
-881
138
-893
-640
983
-480
-855
865
859
-571
-553
60
350
-342
679
481
225
981
-511
280
-885
-339
764
139
-485
686
-133
-414
887
827
549
-195
-776
161
673
543
-373
585
-80
-58
-365
560
-850
-633
122
-57
836
779
-972
-106
592
-873
-832
-336
588
569
297
650
-531
879
-47
221
-133
239
523
744
510
451
-970
-949
143
-996
-708
-629
-552
-101
-419
811
701
-310
-618
-479
-735
-901
-650
632
649
588
-285
-536
-34
973
-151
584
-890
-377
-461
-481
-353
646
-182
615
-817
-262
-965
-503
-854
739
-602
825
660
478
-571
327
453
984
-868
368
-72
468
-366
147
-513
566
-870
-43
-977
-991
-657
-532
646
-259
-539
-984
687
994
-251
-735
303
-24
497
817
746
327
-818
329
415
-572
702
535
-877
473
389
823
-549
321
2
629
38
-214
-881
-131
-612
624
316
523
812
418
-90
-153
-591
-844
-659
15
-664
438
746
216
90
-103
-673
-303
77
-567
-715
591
7
476
757
934
682
361
681
-888
745
-466
655
-746
709
-64
-802
-752
-584
901
950
-67
657
-982
765
-597
-604
83
13
272
740
-441
-593
980
956
-450
115
-138
-866
-745
-624
-18
699
466
561
-896
941
90
-758
747
734
17
878
-341
274
-646
545
946
-104
-315
296
-890
222
29
170
-463
691
-163
489
-1000
90
-365
171
157
330
961
-730
-181
371
202
-361
-372
-921
672
-618
-218
-606
113
832
278
213
886
-688
449
958
168
-477
-313
375
-439
907
-478
-335
939
-337
-388
-179
-996
-166
-764
-118
745
414
-767
-581
837
-348
-730
-844
31
-838
-534
912
60
579
-201
929
-374
123
281
158
246
640
944
67
822
616
-972
-566
210
-583
-978
-548
192
-685
-674
749
562
-657
-551
-718
-16
95
-709
-556
873
588
-457
576
570
488
78
-264
-124
-391
-632
298
-918
-909
418
950
992
287
332
716
304
-638
428
970
-236
404
914
51
-806
-435
-921
157
143
-880
-743
-677
229
340
-80
59
608
602
861
161
-303
100
-342
750
913
-468
-573
-431
794
-595
-417
611
-837
851
203
-253
157
-993
567
989
1
-177
639
994
112
483
268
485
683
925
-844
1000
-727
742
365
468
800
130
-353
-197
-44
-605
-120
-34
-827
854
547
-782
159
-841
-486
803
-81
-835
901
651
15
877
-205
652
44
771
962
-59
262
-371
-136
618
261
-786
-211
-106
922
-874
947
-690
616
782
353
332
389
-802
44
-797
-306
-570
143
-814
279
-316
-460
-426
803
578
-393
-682
-52
488
-134
-650
64
996
-264
-735
758
-768
-129
-352
-164
-30
-459
891
540
429
259
-162
985
-786
67
239
-297
526
-108
-117
-601
-698
492
933
198
-416
123
-708
-720
674
486
-294
-805
-348
-901
963
-360
580
746
107
-770
652
807
886
666
-50
-241
196
-731
241
495
-915
-591
-286
-229
-502
-155
-679
-130
-709
373
126
760
-391
418
360
982
573
622
405
-754
94
-93
857
742
-321
328
601
412
-602
207
-903
728
-483
-640
-303
-37
921
-806
-539
515
35
836
784
688
896
-855
-452
-44
-122
772
-352
-692
-978
-771
816
-559
-595
-880
825
-922
-220
-163
-935
245
430
771
129
-109
-17
52
-168
89
-782
-93
-147
-609
102
-878
-575
944
-581
-92
-15
838
-589
-611
-548
905
837
524
-565
-406
372
453
-144
-811
-566
-152
560
438
-465
306
-446
-618
-505
691
-38
114
394
-106
-759
-403
794
178
932
861
755
38
551
-304
122
254
875
-779
784
191
588
-216
-814
-143
-114
-244
-247
918
-240
534
-919
-408
-548
777
-946
-464
804
99
-251
41
268
665
814
-331
569
145
750
523
968
-12
571
-633
-101
86
100
703
-479
-600
13
-292
-301
-277
-195
-162
-320
97
-986
-312
-98
370
-509
-345
438
882
838
-42
-866
292
866
562
-382
434
563
-51
555
178
753
83
-16
792
-724
-459
366
989
704
61
-828
233
304
969
439
593
-624
-28
351
655
534
-424
975
221
-318
381
-137
-852
-581
-426
55
-781
-804
516
-674
608
-449
180
389
-938
-266
-781
-768
-329
222
-186
-417
493
480
791
251
-560
520
-176
88
-428
-769
114
319
952
-303
-620
-456
-624
-706
361
979
303
-157
-101
762
-699
-979
-764
422
198
-820
-78
-815
821
-991
508
-676
-12
331
-470
-216
768
765
839
-889
417
256
390
-416
-66
644
534
982
-588
964
966
302
-924
-437
-261
-204
303
-925
5
-679
-855
817
-931
390
404
-563
-905
747
-348
727
92
294
700
634
356
450
-367
-272
-820
433
341
-708
675
390
963
367
-349
-303
-405
-692
-294
-122
956
-930
-730
-467
-604
269
33
535
72
237
-936
203
-953
401
-148
857
735
-438
52
-44
-179
482
250
-465
683
577
646
424
-800
450
-631
-393
193
-526
-78
830
815
-189
-133
-247
959
632
-606
295
499
-828
804
-345
-463
-334
866
973
731
352
165
572
-916
49
-980
-12
25
906
656
776
-477
669
-393
14
947
-578
-572
-551
927
-850
-349
368
270
271
-843
170
844
-807
874
981
380
619
-861
341
-4
39
310
435
824
530
-99
605
945
824
54
-323
203
-325
-279
-602
-629
-421
282
-842
-346
-100
-888
-491
879
-927
-876
-588
926
-638
-676
-1
756
84
-335
-305
328
-517
76
754
-984
-582
565
983
-439
86
960
955
856
-285
-851
-23
400
-212
808
969
-516
852
364
604
241
-122
-193
38
204
-86
958
864
83
477
-41
59
868
104
940
-237
-366
73
-139
784
-894
-462
206
-268
-964
-674
-634
514
-994
97
-819
-634
487
-608
-775
-729
-223
-677
-345
-510
671
922
-545
628
-735
532
-984
728
698
162
423
276
-366
-871
521
770
572
-837
-403
-319
213
735
689
95
255
382
20
968
954
846
880
-831
848
-635
571
71
913
-523
927
479
-418
624
-815
504
414
830
14
977
131
-565
743
-985
257
170
546
478
-283
858
230
-833
-414
854
-779
-429
-110
716
533
-437
45
-603
856
865
-476
-971
875
-479
66
916
874
267
-470
748
869
-743
987
218
206
762
42
142
-826
174
-979
-130
-494
-311
592
410
-324
18
-113
-185
-709
29
-473
-74
968
-540
-333
-230
778
-1
675
940
637
-941
204
-942
600
482
-642
739
434
634
-109
14
-436
178
-971
-164
-57
756
-337
358
-322
675
712
717
189
598
945
-913
482
-783
790
810
60
233
599
-790
150
-792
97
797
723
-293
23
291
836
-869
-551
-877
-564
-359
-106
-239
-887
-389
-507
-524
-729
-109
748
-627
769
45
467
493
-489
861
-149
-360
356
95
-220
-15
-824
44
-536
805
503
961
-766
-136
-822
-743
139
949
94
34
179
-355
-794
-373
-500
704
-700
-767
652
610
-483
-730
638
343
-93
316
-380
433
-360
852
299
-506
612
248
-569
982
142
-354
-519
298
-109
443
-17
-491
-922
959
-768
-17
401
-241
-649
271
342
-569
-880
-280
-61
-580
-319
623
-407
-913
-657
-889
486
947
-612
74
-868
-223
108
998
-597
71
541
-523
510
434
-855
591
-585
-542
821
744
813
-786
-408
-11
476
-68
-812
560
743
984
310
723
996
546
26
-302
521
903
83
-974
-361
-838
962
802
-307
326
-108
521
-233
-950
-411
417
32
-605
476
-853
-878
498
-385
590
691
804
-706
-768
-746
-430
135
677
375
192
-995
-113
-985
-449
-824
-350
-423
-52
-637
14
802
-137
520
768
-101
645
-416
-329
-811
193
-192
-752
724
361
-716
552
947
514
-32
117
-11
706
-271
404
723
522
790
182
97
316
-117
-753
132
263
826
-155
76
605
749
411
-411
484
-544
976
894
-426
-446
773
186
977
955
906
933
763
-801
-258
-642
982
29
530
328
-197
-667
-491
763
928
-113
313
-468
-633
812
-791
-482
332
804
-1
560
-469
-826
997
783
15
514
363
-276
309
29
798
-376
238
869
446
-200
919
796
-887
920
-81
579
561
87
844
661
750
687
319
716
-160
-224
-943
-577
832
831
-400
-372
144
-438
-2
-610
148
66
-683
-218
78
-936
-586
600
776
-208
-517
-243
823
762
968
-497
-227
-334
-121
541
-783
-100
-213
531
216
22
-503
652
852
-747
413
-887
-58
-5
-883
-865
866
-582
-155
-260
186
638
437
-3
-966
-536
902
-809
197
-876
-652
-556
-209
-706
-602
439
346
59
807
-135
573
-808
-22
-476
785
-550
-258
-18
667
-544
345
377
-390
913
-387
-378
-764
-311
-473
908
-852
-176
-421
-467
749
908
-423
-553
-835
484
498
710
-774
-580
-84
507
-551
103
919
378
-114
747
310
-945
-665
651
-442
-6
-260
797
-849
-563
470
-29
-558
-671
-975
725
-734
862
-726
912
-968
666
-484
-357
321
301
-862
793
259
0
-594
-301
-939
-345
-300
-131
-49
-263
712
-937
-824
-854
-421
-225
266
171
-986
-134
-926
889
864
468
-577
-984
-316
-918
180
-713
811
-467
812
275
185
-561
-131
180
323
-222
613
462
191
543
-812
-236
-208
-435
824
49
-314
15
-363
72
-55
-364
78
-166
646
-147
-595
-25
-970
-958
473
152
-699
-374
-154
606
562
-310
684
-363
-26
-849
477
-349
14
-650
-994
-61
-559
707
-637
-920
272
635
154
-169
-851
405
-766
-927
-427
-360
679
50
-524
-575
306
-981
501
391
-836
968
-740
-791
959
-678
774
163
82
-205
799
-497
-296
717
-767
-231
42
-331
-672
-412
-1
-236
432
999
-595
330
354
628
555
-745
979
-125
959
-530
-724
-550
-581
-666
961
-281
737
-751
377
-855
-217
722
993
-148
-511
122
-406
-769
808
515
350
-295
-98
-42
367
-522
806
-286
774
-216
946
-830
-559
-303
-828
-15
689
763
798
646
941
-411
111
118
-640
-52
-949
-963
-733
230
-515
82
330
115
-730
-322
828
656
-576
-997
183
187
452
837
957
783
-975
711
-41
-51
-800
-331
-379
120
-329
150
600
-150
-354
53
988
268
-240
-276
-902
-742
-324
494
-528
-707
621
-777
-692
-713
623
-798
-63
-857
776
-248
-756
-592
-804
305
-23
-753
-358
-590
846
321
525
959
417
-71
-182
279
438
-981
522
-895
684
-405
487
