-697
35
-802
811
-761
-271
-20
49
921
136
366
651
-396
-9
-789
-413
-308
576
-756
-938
-483
464
-217
-538
223
310
-277
-857
-734
654
-919
100
-929
-493
960
210
-364
-383
-365
796
624
584
-130
888
-957
-614
-376
744
39
-745
282
935
737
-685
-554
-699
740
-694
415
115
-424
-704
674
509
-33
706
-696
617
-621
-228
41
-433
-269
-701
-8
-264
-123
143
-313
697
-906
878
-234
670
318
-442
745
-655
538
23
-86
-288
-149
-751
964
847
-628
-15
-857
40
447
514
-332
150
354
-175
322
493
-954
36
901
989
-536
177
847
593
-811
649
-755
-60
597
-244
535
-1
21
-831
279
-303
-775
477
-324
531
-386
350
-467
986
-569
-674
-605
398
-320
-37
30
-709
920
973
553
-711
-100
5
-59
788
768
242
490
-726
-941
-900
-425
-711
-483
664
933
-106
-912
-619
666
163
918
154
397
-30
-948
644
-799
-383
-128
368
-534
361
197
957
365
-183
690
-318
-830
947
202
-793
800
-578
365
295
-349
-872
-126
552
-943
492
933
414
-237
157
-723
566
511
471
897
257
470
-259
-933
919
650
351
-847
370
-735
-289
202
-306
-44
173
-378
446
423
-291
40
-497
386
-742
673
736
780
295
-932
856
393
-679
-484
-444
3
146
955
587
225
-267
965
-862
-198
-623
15
268
537
-253
-505
-200
-950
-500
-495
-609
-484
-374
-828
925
43
338
-427
-809
320
584
-930
857
-27
-818
-447
885
551
41
921
738
675
-876
-480
-775
988
-634
496
-709
61
-395
-61
969
461
47
-846
-288
-849
1000
377
163
-546
-535
-726
-867
-506
149
214
44
-400
-391
-504
268
-977
-363
-758
-571
-566
-742
-502
753
224
-593
-363
-831
673
-459
-603
605
-507
169
28
918
-598
-887
-483
-461
383
949
819
-427
-946
-59
-562
751
-480
310
-580
-104
207
-72
236
154
-898
-108
155
770
21
995
-242
-497
-195
-88
-588
-528
-830
729
997
150
949
-762
382
-996
126
783
-608
653
271
-538
-572
-393
748
312
-742
395
-612
698
-725
306
-356
-349
265
639
841
-716
294
-141
875
531
-887
231
-32
-750
-542
639
-784
577
-457
770
444
-152
982
943
102
-354
-134
-883
-180
-762
-943
-929
388
505
-270
-831
-98
-700
-396
-940
314
368
42
801
-148
844
-641
-921
-475
877
307
606
-518
-845
805
-455
661
-666
172
-343
-543
442
214
-70
451
905
912
-796
-613
-728
-429
-570
750
-822
698
-854
437
462
112
765
-608
-1000
-755
362
-853
-623
417
711
828
307
-179
108
747
783
250
-354
-951
930
68
-175
-133
-271
-634
-195
-451
305
404
-357
-699
-793
-147
949
-314
433
-90
-48
508
711
-616
420
287
615
-509
411
159
477
-87
160
-258
990
-941
-582
53
952
-80
-123
253
-993
-704
-581
-404
-79
316
901
-944
-739
-173
-591
411
121
-529
902
-53
33
383
463
-800
-685
80
688
228
970
-824
228
-23
302
-401
805
-938
273
674
535
847
54
-463
565
-893
-997
167
-114
-223
-17
-876
616
505
57
-392
896
-807
654
-813
125
230
-513
631
999
-510
708
-948
652
979
589
-841
350
-954
-669
408
758
331
-288
334
35
-370
493
-453
-126
352
-454
-417
-673
-235
379
634
698
-361
-197
219
291
655
637
-425
946
802
23
622
-933
-945
-369
931
-938
-35
-556
-862
-353
-640
379
-445
221
301
-20
-937
409
-208
-634
-813
373
-811
-367
196
-126
-103
-132
-19
949
-671
276
-120
-972
68
-106
273
367
-78
-627
891
247
-365
-825
-675
780
574
605
-684
-459
-635
-657
-864
523
-607
-843
435
-763
933
-559
-785
183
-901
-537
-941
61
485
139
-104
414
14
-981
-612
251
202
-429
-382
135
152
-599
-948
-706
-2
-407
-785
-562
230
-632
-866
-701
-984
934
-743
-255
-896
-888
-905
-751
991
-840
23
251
321
907
415
-899
331
848
779
-142
-291
835
698
-514
-146
-271
846
678
-470
426
-958
-332
194
-957
-913
-108
590
760
962
773
348
900
65
-113
-13
-430
-784
-937
-48
-911
752
5
-629
-364
-562
416
-114
195
696
801
128
-572
-465
-433
301
175
62
-674
-162
332
-833
-749
-597
273
-259
-24
-387
-695
-617
-878
-378
-630
678
-862
-394
281
493
867
-793
-500
112
616
590
419
8
492
536
746
-986
-404
-844
579
552
-159
33
-997
-770
478
-839
-819
727
-134
-572
-190
374
781
494
471
-630
-752
723
-597
-459
690
-847
-612
689
-983
-328
417
776
339
-723
373
440
-156
-587
920
280
223
-82
986
982
906
278
946
281
-720
-985
-110
-72
-12
877
-272
-177
603
808
590
-157
882
-502
-760
-705
-807
-260
84
-567
162
785
803
-121
-291
-692
906
74
-24
-774
979
650
-570
506
741
-599
133
980
9
-197
918
-208
-350
429
-580
466
196
-928
-795
-405
-845
904
940
-246
475
667
552
-27
136
431
541
306
545
-385
-55
786
-478
341
552
-447
-568
588
-905
-306
217
-200
-467
-121
521
979
-860
292
-928
-446
-952
439
-212
360
-720
821
319
-808
-676
286
271
749
-401
-432
-921
439
471
930
-380
-527
-974
-149
-623
-257
641
313
653
823
611
443
-124
-418
-890
34
-714
-99
24
342
371
-421
997
593
500
-64
756
556
94
999
595
407
806
725
-381
-663
200
-427
-145
571
190
-357
-546
349
737
347
778
770
-246
-243
-910
332
-532
-293
352
838
476
167
-218
798
-504
-682
663
993
641
-420
-104
618
586
-449
359
-480
355
299
148
376
62
-138
-208
291
806
-637
-463
-996
308
-324
-579
273
-736
-989
-14
-593
580
-49
945
-386
-947
3
30
89
574
711
-671
-408
-968
673
234
-451
357
-423
-917
-553
336
-166
990
-166
-355
-558
295
-252
336
-239
528
883
-887
744
-493
-442
633
105
-448
-360
635
-349
-482
-387
-365
-817
913
454
-969
91
516
472
560
720
-564
12
-906
739
203
-848
790
591
-138
665
283
-465
-384
-275
395
865
-47
873
-258
649
373
-503
-339
-423
-350
545
-34
-742
479
-284
-834
14
488
416
-555
222
986
247
895
960
-614
417
-809
-804
258
551
-707
295
-212
-1000
437
945
-293
286
-472
892
-405
-874
-277
-979
990
87
-959
-891
853
-368
553
-4
383
-808
61
682
931
-235
-946
446
-745
520
234
925
-61
535
996
-206
-642
723
867
953
-748
509
-855
618
-910
252
210
-340
825
-65
-568
934
-307
931
227
-645
-869
187
94
-344
368
-416
264
-859
-153
194
-505
267
54
48
211
140
-150
-506
55
-139
-446
-421
133
502
314
-450
-77
31
820
-303
578
680
-999
282
-999
672
544
259
388
-793
-333
709
-143
334
41
449
-300
911
77
-62
-207
343
528
-843
-207
276
-548
-25
-799
-781
356
718
-773
246
-981
-168
-241
-830
-817
-360
886
907
52
301
898
-826
-393
837
505
256
-608
966
-700
934
711
767
332
315
-585
252
122
-224
608
-632
-211
-899
88
-755
-734
810
193
-455
38
-578
105
-721
-181
93
-427
-606
-500
137
271
-612
-296
-124
-64
-504
605
121
-205
969
374
644
545
-700
460
-770
-865
469
987
-970
718
-659
346
391
-175
532
-868
-7
563
-996
-18
-914
-307
863
666
-606
-83
316
836
224
-677
-341
-67
-113
-761
264
234
-740
-758
384
-152
-239
-876
-204
171
308
725
685
251
-986
-852
-997
-359
221
661
-63
-100
-664
878
-156
522
968
484
147
430
-160
361
203
-837
966
203
-317
-413
-226
555
279
-692
-551
-366
-388
740
718
538
-851
571
-466
-805
-47
-206
-887
548
956
667
894
998
622
-74
509
28
180
-244
5
257
886
-401
608
-966
-345
642
-761
424
-283
-653
235
-971
360
-562
-66
31
481
-354
-197
-64
-518
702
-284
-101
997
270
-218
-941
-211
-13
997
711
50
665
366
66
967
-928
816
-417
-659
468
-163
-766
-560
-998
237
-440
-711
546
-601
-972
-33
188
228
469
-330
-797
-347
145
-601
982
-936
-706
-799
-502
-23
220
-860
742
-642
632
-724
-731
-871
625
-80
-422
-774
-969
525
999
-863
-75
-928
970
-741
-467
-894
156
596
732
-4
113
-946
170
-440
426
-459
94
-614
208
-593
806
-587
709
-878
389
-8
-807
-3
772
-147
-819
313
799
715
-320
-231
518
-494
-563
626
-715
-376
-364
776
911
582
83
-860
-624
-60
575
-275
-85
494
-800
267
964
-788
-320
276
235
927
-51
-517
-724
615
247
211
633
844
-177
-162
-739
778
542
119
-995
34
-300
862
-720
608
-640
-643
-70
423
192
-546
762
-795
796
346
611
826
251
176
445
141
-811
-59
943
-797
-276
77
-421
-282
365
-6
689
-118
841
-736
652
336
-923
-543
731
598
-520
-328
672
460
-391
940
152
137
848
-361
-639
-875
-625
-560
997
-925
-127
971
-775
-382
-890
490
165
-563
959
-491
312
561
-430
328
-299
795
-5
-948
649
689
-966
530
-365
914
438
-110
-676
-919
-783
-315
570
-757
501
-14
-964
757
-848
-514
-840
-134
-475
835
-681
-611
-711
-453
-965
-616
-106
581
-794
-729
951
359
70
-735
766
683
646
495
784
-986
185
-913
-672
193
-151
980
109
-375
441
179
-716
122
-549
426
301
-684
6
568
784
-802
90
-71
35
417
559
-835
342
549
933
-580
902
-416
-136
-613
746
-856
24
-561
151
-942
87
-304
-119
-298
951
-909
-191
218
496
285
133
-211
69
-283
-479
62
-47
882
488
216
-90
-961
72
-30
655
409
-649
-308
24
-745
-818
113
-922
-225
-723
-523
-417
-371
-144
197
160
-224
926
-771
-736
-440
-348
243
-444
-33
-6
-131
-705
-372
367
-617
157
-169
894
-72
585
129
-234
176
727
5
636
612
314
-672
632
-32
-29
513
416
419
-967
-206
739
-970
507
866
984
118
-812
-521
-870
239
-268
-720
-860
-290
-71
995
838
940
-112
-322
-535
-231
735
574
-694
72
40
-779
974
-502
-68
-540
-866
313
423
-696
-148
808
-3
-193
-310
783
-79
66
140
114
-744
388
31
-133
234
157
879
-874
-902
-542
-411
589
-826
30
955
828
134
-501
31
-424
76
641
55
-893
416
-955
-826
534
-905
-954
201
-996
-959
417
-93
-644
-40
-817
-223
-380
339
-33
-95
-620
-407
-362
982
477
376
143
-156
183
-236
-133
210
987
925
-216
27
857
779
818
-750
-463
-163
5
145
119
907
329
502
837
-859
520
529
-558
-621
-431
689
586
-651
858
305
-603
-291
33
707
619
-182
3
623
840
-259
497
802
134
-567
-480
54
924
99
-525
-389
815
-788
-573
10
352
-583
357
-3
-858
513
-594
144
694
-290
-352
305
756
-384
489
241
503
109
-314
640
911
755
875
-488
-549
-402
-450
140
945
49
-641
-348
-981
-146
819
182
835
465
-344
698
912
-721
951
792
-976
458
554
-625
-926
460
830
792
42
-334
-71
-218
833
-786
971
-583
-582
-750
497
399
114
-508
-756
595
-676
730
62
226
380
-324
265
503
-597
114
-507
153
-30
-836
299
409
-745
612
799
-825
-242
192
-332
380
472
-579
-614
231
451
-647
572
-406
-733
438
914
596
87
886
-102
377
511
285
-320
123
575
484
765
619
122
-694
452
-936
268
-461
-513
216
168
412
236
402
-949
755
366
711
198
208
245
-666
278
943
-328
-262
-907
-12
278
-741
316
-423
292
971
169
-999
-89
957
876
669
387
709
-38
-84
595
-708
-829
656
-542
572
-514
-867
289
501
326
853
-225
174
-582
115
-62
-367
863
953
-610
931
-440
496
595
571
-825
453
134
617
-511
-806
-984
446
1
-47
929
279
506
314
-78
-631
-212
-128
-74
-188
-134
184
771
-334
157
689
571
762
-189
380
614
999
-683
362
-874
609
239
697
-674
667
-788
392
202
994
-800
590
-341
-511
304
-744
953
-984
107
-192
-30
611
-74
340
-601
-90
415
-92
666
180
528
-854
263
19
670
-949
896
295
72
207
-62
-597
-596
-949
-18
-225
685
831
240
279
-95
-731
-169
254
-765
-279
-375
315
-497
1000
980
587
-383
920
-53
-54
-226
161
167
663
526
-81
-641
-797
-523
643
-249
859
843
-863
-389
-496
-361
579
74
-914
418
-187
921
115
-924
-20
-814
326
-366
-326
-980
171
-139
995
-260
-736
-722
646
-740
-674
-995
-125
-39
-520
-223
-54
622
623
-20
734
350
-742
826
335
12
-821
53
-442
-527
-430
-380
-562
850
-36
892
-274
494
128
-382
-305
-762
-254
-953
738
-179
-81
205
-534
51
260
419
382
607
635
48
-794
-233
802
-559
319
444
175
296
-50
863
487
262
113
830
790
916
423
-281
-630
446
46
-969
566
-976
366
-61
-61
495
-224
-149
121
756
242
563
-108
-659
-426
-862
-41
-56
-451
-958
882
-308
667
491
-215
-796
-834
-250
-725
565
787
-257
-466
-257
41
-634
-86
97
-983
-778
294
-770
279
-620
-8
47
-287
220
-478
233
908
-569
-505
900
729
-35
310
976
225
-625
926
-340
220
-841
-129
-814
357
-107
-572
923
-168
577
844
-288
991
-140
567
104
-962
417
-532
-412
-236
-540
786
-743
-659
900
-485
-604
131
-227
174
786
417
-421
907
-931
-120
963
-305
-567
-379
-178
-655
694
-537
-824
244
916
86
-86
-470
687
272
74
-625
-194
-524
757
846
852
853
-253
-406
-451
236
-899
319
508
224
72
-24
536
817
-237
833
575
-985
336
308
294
-663
-99
766
-34
-436
-977
-216
-312
815
-166
26
136
517
-443
-92
-605
-945
-458
778
-611
458
21
-711
91
763
358
248
-974
114
615
-732
-764
-710
605
295
832
504
58
-697
-190
-987
727
-805
-696
-491
412
-918
-571
-940
-773
-24
473
514
-176
-135
159
864
729
148
844
422
-359
795
80
-525
-734
248
-269
-808
-720
-774
740
-475
-709
691
270
530
-466
756
858
176
351
-987
-111
434
686
1
-504
59
-553
-266
-723
269
309
-849
1000
67
-949
131
166
-210
521
92
254
549
-190
-802
179
261
229
109
-468
-664
-150
163
384
-53
-357
-426
350
679
-746
679
530
-67
186
917
770
-14
570
-599
689
75
98
636
-231
788
89
-223
323
536
-494
-60
-218
-504
-690
-106
507
555
-597
-612
967
825
-834
78
609
-328
-225
-40
-781
272
318
-86
599
-566
-745
89
-874
540
-315
925
32
449
-387
415
783
550
-730
-63
995
841
-851
504
-511
501
-101
-52
239
-884
394
-634
-751
-737
629
124
974
498
-240
-287
693
36
483
-277
784
-902
-669
362
-217
-896
-339
-626
209
717
229
971
17
-656
235
-354
-314
530
210
863
-314
-267
329
937
-842
735
-351
-66
236
-432
840
-845
396
-80
972
233
-142
-746
-452
-780
764
-414
140
-352
508
-537
-846
-936
748
-789
136
498
355
710
663
209
-279
146
991
-626
-407
643
-345
-741
-779
-355
-212
-941
74
671
324
487
-783
-583
-607
763
159
89
470
-169
-226
-460
-778
68
641
368
383
-205
193
-184
921
-315
-344
-639
891
26
-467
-234
875
-270
189
-320
219
501
716
415
-869
216
875
-893
-345
-470
962
-299
-344
-765
-587
941
-782
-783
-297
-554
-184
972
-195
-505
-434
574
-205
-502
-626
-612
-461
343
699
-180
276
712
712
-472
-248
868
747
816
-214
-804
-490
50
405
918
46
798
-247
-39
280
-107
-539
451
-241
-830
577
-763
-956
819
-431
-383
401
-823
-545
-679
-153
-919
542
-486
-120
-247
-844
130
-11
-716
76
-282
-971
-377
326
-233
-63
-985
954
-172
-794
876
-423
-17
160
-400
329
515
-371
-742
766
-442
-627
-120
-303
-505
-434
-268
-731
-285
605
-615
503
-812
-457
-141
-541
320
-731
-482
-597
-694
-331
-419
731
-977
412
930
-283
476
166
-396
819
823
773
-706
713
-399
704
392
-55
-764
457
-967
-155
931
955
-534
822
-455
-969
43
820
-212
-539
-550
-700
915
266
6
48
-499
753
125
-354
206
802
641
625
-722
-210
98
15
671
531
524
-153
-225
-787
-760
-570
137
266
447
307
-792
644
311
637
949
-670
-838
-444
393
-119
867
-557
662
-258
973
-106
-634
-799
553
-150
441
977
760
-649
862
945
506
-416
-296
-99
-539
-174
46
-980
671
905
-82
-618
-98
-984
749
920
368
-102
554
547
46
-867
676
-899
970
271
361
547
-37
-693
-243
685
443
492
-649
711
625
966
390
393
-879
-87
-855
857
819
208
-934
-761
-609
80
455
45
-742
-561
299
-238
133
155
853
-793
-236
-887
-936
80
-804
-984
-329
-6
753
130
699
-864
50
826
140
7
841
124
-935
315
-527
687
199
373
5
-7
678
-37
491
-2
892
-401
356
-214
527
434
-278
324
931
602
-418
-127
-94
381
-53
176
-813
626
-93
835
976
272
-945
614
-377
254
-455
614
-497
453
-770
-519
-891
-348
-544
-638
-609
552
512
-122
909
7
-921
-17
-788
975
914
327
-319
-680
550
-251
613
-128
-1
356
458
-402
521
-629
-86
181
274
-785
762
-387
-97
672
261
-935
-684
674
251
623
562
-429
-333
918
327
20
-171
-418
224
860
-568
712
-763
368
-972
645
875
685
890
-213
-61
-142
-179
908
384
914
-120
-194
-963
245
148
397
-273
58
767
-629
-311
682
535
528
994
-43
-976
-40
-523
272
313
172
-156
928
-83
-796
-725
475
-158
942
-317
-640
534
1000
859
-170
-909
410
-69
-854
412
-656
991
392
680
635
853
585
-79
-448
-743
134
585
481
609
91
306
538
753
970
-488
-679
977
881
-540
187
669
-44
816
-796
-626
-750
-799
971
-657
724
118
-276
-939
422
-937
-95
946
-746
94
356
331
-619
561
580
728
190
512
-674
716
-626
-437
296
-407
397
-644
346
539
25
-805
353
490
117
-158
-292
-639
-38
-408
539
-792
580
330
770
-721
-454
-720
622
-189
556
-368
361
33
1000
815
-354
51
354
-954
-640
-914
451
137
-359
-554
137
-339
693
962
504
850
344
973
-924
205
-310
-400
480
-553
-318
-530
-757
-140
-768
-825
221
489
-436
126
-125
515
-951
789
593
-532
45
-417
710
813
-369
745
-900
-411
277
-595
-56
371
-583
254
426
924
-312
971
-560
-947
-293
11
102
770
823
162
-261
984
-513
361
-431
477
-164
179
457
-805
544
800
390
-153
-927
-598
-534
470
784
-385
-196
554
-374
-343
190
265
-413
-879
-601
955
-989
534
330
-798
616
-115
754
-661
-282
-696
-649
-896
-256
68
-178
452
-849
647
-985
293
-330
-871
422
459
775
263
-847
-591
-602
-153
568
-510
970
84
-781
477
-676
-872
-815
-584
561
502
-204
30
179
643
413
107
-255
-507
-728
749
387
-51
-271
-264
887
-251
-18
-736
796
939
587
605
-760
-11
-920
556
662
-980
887
439
18
565
-411
386
-996
184
272
322
-209
220
255
541
263
-916
262
342
-317
-136
-495
-743
380
-969
-871
-583
47
924
-170
-399
-462
350
-75
-388
-479
-849
-479
-355
-848
-570
510
129
-174
-230
898
-932
415
761
338
-511
-470
-109
-271
247
-765
-492
879
-778
410
112
27
145
-105
953
-593
285
614
788
428
-132
-72
495
-75
-664
-129
68
-3
-935
193
-509
821
-433
-146
-892
-778
201
751
-584
90
804
-576
130
-847
231
-526
-317
-16
80
-580
52
-23
-389
-419
703
-798
-449
-822
282
-413
343
-653
-284
943
-774
75
-764
-917
208
170
-351
-36
-985
-634
-416
469
536
945
-915
724
-288
474
718
-197
-991
-193
991
305
186
672
-445
-747
137
-352
-858
-58
458
961
-101
740
-615
-464
971
-636
-803
-149
871
-334
242
-705
-916
-711
591
438
-372
824
-744
448
-823
-817
683
573
562
-473
607
-645
-690
665
372
-848
105
780
-109
-301
625
365
402
695
-395
749
441
-636
927
245
675
311
-151
449
-759
-788
687
322
387
243
419
679
-673
889
-123
-346
-140
-105
-612
941
395
-729
582
686
659
-389
453
814
518
-816
-88
-644
-443
860
-332
-234
-967
515
-76
843
-919
-954
-679
-760
307
492
-109
69
-361
-849
82
24
-129
-15
-975
958
-249
176
-481
-367
943
808
614
441
-880
-143
-218
-513
756
-466
437
663
948
-392
310
383
-11
182
-533
-220
-843
-961
382
963
748
-566
586
-453
679
-502
480
-544
-511
711
649
-890
-118
113
-584
-553
957
288
611
-253
524
541
-357
688
-689
817
-15
514
686
-672
-154
705
142
884
-397
649
174
400
-511
513
544
358
-615
407
908
-912
203
-262
373
931
818
786
-799
262
750
553
-96
-326
253
-735
683
-869
-744
812
682
-633
-762
-493
-501
850
276
-390
706
-541
-115
644
295
-39
983
952
-796
162
340
47
820
-419
-770
992
-806
691
321
123
380
-3
487
-17
533
393
281
448
257
-331
232
-444
-950
481
426
-845
-547
-388
-80
-144
656
-676
-60
-120
696
501
-775
-390
996
110
-536
-774
287
752
473
619
101
491
692
-412
718
-699
-188
345
134
527
-954
-860
-926
-592
-442
592
-229
712
671
-370
-459
-873
-740
771
-980
-763
-628
-527
-532
-691
-336
-916
409
608
195
-740
-598
829
28
921
518
694
340
-268
-456
667
-834
-901
762
-217
552
413
132
-762
583
937
742
-293
-925
-729
314
-682
-751
-852
355
-225
689
-430
-406
275
-750
517
72
-304
156
-591
-715
-420
38
-36
67
942
-975
-359
853
-57
967
410
414
-584
-52
117
-606
-437
-284
-231
535
-599
-734
517
-204
725
-325
-778
121
-827
111
-943
-907
842
525
687
352
-590
-700
-814
921
904
-536
-637
-891
310
250
902
-613
893
-455
-842
-41
-604
-29
-273
880
-499
-914
120
124
155
888
150
-53
508
21
-491
239
923
915
626
-874
-124
167
951
-97
817
-720
-951
-265
977
-532
554
-678
-184
-311
741
303
-399
283
-682
-1000
-562
-650
-68
169
420
681
-894
-792
-53
168
-102
688
915
-858
-204
-356
605
-37
-736
827
619
617
-422
717
-561
-341
-872
-541
-490
-860
-210
-569
236
-442
593
703
783
-131
696
-4
375
-92
-276
983
448
-274
-636
313
-42
614
-440
-196
103
-427
426
-79
753
934
-161
981
-462
-1000
881
-91
-603
707
-780
646
973
342
935
824
-562
-825
-133
929
-424
-815
-863
-156
-280
-881
663
552
876
-901
87
-228
-344
-794
-308
-158
44
-77
-176
875
452
961
-464
888
-421
50
-774
-629
962
198
-624
-749
475
-689
-219
-112
-369
84
41
-242
-276
210
722
355
-646
477
13
423
199
-412
510
388
798
666
-40
900
-181
-114
-196
-546
63
-966
251
-45
-328
-945
-85
-533
995
-274
-684
50
-627
804
969
-393
732
-561
172
257
-679
-933
-647
985
250
-320
-1000
-142
-712
409
-216
-341
984
-442
171
454
-567
-34
637
246
646
-704
-609
752
707
84
-604
-165
-415
-205
-950
616
49
-857
-905
-584
-708
735
-565
-875
-261
-616
-445
482
-315
-910
-895
906
913
565
318
802
793
237
532
-497
-592
446
901
-220
811
416
527
-866
565
-78
-309
457
-851
262
701
-932
772
-147
-863
291
686
478
326
212
-586
194
472
-830
841
-798
598
-510
227
240
124
792
514
89
445
-289
860
-325
918
473
-9
-88
-601
-528
-913
143
-239
479
-875
734
-53
558
306
248
599
-254
616
611
-424
-242
978
-876
261
-976
882
-326
32
656
268
310
-599
-38
506
-240
-639
-607
337
-711
760
-792
-950
-119
-2
160
-514
428
297
440
-393
358
33
45
-925
-378
-876
-941
-349
-50
811
-551
611
-390
687
522
-369
-239
923
-965
-370
-494
-561
-105
-394
799
245
-101
496
151
562
637
251
-903
-592
895
-863
-725
-84
-460
-358
-682
195
-221
832
-542
-919
998
79
675
428
-464
-18
965
-385
81
-116
609
-690
817
-461
-336
-730
-146
-764
-216
-409
968
881
997
820
252
26
757
777
-846
-780
-525
-591
-375
471
775
66
-348
-133
502
-876
-90
-978
-249
-346
-271
-868
88
-156
-340
428
977
989
972
-340
-870
-703
-790
314
608
536
798
-623
428
-560
-199
-303
276
-741
580
-411
415
-900
-989
952
-978
318
819
985
712
973
61
-894
454
987
775
630
-944
325
-821
78
-228
-600
-526
-681
178
-892
497
349
-235
-949
-331
-124
-130
-423
770
386
-367
-46
-895
-463
105
-36
684
309
-559
-654
-400
-690
248
870
-224
292
-416
-822
917
68
-183
862
97
601
993
501
55
625
-81
-51
529
-510
589
-834
-94
264
-395
286
687
691
-840
2
-834
16
-199
996
-569
836
549
65
733
99
-84
793
431
-200
-757
-833
80
88
715
209
-124
-240
-60
498
-270
-27
-712
716
558
483
221
453
803
475
-598
754
501
-593
-1
-161
34
797
-147
909
-883
767
512
-154
168
-450
547
-277
407
-526
721
-510
-618
-348
-814
-431
-487
-356
994
892
406
725
974
141
-874
-739
-966
-116
-342
-11
-94
170
-578
-891
256
938
-47
-885
-922
103
233
596
758
-173
-830
860
-554
-123
-289
-332
-737
-620
-198
444
5
861
234
353
-48
-575
881
-603
-677
901
-877
-291
723
-487
-33
-369
-937
-611
-683
788
-202
675
-573
-220
183
981
-412
916
-898
80
-918
783
-897
907
-492
-20
-821
-946
-159
151
-833
-255
-682
430
-362
245
464
198
263
339
-471
445
101
-780
-860
601
931
172
-418
262
-101
-468
433
-274
-993
80
-151
829
694
914
-436
-882
228
-685
-3
-322
-966
-770
359
-874
-799
-634
216
154
785
-390
-548
-345
-432
92
-809
281
836
-213
506
-256
497
982
-315
-373
499
150
-525
389
-64
633
41
-379
752
834
869
-404
-30
-207
-188
74
727
-904
825
-874
-37
852
-461
-387
-925
902
-833
976
640
731
-465
-800
-403
391
948
494
144
679
-35
140
-791
490
-288
-567
231
-20
540
-25
360
-956
-708
-269
-250
-779
-57
-432
727
503
-314
473
-718
370
-886
691
-431
-647
804
-135
-563
762
-920
-199
-932
103
436
699
49
-219
-656
288
-440
-215
-728
729
-519
-773
-246
-334
-471
-149
-42
758
-797
-566
901
525
417
932
-934
-848
104
-467
-362
-32
141
80
-347
-833
-322
81
379
707
-902
-988
-316
-844
-508
-854
-454
967
80
281
722
-226
-375
-446
18
-923
811
530
869
448
-593
817
50
188
-541
-945
524
-148
-20
882
838
259
-35
-862
-46
379
787
-315
460
795
129
-287
-66
-520
266
556
-300
986
-79
-247
-36
912
412
551
-690
-411
999
-417
788
-256
-224
46
-108
925
707
-256
453
519
539
-781
457
-971
957
-682
345
-595
-119
-858
-926
-827
-348
577
-492
-450
-897
756
730
-450
786
-916
402
147
958
-100
972
922
845
-795
806
-886
493
222
-622
-438
385
460
-310
602
890
295
-380
-401
-860
425
-674
366
-709
-949
420
179
-99
778
-735
243
747
729
253
-868
986
312
-241
973
-685
-135
724
-465
-799
-189
299
-747
704
593
849
-248
975
-390
439
911
-415
-350
-928
39
853
931
113
242
-293
-318
297
-823
120
-716
-650
922
745
245
869
433
5
964
203
-664
-618
-417
886
-146
129
-755
-133
-359
-300
126
76
-971
70
-752
836
431
474
131
-588
176
-387
547
-696
206
-771
353
563
-392
-343
646
780
25
417
416
38
-634
-716
633
35
-446
181
-789
466
-813
-9
15
398
924
448
-681
645
-821
164
702
190
0
-172
540
-99
-785
632
781
789
195
526
722
601
-686
872
3
-242
207
992
368
-467
187
383
580
-27
-35
332
-200
-863
-623
560
680
566
-986
26
742
-252
692
-258
-413
-852
-139
-771
-325
330
808
-293
67
74
452
-456
-500
736
538
-752
-491
337
-613
831
509
-867
879
-594
-903
-662
207
-393
78
219
-237
-705
974
-763
36
105
-272
-531
264
-75
-415
103
643
709
-450
145
-67
88
731
932
853
987
51
7
-505
206
32
-781
-619
650
212
65
-341
549
522
811
-428
59
-359
557
-723
937
423
849
261
897
-90
-30
631
293
902
-389
-328
-877
-581
592
969
-358
-26
947
-8
-196
-793
-912
856
21
-232
-778
820
256
-31
-867
-143
120
-492
820
-565
-740
700
-268
-470
795
564
532
318
984
28
-104
-346
304
-116
833
497
-181
-657
-67
792
-122
867
46
-833
-30
280
-563
-150
-546
934
-419
102
754
-344
-816
626
385
56
920
-497
468
-603
-118
656
861
871
-260
-727
-675
-323
893
-756
-594
-49
99
-352
-355
-47
117
-682
-253
974
-206
411
499
-343
-454
817
639
-333
219
58
-889
603
-925
855
438
-159
-611
276
559
-340
530
116
775
931
-119
-822
-456
249
-169
-472
813
346
-131
742
714
-695
-185
533
-48
-780
-320
397
416
-397
447
493
228
807
-586
-394
-235
-945
-663
-466
-550
626
-698
981
-174
-253
-275
-675
-299
735
-29
-784
-407
-296
-598
622
-724
997
77
537
890
763
-962
-109
-912
353
206
382
-666
-417
961
157
894
-120
814
-250
-230
162
50
596
-256
321
-237
144
-136
274
274
703
773
-125
566
163
624
936
-146
705
801
-555
289
729
-51
-913
263
4
-317
714
718
563
-907
-240
91
203
343
-858
396
180
189
-540
94
461
148
-529
323
800
-310
399
-740
-124
213
-589
-983
971
-208
979
715
-59
-628
88
351
307
193
917
-222
-766
886
-101
665
315
678
907
436
-47
-323
178
428
462
-389
-544
218
354
613
222
-845
605
-893
217
630
-524
-115
843
-590
627
-620
-723
408
295
304
583
757
-652
378
961
-918
-703
261
-603
-566
-229
-650
-530
134
490
193
313
106
704
-869
-787
-380
-588
-137
781
-605
-598
-536
404
-75
90
106
-543
-722
-133
-35
312
755
728
831
-970
940
300
344
419
987
3
178
267
-965
980
195
286
109
156
-562
280
757
167
675
243
-683
286
-538
67
535
-306
862
319
-758
231
562
-391
-244
-712
512
462
962
-59
-811
231
-938
-831
390
261
-926
2
-707
-625
-94
295
48
-493
-441
335
907
835
-921
968
670
331
421
-888
-900
94
-819
-81
429
-865
-92
-569
-91
-129
698
-689
67
-612
-271
-502
-290
-409
860
471
921
-103
-755
792
522
450
-345
-639
813
-967
883
925
270
-94
-260
626
903
996
103
-894
-901
82
134
337
-629
202
-336
920
-546
355
-394
-209
888
245
984
357
-811
-592
-958
239
-404
-306
-91
-787
-653
615
622
-256
492
-435
-515
415
385
-797
535
-232
-198
678
251
-859
857
592
-661
-944
319
-204
-201
-773
767
242
642
-792
364
-351
382
-704
-633
-588
108
747
895
835
-472
948
576
784
870
194
165
-662
733
732
536
495
-467
-748
220
557
101
587
-678
547
-574
701
-691
-324
369
-715
-771
-880
-847
-730
-190
628
716
-788
-770
-808
398
-279
534
-1
31
455
308
436
972
-12
3
772
-909
-260
-22
-841
490
-828
146
-159
-120
-612
-69
675
-29
719
122
-717
188
-361
-28
-563
257
-790
-52
903
332
-682
167
-601
-912
-434
351
-992
728
962
-536
-426
860
-326
433
794
-826
-444
-498
797
184
782
-321
9
-555
-535
-70
-957
705
173
339
-967
620
-634
-758
-99
586
-527
-209
-161
809
-34
292
280
258
-304
-119
-28
246
733
-159
-307
-884
963
-182
75
-441
763
-624
595
-310
-359
846
174
-884
676
-503
-258
805
-629
-528
-108
-720
-563
628
118
-443
-49
-578
-89
971
-651
922
400
-788
-754
726
-526
-230
787
-288
-104
-942
-732
-494
-966
-810
229
963
-623
-293
517
84
-58
-348
-487
457
-539
173
424
476
604
877
-571
3
-979
235
4
-20
-234
250
333
775
334
-1000
535
-487
202
-914
757
579
-553
-940
-982
-121
275
536
-673
788
-934
-601
-198
-799
-62
675
-84
-669
-467
-63
-524
825
350
937
217
-197
216
-321
821
-680
-134
454
771
144
-747
-432
850
-280
79
-600
-945
467
-374
663
-263
290
-705
-117
516
398
349
644
723
719
76
753
-906
188
733
871
-622
-905
-760
471
-286
108
282
743
-634
348
-782
-226
-967
272
363
385
-407
-943
148
-255
-339
456
-779
-393
355
-141
711
871
-839
-799
909
-313
603
777
524
-571
-603
-4
686
-590
-305
216
-177
-428
923
-516
-597
7
684
-449
441
461
730
-378
-736
186
-570
-473
-940
172
772
850
-822
-809
554
-621
361
140
312
-860
-970
63
-598
-657
-855
857
841
651
-581
371
793
37
446
178
204
-23
-39
-323
-114
-36
-354
739
491
-288
159
-899
325
-313
43
364
-411
-615
-793
948
475
-276
-438
493
313
810
-47
165
-718
962
838
507
296
-943
848
-706
243
293
-883
-242
487
-112
64
-404
644
-697
-329
-507
-177
737
191
5
32
411
-600
259
-135
-651
557
-590
705
-817
681
894
160
226
409
386
-21
-38
-987
356
-176
939
-910
-330
-423
-38
372
50
-455
-323
945
329
348
-164
22
-159
-680
794
394
977
342
-214
91
209
480
-135
93
546
-623
-865
-626
-49
213
-388
-905
364
-557
-785
933
308
-335
-16
-52
-83
-177
372
177
-282
958
-911
-462
496
-201
-506
799
-158
-471
-80
879
-29
944
-732
688
870
744
-785
50
-352
384
-68
-837
-28
-432
-481
776
715
150
-347
614
720
-626
603
522
-135
542
558
-381
-209
159
-309
-830
-495
-155
-264
921
-406
649
-569
874
851
-845
390
-342
-809
520
-229
-599
-266
-217
-951
845
-969
-455
-937
22
902
-547
34
711
-617
258
307
-749
-199
821
654
-458
943
-47
475
609
521
-90
629
-810
-486
-839
-647
661
-314
256
20
-492
536
-849
339
570
163
-522
842
509
-581
-750
-881
626
842
-571
-258
-468
-242
-768
-543
-461
-384
-704
-607
-167
420
-806
-407
215
356
560
477
-6
817
-248
-631
-260
140
-387
905
-546
-376
297
562
581
-308
224
-833
594
878
838
-254
399
-111
10
-218
824
-675
517
-141
801
155
-927
834
-341
-603
-205
257
249
708
-251
719
629
-45
963
-184
-584
389
-290
875
-763
-280
-108
-791
-652
283
-230
-952
-73
732
-815
-804
630
-471
-235
944
319
-577
469
-364
189
307
-23
576
723
126
47
487
892
-390
-889
108
86
-638
70
797
-335
298
953
-906
664
-32
-47
-83
303
-344
-81
-616
-125
-216
-388
327
187
-625
-351
873
-744
527
-899
-462
454
709
-74
322
706
-422
287
221
326
18
-551
-874
375
56
977
-494
102
-555
395
90
551
917
-867
234
473
604
661
292
-981
688
-799
-644
-430
-22
-50
-389
-357
813
598
630
-676
687
-934
789
-544
516
-707
-840
896
262
-390
-461
947
823
-838
663
635
-91
492
-695
-353
501
-231
-941
-371
151
-783
-811
-194
-776
118
176
-822
158
248
544
-308
-704
-833
-502
767
-595
280
852
-437
321
-751
111
869
448
-958
197
-689
505
-481
-166
596
153
610
739
348
444
-734
573
-360
-670
799
1000
618
196
-818
270
-303
-904
-994
883
838
737
-359
112
-106
-440
-359
-20
-456
-606
-989
-490
803
-810
836
-660
120
-491
478
-799
818
-977
478
-514
-798
-371
881
559
-259
-689
-63
-663
858
-289
722
137
-88
769
-787
501
400
-955
-442
718
606
-254
-807
179
997
-39
353
-450
825
947
482
-893
925
-677
-971
-805
-508
-971
615
446
-189
126
-371
769
-410
-418
-292
-803
-143
-378
-938
521
-831
-619
485
392
-170
-881
-404
-794
-825
-5
-746
-47
136
162
999
-755
478
432
129
870
-330
465
-737
-967
-377
804
482
-940
458
-887
-221
-828
684
537
369
-890
-580
-376
-479
175
269
-913
-171
-996
939
-954
-457
-659
729
852
119
395
-720
-142
-417
457
-788
767
-76
-757
175
-601
-786
566
801
31
-466
-217
-111
726
99
297
617
435
409
203
-420
683
-873
-224
66
-325
-163
418
-428
-769
-488
-947
468
384
719
880
963
-606
955
-401
85
-324
541
454
173
46
370
-986
-290
-198
921
318
243
-935
117
-551
-775
-134
319
-341
-500
-206
-635
-630
157
-631
784
207
220
-385
628
-108
-106
587
-746
-782
-744
-465
-43
-663
416
-573
-989
-589
802
-788
-611
-893
475
469
-961
-120
-538
304
-570
30
268
-281
966
-207
126
-607
-628
-910
-525
-728
510
743
183
589
-854
-971
567
361
706
-425
-29
825
-294
782
288
612
559
-935
83
342
180
875
-67
-559
-477
-483
808
-718
191
738
-687
-797
-536
844
56
220
525
912
511
-966
-837
-428
-468
-700
-946
-916
-256
-859
-104
387
722
140
-19
-618
152
255
679
752
35
544
-639
401
765
-512
-133
-77
559
176
747
157
770
-307
-569
646
-715
-661
-131
-206
976
229
-346
846
-432
-34
-456
479
548
-924
-9
538
-144
-596
-561
-289
405
-528
-224
-208
41
905
-826
455
527
-955
857
468
630
804
-224
762
674
806
546
-524
101
513
85
-388
-641
-97
-3
281
872
372
-945
860
449
-213
-900
-881
569
-879
881
310
-452
783
144
-430
666
-837
653
756
-570
644
331
336
-385
-41
672
-349
597
-40
15
445
-322
-782
538
572
755
202
-96
490
755
-229
533
-911
749
-561
-789
-520
906
-485
-111
870
566
729
610
182
-354
256
-928
414
-30
-894
-906
-897
167
594
-763
-784
686
811
-346
771
451
717
175
303
-73
994
783
668
-604
-786
-39
972
-966
28
-861
-412
-204
289
-220
667
648
187
-180
-633
656
610
866
-622
557
-188
131
-253
317
485
-318
-238
829
-299
336
-231
-316
-166
424
30
470
563
-899
-803
-974
-817
-914
741
-860
-922
-987
473
449
-596
-770
230
-603
-712
371
276
609
959
448
-603
-386
-984
-207
370
-366
417
-3
-36
971
-232
-764
-818
782
-413
464
-574
554
356
-706
603
869
-205
426
-399
264
456
-713
-833
151
463
-709
-694
-920
-158
453
420
411
720
-930
-884
-291
-400
48
-360
698
-705
977
-96
-925
871
6
-849
182
-766
-155
69
-321
696
-341
-199
98
240
710
-107
955
647
-775
-121
885
188
82
-963
-403
37
861
-487
-972
-447
901
-25
-607
-832
743
-579
544
742
-553
952
616
517
890
142
545
-19
-862
240
-42
-188
91
-814
643
-849
531
458
-104
664
508
658
-781
572
591
863
-418
-61
266
62
404
924
-392
562
30
725
711
-630
593
86
-677
792
-964
-611
895
226
-918
-30
-799
-109
-6
-238
-11
-194
298
-54
556
96
-661
741
-420
286
-646
-145
-760
143
-926
-707
770
-973
-67
-126
-192
-836
-80
-911
-227
-371
-663
-36
-305
98
-876
-515
-143
-363
84
511
-993
100
-68
-898
-955
488
-884
268
-183
-395
965
479
-877
-997
317
281
-116
-171
-251
-92
-623
378
286
939
-396
960
-974
-136
927
647
446
206
-60
608
-736
101
-343
212
-356
-948
560
-604
185
-177
222
480
-766
307
313
-215
-98
-464
-585
-478
508
81
779
-898
-336
-644
583
-308
-631
494
931
804
428
113
821
-711
916
67
429
-707
919
-590
-449
370
-543
-64
392
800
-212
521
-166
400
-134
981
570
-961
108
-225
194
428
-713
564
765
-491
500
-509
60
-796
946
131
-970
-686
790
127
642
-376
581
-517
136
-587
843
-19
-529
-115
833
-637
167
-502
695
192
-90
433
905
312
-295
642
140
55
-351
94
-286
-540
-315
2
-136
-492
103
138
-687
516
-979
826
-70
-134
224
786
533
-380
-542
-267
-975
-314
-332
216
606
-11
245
-605
-337
-246
97
-488
-455
168
-156
-953
940
814
552
841
210
-359
-373
557
721
-585
-885
-272
-342
719
-120
788
-330
-274
257
23
699
640
-841
-527
811
-309
-790
-260
-615
530
-337
-42
-16
-104
-209
633
938
-548
-387
446
704
-931
-89
-931
-134
-884
468
-818
-56
-826
-980
92
-770
-363
-845
371
311
538
666
-942
-895
-226
-498
616
327
203
568
-400
-473
308
150
-31
-482
-763
-71
-812
50
-933
757
-665
949
-201
-806
-632
-458
-763
500
-298
484
-245
-500
467
360
-41
890
100
-146
242
-95
-920
-940
-939
-873
776
-885
-372
655
-964
-669
-285
907
-36
450
-222
-578
-108
-613
906
19
700
530
219
675
371
796
388
-246
73
-233
-838
-115
907
-780
-926
376
787
147
-776
864
-946
899
898
-204
-108
-965
-997
-429
77
450
-692
275
314
627
520
322
-415
-279
202
462
652
-561
808
-418
812
622
57
-990
-953
-248
139
438
-542
816
193
-365
-845
-566
-707
-143
791
332
989
818
-849
-620
898
-815
778
678
861
-109
391
174
115
233
145
-900
975
93
-294
867
-768
263
682
-796
672
581
-697
665
404
692
765
-854
477
-183
448
316
-250
298
876
-980
136
-349
-133
613
-918
633
405
-980
783
-790
93
520
509
350
960
870
-110
95
114
256
247
955
-527
813
-271
-243
-452
154
-906
-267
-982
-44
-912
783
55
827
-235
-864
-364
320
904
834
339
87
158
-389
-823
954
491
-388
599
823
-365
334
-1
504
150
-238
-890
806
-501
-397
-727
-401
793
-968
-836
-839
822
986
-564
327
-265
774
6
522
-309
967
-249
462
472
-914
-453
-821
292
521
939
-973
373
-257
-109
-858
-479
-756
434
-410
-852
-258
-153
5
883
-1
-863
227
240
681
-176
-438
-29
-789
-785
-266
396
-54
-754
927
960
36
286
-419
-949
-605
-270
490
-935
-476
592
-379
-996
638
422
-153
-312
-593
-486
746
691
174
-486
345
-447
893
182
-672
517
-74
-818
-459
790
-753
-316
-347
317
-747
777
567
120
904
-322
-23
147
-1
-665
-406
256
125
300
245
482
-987
-365
878
-982
714
997
622
368
317
694
-805
-85
561
450
410
-642
-297
-664
-860
-337
-262
-566
404
-85
746
-109
-805
400
176
813
712
216
257
-708
722
953
-731
780
950
-160
-20
-837
68
-672
813
-946
-534
435
932
-677
126
-736
-584
705
354
-745
-546
641
-387
808
-866
830
-284
-925
980
525
518
603
459
-62
899
-162
-453
730
-841
147
623
844
909
-544
-267
-344
-585
-492
-672
-526
215
-371
-722
-618
226
-626
799
-120
34
-421
14
-987
263
831
-250
-179
132
858
392
953
-622
-30
-78
92
-633
-95
-313
-304
-190
-191
-239
686
-307
892
490
826
251
985
-886
607
-534
519
-767
-1000
19
851
-542
320
-391
-855
-880
249
135
-935
-200
291
-662
857
-909
406
777
-523
-489
133
279
936
-649
-152
241
-683
-993
282
95
824
746
-557
-214
832
-660
-295
755
-323
-276
-951
-466
-794
-153
-107
788
-546
-837
-650
449
-935
-558
-994
-891
744
832
-670
294
-562
-650
860
-478
-380
-145
375
45
-829
404
634
-503
487
-527
-496
-367
113
-405
289
666
-274
411
-830
435
-142
969
96
688
-139
-112
-215
550
643
-510
74
-12
996
163
38
-78
-595
715
398
570
-857
14
902
-473
-795
355
-323
482
-826
-39
351
423
521
702
-38
-910
-259
577
242
-949
-810
371
387
129
273
-684
688
-682
15
-255
-220
-431
372
902
536
825
-355
459
-384
678
146
399
-534
-401
-311
477
543
506
-728
-702
928
-520
-488
-339
-552
397
-326
-661
933
-643
-795
718
-67
624
257
-801
955
-385
-335
-855
-974
833
985
-677
166
535
589
433
-371
12
188
-373
-595
893
-689
131
840
242
-511
-827
984
-757
-100
160
312
-861
-198
-700
646
-48
-240
68
-904
688
187
-248
73
764
270
796
-343
-190
-905
639
95
-217
917
-619
992
722
418
473
647
758
187
347
-39
832
-13
-947
890
479
-171
772
-369
86
-325
359
-20
835
-677
721
916
144
503
-966
796
388
976
374
-48
-458
-378
-186
895
60
-510
-380
963
497
163
-146
-398
-978
-713
-427
-353
196
-51
-339
532
-611
185
-823
-915
112
-637
514
-101
852
-58
415
-124
186
187
613
-481
-210
-220
700
358
-45
377
-41
-650
109
-875
-920
-810
535
588
-827
-608
-397
402
-13
306
278
-78
-792
191
-812
-527
-387
928
-510
513
139
-746
37
-602
-905
889
850
625
651
-101
881
725
-1
-839
-954
-474
485
373
-19
247
35
-999
291
-337
569
681
-432
513
-419
-216
-33
-659
-679
-473
498
-775
184
-223
-491
-435
-164
284
-709
619
-197
-287
-233
-332
-690
-291
958
837
962
138
-148
-661
-378
-343
-728
379
-188
449
-552
258
994
-211
-504
833
832
-798
878
-957
495
734
-878
674
-750
879
867
273
