237
163
-700
987
-969
-53
-894
616
-460
-608
-329
-453
-356
502
25
-258
-864
442
502
645
322
-537
563
-299
186
632
-569
50
132
-757
802
-237
670
521
-421
447
83
958
416
80
336
-351
660
-12
244
404
-530
411
-678
348
-824
-826
-732
930
-24
-72
-455
-267
507
143
-60
-931
-90
-287
856
158
-458
402
-610
-75
919
146
816
238
-871
558
230
-82
630
-933
932
-673
-870
870
-824
-410
-871
116
489
-255
544
-383
-801
-184
-199
-159
-18
-715
-486
-190
-400
-896
247
-780
296
287
973
138
-118
-489
259
689
-629
-835
139
577
-704
-885
-349
-587
-671
-682
110
862
-806
-800
647
-532
-148
-253
194
-459
-168
-568
386
75
-285
-646
402
-80
571
-474
54
542
822
-936
600
-723
-838
704
-976
772
-995
-454
361
-145
-358
-926
654
-946
-304
714
-724
266
877
891
559
-292
486
627
-209
206
379
-137
7
-939
-160
795
124
-700
550
-894
267
-375
333
691
-992
502
243
409
344
329
-14
-967
996
316
-870
-727
-32
137
19
-647
534
-224
341
-215
-977
554
-947
-917
-114
-976
-301
-349
-184
584
117
323
-766
841
348
570
708
192
-805
952
-635
-142
286
105
727
968
46
-439
-998
705
953
-683
-419
-172
-495
671
617
501
549
380
-867
-626
-686
-322
-538
825
395
357
901
511
37
711
774
-282
-464
66
-37
-433
718
21
633
198
611
-788
776
221
861
164
341
779
228
719
-596
355
-179
-554
722
896
112
-223
483
109
620
-371
738
-605
-688
-638
117
777
-500
931
-670
-154
562
-591
-823
-671
-166
131
-680
-524
-224
856
832
819
2
-470
-920
-793
285
245
551
884
-675
279
-665
-48
870
701
852
680
959
-368
785
-514
-214
-168
520
-994
22
192
-369
513
-204
-596
-949
-891
375
27
-761
-127
841
-24
-836
-332
592
493
-764
-121
285
-122
-171
805
226
-958
220
910
591
118
312
-685
-38
-966
-940
-583
-887
-676
779
-915
716
192
-804
-115
938
-211
-769
-5
-252
883
868
-169
773
979
-894
155
477
6
-187
-934
-282
143
-499
-163
155
86
738
338
-312
-957
590
-961
-675
381
-380
-970
-847
-118
931
-158
-343
663
-937
110
272
-817
-730
-339
523
137
-987
450
155
130
630
-843
967
552
872
433
110
-857
722
983
145
206
-811
261
565
-753
-560
-522
-711
302
393
-307
253
633
975
-398
-26
819
523
991
885
-207
795
-54
840
-994
-445
614
-668
263
-445
-54
713
565
-478
415
-76
960
126
871
-557
-627
-10
-438
919
567
-662
537
296
-210
-385
888
249
-62
900
205
-614
-769
343
542
94
-555
-683
962
633
-123
-143
256
405
67
813
960
-54
123
-505
-647
-842
-816
848
-800
-561
553
-652
-597
-298
438
-520
-567
786
-272
-662
-433
378
599
951
-593
-901
-253
-448
650
877
276
369
-627
222
6
280
94
241
-880
894
-521
358
493
441
-507
-622
-225
-732
96
279
-540
822
-540
545
-606
401
-301
729
173
751
728
748
-986
206
-194
23
843
-663
-425
710
-923
-848
582
427
701
603
-66
-841
522
327
-897
528
-267
415
-926
501
-383
59
667
-681
-487
455
857
463
823
715
53
175
-173
-434
-837
567
-705
-173
39
-342
-608
-362
200
-189
-512
-969
-82
639
77
-795
-517
766
837
-117
185
815
220
313
709
221
42
847
-524
162
928
724
133
431
752
-942
138
-192
-965
896
599
-863
917
-810
477
368
-412
77
-952
471
-911
-809
914
-698
454
-428
561
-95
-199
-900
-637
-492
583
988
-129
663
838
85
-137
928
636
928
486
-668
806
-1000
-722
550
507
-980
-158
-303
218
377
639
-453
-345
-898
-948
-753
545
-158
-182
645
27
320
62
-544
-329
914
471
-55
-507
614
200
-198
-851
-524
-708
-169
814
848
-442
-596
-5
-715
833
583
-411
357
835
296
-43
174
-670
-836
-545
181
285
460
446
-928
583
239
792
269
-271
-840
-677
48
912
-612
378
-330
789
-964
-206
-32
921
-195
2
722
5
345
216
-335
204
-28
812
-484
-171
686
621
-921
912
560
-891
-224
218
53
925
-802
-815
851
-742
917
-227
-942
-291
-126
775
581
-43
-613
-132
520
-31
861
-672
831
-459
-464
700
-45
940
-99
-161
-584
860
-414
-244
-195
-896
256
535
-913
869
517
-367
-169
-334
-378
-657
-746
-418
916
-603
-757
970
3
157
718
-367
-578
-966
865
-492
685
412
-552
4
294
224
-538
914
-217
633
884
-470
-794
-478
-813
663
347
-24
-557
368
-664
449
477
-995
67
-434
650
-841
-493
-696
45
-970
16
837
-52
234
210
-677
-904
561
-651
887
11
219
896
-621
587
204
288
-805
399
120
-273
116
-264
-755
-208
600
-660
-643
933
243
-262
217
-89
-482
-416
-12
-729
990
171
381
347
300
204
-636
355
580
-713
310
-402
-939
-686
215
-802
78
223
-993
-973
753
885
-916
994
-227
207
-749
885
-399
-502
168
724
-793
833
926
844
378
540
-372
315
-907
-11
-701
-27
770
-70
196
486
-930
34
-403
962
370
147
808
968
-97
251
297
198
706
607
225
265
-668
941
-799
604
-349
470
389
102
-119
60
-990
495
-399
-249
223
929
136
187
463
902
-747
195
-689
-360
598
779
-813
69
632
819
-593
-600
802
-869
-851
-304
562
-271
218
-975
-676
443
-421
739
4
668
-250
743
329
-67
-899
800
248
984
-960
-920
82
-640
-288
846
-211
256
-288
-413
911
267
933
157
-480
-110
388
-933
256
823
106
533
488
417
-391
450
759
877
802
343
413
971
-489
-1000
-771
524
410
804
-166
150
-461
-733
652
-819
706
-313
-217
-100
596
554
-538
-427
-452
-122
-271
113
-127
-409
192
840
397
-195
24
-235
-660
-407
-741
-317
-922
-653
-964
-917
-273
118
-386
327
940
624
-281
-523
613
241
433
-467
-518
638
507
396
-407
-939
-550
-359
61
-123
-833
-288
-986
-604
-28
588
906
-42
506
467
735
-677
275
393
-526
283
-561
958
589
604
-281
-784
-657
142
193
-583
293
44
9
-715
-8
-724
858
52
278
311
-709
861
-363
540
-411
-437
-245
383
468
-477
18
806
164
-125
830
-243
90
753
-41
817
160
342
-663
347
-584
-166
499
899
590
-860
-397
-150
238
-505
-300
-273
154
-894
763
383
804
-977
-435
-533
619
652
920
589
-281
138
666
-84
-459
253
622
685
242
599
-382
615
-872
-981
-848
-563
760
-454
-617
825
-874
233
-185
-852
-413
117
638
51
-289
-514
964
63
-912
-223
-363
-920
115
-780
27
352
-393
-551
-72
-711
-957
-410
-841
-50
769
-995
505
812
-517
-441
627
-928
-192
992
-256
-624
-640
-1000
-48
-20
-980
465
-19
441
447
332
184
-946
717
-124
-11
346
687
-625
483
-487
490
212
258
318
-58
695
-823
835
71
876
-437
-29
-394
986
479
125
-918
725
853
-582
923
-764
-876
-733
-611
-708
106
972
-488
994
-768
-1000
-438
-559
-229
-226
-678
-337
-83
-664
-176
-929
474
799
82
227
-534
175
925
966
-559
-789
703
-929
-424
-593
-513
-458
-396
-454
808
-343
-652
217
343
578
-54
76
64
328
-984
-231
299
-749
-898
358
-891
-450
-536
709
413
538
-482
-277
241
33
129
846
921
626
-924
506
878
-947
357
-658
640
-133
910
781
-939
-55
545
-117
851
-190
915
-620
719
-492
-487
-161
244
-185
870
649
-932
-570
844
652
-814
-242
-497
301
-560
-185
656
-472
629
969
959
578
-1000
-394
-539
833
599
376
-841
577
162
153
-540
935
-836
968
849
546
-663
833
272
175
-952
986
-562
334
-878
22
625
-618
-791
651
-882
-488
130
-968
211
-873
987
-284
-159
-237
258
-83
-802
-8
758
-241
128
-835
-685
-971
-630
668
-674
-339
-708
-539
395
965
369
413
334
-129
538
-281
-813
-852
137
479
764
-879
825
-198
-885
-543
-4
-797
173
475
-515
-429
-26
749
162
-343
18
-492
-537
809
275
-596
879
799
313
-689
-962
568
-792
-106
-184
89
-755
-588
85
589
-885
836
759
149
-21
-117
769
608
852
536
832
352
330
-353
-661
117
-416
401
-222
-114
429
-163
962
90
-829
-847
-225
-279
-940
-123
-126
981
-703
-115
-267
322
857
756
-880
-618
-315
592
-406
239
806
-30
-513
-674
848
-693
-146
-975
764
71
591
380
-838
470
805
557
549
819
240
306
103
119
898
-948
514
438
62
991
-244
230
-359
-391
-733
-162
-411
-772
-123
-758
-57
906
877
916
896
-47
738
-780
641
-735
-150
46
911
-388
-928
740
-426
536
-555
-577
-398
926
-996
-262
199
-737
393
664
913
-859
-454
149
591
343
807
-180
292
59
-313
-428
-199
759
644
-592
-793
931
26
399
-367
705
702
508
318
-835
-697
289
677
-280
669
-846
305
989
-100
-656
971
444
711
470
-633
633
-242
-770
-197
-291
-181
-728
757
51
516
606
-90
-574
-851
871
-210
726
-711
49
-199
-408
761
885
484
-956
-402
767
-990
914
-955
443
-128
199
-312
745
74
310
-353
844
235
877
994
-870
203
998
94
-618
-82
556
-229
115
-598
-764
-742
-128
544
-317
332
374
566
603
270
-401
-778
-821
85
-54
-977
798
-68
392
27
-935
-861
363
61
399
-394
174
-107
-426
-163
-39
-151
-644
948
-642
513
301
360
26
895
658
210
896
818
-386
711
-392
-839
438
-257
11
689
370
787
-314
-649
-595
-678
-554
-144
-739
189
737
-745
-664
885
151
-531
-616
-76
843
534
-762
274
-54
989
66
299
673
-985
392
677
971
-236
-201
-874
-531
752
906
-167
737
-915
733
-388
67
106
66
148
-265
381
-912
864
-509
-764
173
-680
-573
-241
254
981
714
448
368
617
881
424
169
948
-719
6
-491
-549
116
-232
-755
921
-636
-347
54
-200
710
489
705
-86
181
106
75
172
-870
674
871
-958
-481
546
57
-110
-732
442
788
499
-693
770
601
664
291
630
749
-654
-457
-924
256
546
-431
-904
7
-28
23
-669
-835
888
866
237
-401
57
340
-207
781
375
525
-334
-459
-739
848
-97
569
409
-277
-81
105
-918
-101
-717
-910
-962
119
669
813
-514
988
-107
113
442
332
176
76
553
726
-731
-736
-331
-766
267
237
684
33
-223
-319
-180
887
939
-680
46
67
-69
-511
541
589
16
405
-176
561
677
593
743
517
-685
-967
-352
120
-554
-142
203
-891
-286
-690
616
405
-958
164
237
670
-430
-81
-98
-184
-239
-83
480
928
-787
-367
522
555
-24
741
-954
-168
747
-472
-350
-511
-181
192
320
-337
301
-841
-428
472
-38
-413
19
340
-523
-898
987
-539
-302
-123
-772
12
629
653
-794
-714
-264
764
-193
-439
353
-99
163
839
554
-484
952
16
-838
-278
-175
820
-21
552
287
763
-42
700
26
-986
371
-847
888
616
-340
434
-170
341
-909
-530
-159
934
-920
-308
-834
286
974
-856
928
438
-912
-6
-802
-929
-585
-538
-525
540
820
583
771
-718
635
210
-699
483
495
151
-663
-609
-486
-629
-650
-719
-738
867
959
-52
519
-207
563
-64
-850
-175
-735
849
58
69
141
482
556
-226
320
-745
284
331
308
735
14
-773
12
484
-722
945
39
720
-233
427
-287
914
531
145
-138
-211
784
731
-428
-303
-1000
295
-312
-533
-4
-447
-111
569
-240
23
-797
-725
-190
-294
13
810
-924
-532
-904
569
753
331
-546
813
-148
299
-326
7
361
563
921
-991
477
279
921
414
828
-412
-706
897
956
-617
-224
407
170
-961
700
-156
724
338
-168
-800
-63
-78
546
-850
137
-876
796
-472
554
-805
-419
474
725
153
939
-166
892
-800
321
-896
331
-606
-542
114
-762
766
-282
312
-972
-373
-62
50
464
550
-951
-335
-808
713
920
-662
-715
-624
568
61
190
-71
-127
200
-287
749
-430
-889
-867
-143
-624
455
171
300
-34
-935
-140
-415
-474
-38
275
-866
128
-422
-174
-598
-246
-9
376
627
-840
-544
-379
-665
408
96
-88
-969
207
609
-293
685
729
53
-536
-316
563
233
-404
-194
-973
-750
-246
-285
340
-369
-625
-764
423
271
208
511
385
-341
-689
649
-873
-147
609
153
-374
-826
-871
67
-601
-742
834
-992
345
508
320
450
-498
-137
-232
165
-249
135
-591
656
592
-627
101
-151
-589
43
-223
595
898
309
-828
-709
459
-779
-617
-895
-196
519
-632
-724
496
27
866
713
390
386
640
-689
487
-644
-762
533
998
6
-197
-42
134
-393
905
-980
-726
-519
-378
-292
611
-754
842
-472
-819
758
-986
-97
577
-580
-636
866
-107
21
624
-302
-446
814
685
-821
-741
-330
30
291
885
978
-119
188
176
156
-396
-1
-21
135
973
792
-893
69
-535
-560
802
-245
321
240
-764
92
-664
-816
984
-872
-650
68
-256
-694
794
-567
101
-37
708
834
-870
-834
892
794
-469
-908
-314
3
-306
418
130
-386
-711
650
508
774
-890
-159
444
389
255
109
-414
516
-613
-543
987
48
-854
528
-408
645
25
22
-639
-737
-722
636
-770
817
-990
439
635
584
-244
645
968
-838
677
-904
647
340
919
-372
382
616
-642
244
882
-587
-712
851
-511
821
-579
-543
724
-694
-717
319
-830
-631
954
241
411
-39
-472
379
-392
807
964
112
-296
-49
-274
282
-140
-616
891
-714
324
120
-163
-280
-141
827
810
896
379
-26
-869
187
-739
-393
-100
-805
568
586
227
33
-346
-763
-955
-162
963
360
-484
-945
-844
-193
289
-767
734
-88
-443
218
668
-757
-227
924
-745
-430
406
-803
505
-767
-845
-495
-679
981
-345
-630
53
906
-930
-186
-839
664
-278
123
650
431
-117
341
-103
816
-322
-926
516
361
-249
686
887
231
-798
17
-564
-725
612
-337
-75
998
-325
-199
-34
-992
280
-410
-145
76
-487
-27
25
-362
159
665
-971
731
-938
657
990
-919
-829
-358
-637
834
-126
-761
-508
-422
-463
-110
-525
346
-903
-276
520
-893
-566
-448
764
355
-323
116
-397
475
954
-718
846
-351
-351
613
266
-198
-400
227
743
601
361
-904
-626
-959
-744
144
683
560
89
327
655
-204
-650
-485
749
657
475
-330
-299
362
-858
-175
-779
-997
499
607
-180
940
-272
-912
214
610
-583
-977
-846
-865
59
548
502
-612
-183
448
922
51
729
696
-828
672
-3
-910
817
714
-817
-314
555
-589
546
259
-279
523
-971
-82
-826
644
-580
948
297
-983
225
-498
184
-478
527
-979
-226
286
532
-318
414
398
-382
224
-375
-344
-954
-17
-642
457
-918
174
-738
797
597
-488
-376
-927
-908
-18
282
386
164
-668
-40
181
377
546
521
326
325
-868
-100
860
-491
-507
254
-693
985
991
-434
-484
-622
628
-59
536
-138
-364
-441
289
-656
-714
-863
833
-211
494
32
150
-161
-490
752
-264
56
453
844
804
571
-582
-639
-265
144
304
73
-262
-632
224
231
813
499
152
820
-824
595
-324
-279
482
564
-229
-20
-764
189
485
-466
-23
-200
-796
715
349
655
-294
-410
124
230
717
200
-710
-737
-15
-192
-397
-662
807
-517
694
318
723
995
-670
100
-84
-636
274
216
730
-19
-211
48
941
423
-958
754
-419
-40
630
-84
-735
-820
-893
663
-578
-430
281
877
-595
-187
266
513
-299
-61
-758
332
-933
-372
-644
-296
-400
689
629
-261
-216
-109
428
-508
-122
407
-334
-363
423
901
-568
-956
-636
-214
287
811
-13
-793
618
-820
954
907
-931
240
-183
-805
-762
455
-456
340
-214
-933
-370
360
-526
-866
-492
-84
974
-893
-642
889
657
-37
-121
-205
-776
298
37
-625
-578
394
-712
298
638
588
-377
-345
781
535
361
272
211
470
772
839
-605
774
-316
142
597
-535
-644
540
520
-475
741
518
-611
-111
828
-614
-828
372
472
-239
-547
997
-907
914
-439
64
-491
-667
-860
-728
269
188
-667
-57
741
853
278
362
-724
-829
-429
807
751
88
-91
617
338
74
-590
-984
-458
-600
449
579
50
-802
-397
657
765
25
-580
-360
-721
908
-115
-824
934
-706
-560
-995
78
194
-83
747
-611
-410
-663
568
-684
971
-587
604
425
-946
259
-420
364
-388
989
649
491
949
-796
-936
-959
-352
-83
323
936
-398
-847
-959
-832
-236
439
990
665
-724
-581
597
570
-518
572
-98
938
-189
-583
-299
-763
634
-996
637
265
745
-336
-942
237
-98
137
-627
333
363
-226
-619
461
-655
-491
-115
-504
898
178
-715
81
606
989
351
-246
258
-31
-375
133
-843
279
-320
-230
-985
-693
143
-306
956
159
-78
-191
-6
818
-233
947
755
859
-23
87
-618
414
-935
676
207
224
-324
102
958
-320
362
-737
-943
-201
53
65
64
749
169
694
-328
-342
488
650
-166
266
-833
-593
-7
713
871
-499
-918
-259
-193
852
-34
-838
865
292
-763
-362
-880
425
66
-638
428
-461
-826
746
-623
818
-314
816
-665
172
-510
101
-207
980
682
305
-170
-574
256
699
666
-724
95
886
-949
770
183
261
331
681
595
229
507
262
169
-845
338
751
287
603
729
695
-989
415
622
300
729
546
175
950
564
-36
742
-458
-948
916
-233
451
-43
-882
-138
403
-652
-997
-373
567
-88
-863
-922
850
495
-514
-421
-682
206
-728
980
-381
587
-156
-142
176
581
525
-449
385
-62
-884
-264
-219
427
722
-284
417
866
600
375
-194
-979
-609
-906
-18
-266
421
-274
-297
340
-849
523
165
-353
-581
-581
-496
-581
-163
-355
-736
-584
305
173
873
564
-86
-61
121
-157
-246
630
-866
-263
307
-791
-523
558
22
637
-711
-575
936
615
12
439
441
-356
898
-943
-158
-82
68
-661
75
849
-970
-171
-123
-794
-369
-813
-798
601
-905
861
-65
983
242
217
481
-949
-113
113
245
973
-325
297
-690
-939
-775
757
-602
-920
412
890
-891
-923
237
-135
421
-925
-435
606
167
965
379
-337
533
202
-581
-611
-118
170
366
-161
868
-714
400
-491
-771
-637
-400
-696
148
-187
-59
-137
924
840
31
857
-446
35
-53
269
839
-2
486
-253
476
576
-230
-487
-736
894
-862
-197
-776
-335
-464
-188
-992
-665
-80
689
-555
405
-656
-850
-353
796
346
-473
-1
-337
986
794
-148
39
222
69
985
624
384
-707
89
386
992
-926
-539
-636
598
477
834
-408
47
697
735
-893
-68
-542
-292
682
-478
692
-575
-764
745
-375
179
488
103
179
-246
-115
550
-401
-461
-424
138
-452
697
584
-503
758
394
932
-13
-168
-796
-731
134
343
409
135
270
-887
-798
-440
-189
-265
-415
361
816
-287
-139
771
-822
849
-631
200
-601
-636
-213
538
-264
-975
-267
398
-862
-392
-224
-352
790
827
210
-987
149
20
647
-730
616
-385
-494
-157
921
92
-878
379
-160
128
-323
792
728
-406
-864
-509
-274
-850
16
-612
-125
-389
-511
621
696
-136
-116
610
436
-724
-21
342
-462
475
477
925
-957
271
-394
-234
-667
-536
-888
877
71
-804
-190
-42
-921
711
-304
819
-673
363
2
-223
-607
-37
281
552
-485
195
-967
501
332
517
-241
-283
-664
683
505
-621
776
500
-857
-774
-425
-776
550
-155
-958
860
-958
990
365
-360
31
95
-468
650
-144
-496
-901
-872
3
202
994
841
-249
304
512
-982
41
-276
-891
985
506
306
-524
424
794
-768
768
23
716
957
782
361
-985
591
484
857
-987
-662
525
138
-745
271
183
229
150
-852
-69
414
-821
-18
12
-332
-57
132
-901
81
925
-699
-699
618
-831
383
584
-293
-365
685
-689
-821
-660
200
-119
219
755
-336
-690
880
9
-292
-60
145
140
-820
-103
571
-847
534
874
246
735
457
958
19
984
452
803
-189
-29
-976
539
359
-805
166
105
-608
-782
142
164
799
-16
488
-742
731
-377
670
-466
542
-672
-56
805
336
227
-725
177
769
-651
-747
186
-974
745
28
-725
99
-231
-429
-315
-435
-682
-975
-237
258
248
198
-288
659
-724
-423
-787
196
340
586
606
-673
871
-473
-427
160
-508
-203
758
966
882
888
263
330
-523
-515
-564
918
-497
-232
-568
455
620
-93
930
617
-921
11
-699
-759
-437
-252
-797
-556
-364
-649
-116
-280
696
-840
-307
-321
-967
-821
41
568
820
-27
119
-37
551
-486
191
-634
786
-603
594
-636
-456
-298
558
975
638
-990
-334
-571
575
-371
227
513
-979
-184
-827
-484
-805
-169
-966
182
-398
-618
342
22
-826
-876
822
905
62
977
202
204
-719
-503
739
-390
-570
899
-735
-466
-356
284
61
-320
214
-119
560
202
-370
-879
784
-578
602
311
864
245
564
-707
35
381
-730
-292
-265
216
-201
510
298
-789
833
807
-111
-568
-39
438
-366
-94
-271
-467
106
840
-794
944
-715
15
697
161
739
-725
-882
42
-698
-958
145
-919
934
-126
361
-542
-519
-312
542
367
891
-827
743
512
-497
347
-395
-750
-363
17
-275
-571
-64
304
695
-302
-580
808
554
66
-438
-180
-711
-198
826
-151
740
778
-153
397
102
-811
967
852
-440
-285
-805
255
-858
-16
-763
164
-360
-615
-735
388
-736
-911
31
-2
-258
-104
-282
-530
-767
436
509
-675
905
-202
303
-322
-607
-184
27
-252
68
835
45
-362
-242
942
-882
-642
897
886
919
720
906
621
595
-907
160
63
-552
-291
-190
511
434
825
176
927
-884
698
371
850
-581
636
819
-711
748
820
748
637
-527
-632
53
316
436
14
-191
-12
-226
-728
-482
355
-646
-806
-34
603
-195
335
-476
-214
658
967
-198
606
-737
-880
-455
815
-270
-958
-329
-243
-4
-405
498
930
504
-54
-254
946
-92
-990
-350
-334
-563
36
-989
-918
-834
822
-213
-319
-977
-707
385
-610
-73
-314
325
760
483
644
-129
-680
29
-738
-798
527
566
-373
-601
-135
-585
-883
593
-829
678
-169
956
-369
880
158
-303
26
-959
-245
840
89
150
-323
637
223
812
919
172
-702
-527
-67
320
-725
-221
-921
-481
-363
529
79
-404
-830
277
904
-824
523
-555
666
-179
-892
386
-249
-712
476
-689
426
-911
923
-963
702
602
-355
-527
942
451
702
-323
696
-720
832
-496
494
-124
-279
-654
-50
193
18
169
847
