628
900
88
-791
578
920
344
678
-774
464
-152
-671
-123
338
346
-401
137
-686
498
83
494
928
537
230
430
-332
789
-377
-587
-221
-420
866
603
256
800
621
-560
893
-877
-678
677
-790
1000
453
-435
-829
422
-205
2
317
841
782
-288
-547
920
-511
432
510
999
-536
232
413
-862
-294
-594
-9
557
-38
975
-297
-178
-153
-158
-150
197
-262
800
-712
977
911
253
840
459
-177
23
-432
-738
569
-252
-23
-779
392
553
-108
-812
-810
563
-205
-79
-633
15
-196
-10
-448
-314
926
69
176
-770
119
-863
843
-870
390
-293
905
360
-975
537
563
-180
-167
-296
-384
-43
220
385
543
77
-401
415
809
267
629
-140
-240
-772
407
183
184
-452
-932
-478
-884
279
-425
-668
698
578
-699
935
756
-130
616
-957
-514
-787
-210
328
919
790
-516
-468
-280
766
585
262
-552
261
910
470
434
546
181
341
265
-843
621
-419
-71
543
-970
832
-849
978
114
-25
331
-308
-310
-351
900
-173
-995
456
-711
-91
-779
-385
-682
-716
67
348
674
-812
-177
-893
99
300
-113
175
-461
998
867
576
-363
607
266
-757
-770
-918
-813
-561
157
842
-672
-60
899
777
-791
816
-652
-369
-75
980
431
67
159
-128
-378
-285
-372
-256
46
-825
557
758
100
-38
362
-118
-702
177
54
-759
712
925
344
-858
825
699
479
-811
561
-993
148
-566
392
-627
541
-829
-848
-279
-922
-313
-911
201
-757
-715
-609
696
898
-875
-212
391
768
-714
777
286
820
-949
165
-778
-25
335
712
-986
938
667
-120
-399
-197
-940
984
468
544
142
-484
-762
-487
-381
-984
-680
-706
523
-852
-299
-455
-63
211
-275
-919
-28
370
-792
2
-57
-923
-141
-22
720
-322
-759
470
-31
266
-798
-257
844
-579
761
11
-404
-85
-579
712
-331
909
636
137
728
570
664
64
721
901
996
-270
-962
-162
-952
185
415
730
277
-136
420
-42
920
-436
309
285
113
-170
66
-48
-647
-835
-967
730
-647
-437
-60
61
727
-885
331
464
-513
-909
543
-766
-502
389
278
175
-859
-636
352
-426
524
-589
-93
-704
-679
85
122
-619
-933
-933
-264
-603
788
-716
-903
-864
986
400
350
402
-389
-398
366
-931
953
609
379
615
-529
986
-481
666
369
-228
477
873
-366
-482
-299
-514
-463
-468
-685
543
-914
760
458
755
-764
-410
306
316
-167
10
269
-424
818
-874
-578
-416
534
127
611
974
200
-994
943
-966
965
-262
-326
287
871
205
881
966
-546
-462
301
-740
686
519
454
-384
710
2
589
827
307
-735
70
703
128
89
-103
444
39
-185
602
-793
-357
-445
409
92
121
520
-179
571
185
866
996
-696
439
98
329
863
-288
949
-387
622
10
-454
-24
-739
-177
-603
142
-987
126
-733
-837
-907
391
-544
252
-321
695
46
336
-858
978
-194
-916
-434
992
313
-287
-68
417
693
386
710
984
-467
597
144
450
265
598
488
703
-833
478
-590
825
29
-591
-791
-563
477
-711
273
-328
229
598
987
-949
-396
-590
634
865
737
-734
813
380
-66
380
-29
811
732
-717
-484
180
432
-661
-511
-264
-814
-281
-907
-231
-398
-743
-86
-956
82
812
-431
-646
-236
-473
-77
65
-988
135
-576
-294
185
411
-866
-900
604
537
218
925
18
434
-823
-524
32
928
719
56
-861
411
972
896
635
-969
-89
-385
-672
-646
245
-778
154
-296
-26
80
75
852
41
202
-916
436
577
768
319
136
-178
758
-934
445
888
-866
995
276
-371
-661
-425
-174
436
684
-639
524
-202
215
48
909
877
318
-950
767
-740
-533
-690
-968
258
128
436
-450
-659
-874
-739
-873
-978
-688
720
-549
617
-859
-153
141
-455
-399
215
219
-60
-538
-813
288
272
-860
245
931
999
-57
788
675
633
-471
136
-917
-76
-138
-761
332
516
-841
-822
520
-254
-738
-998
-212
824
-338
646
-786
931
-725
-573
-330
-898
221
-922
695
898
962
-133
498
462
504
-525
-635
-181
-360
12
-778
-264
-202
959
-183
-599
114
981
249
58
-639
-745
-485
-480
371
671
970
662
214
-988
974
-158
619
559
-582
454
446
882
144
-454
-475
248
-440
81
986
-351
-952
-258
-862
-65
166
855
565
-821
-273
-31
300
39
-60
919
764
-107
579
988
504
-854
-683
792
414
675
195
-500
940
-668
308
998
894
557
668
415
997
-174
-599
514
-423
192
-652
-215
166
-342
825
860
-518
992
266
119
-994
46
939
-890
-13
604
-560
-661
-133
66
-57
951
-957
-173
431
-27
-838
-806
-455
287
-343
100
-87
700
-958
262
-248
-373
17
635
780
-107
837
-537
-686
-552
408
160
-606
80
895
-860
355
703
28
-112
-72
-191
-514
-778
-561
779
643
-496
386
118
-458
68
771
781
-32
985
393
87
-183
293
-311
-147
108
21
-386
211
183
836
903
-588
840
-687
-591
-199
935
-787
916
-946
910
-575
-819
-173
878
-965
225
-886
369
735
-222
-936
-115
582
289
525
965
-411
-647
-602
-181
922
714
-732
-785
325
-757
904
-812
-854
18
918
232
-122
-888
264
420
832
-911
843
102
-376
359
-762
23
153
-847
842
-385
-997
783
-248
-916
1
-398
-377
909
284
139
345
-814
-580
202
-687
965
603
-609
726
959
636
517
554
-353
-689
688
213
517
-125
-846
-636
-278
-521
-805
-844
-420
-43
-341
314
-905
826
866
-661
983
-788
-99
-543
352
982
-88
-858
-441
421
479
861
915
740
509
-322
479
212
-48
-619
391
93
770
-969
130
941
135
493
42
-152
-373
720
-123
937
983
995
497
-87
-95
0
808
-814
943
-722
599
-822
-47
662
244
436
809
-340
3
-185
-453
375
436
145
-555
193
-871
-169
502
198
-580
-910
-684
-900
-101
-281
-13
282
-134
1
-970
-661
513
663
870
-567
-518
-466
794
527
648
411
-929
915
521
876
2
-593
468
785
-243
-438
465
-588
34
839
644
-181
-745
-442
808
-446
266
494
787
-556
-476
-263
-27
250
-836
-636
385
824
-749
771
-638
547
417
-763
-17
-258
-119
-70
-914
-225
239
883
278
207
440
88
544
296
-401
-853
-849
-960
-810
821
508
-979
482
97
590
-698
-575
-577
412
58
295
-112
-138
447
-55
-835
122
270
825
72
20
691
-574
-481
-433
-479
-619
-858
192
534
560
886
712
-37
567
-549
-233
134
897
-343
997
331
840
508
-617
-425
807
-647
224
799
-683
-663
737
-731
634
715
-803
172
-425
704
-634
-417
-394
102
757
-833
-588
288
-211
796
763
145
-74
12
282
-125
185
946
-499
-4
334
-348
278
435
-290
491
-148
170
-360
-765
38
396
762
677
-287
854
-12
-718
494
836
-720
-550
320
-118
-582
-131
449
-179
-281
-871
502
147
535
-631
933
299
746
75
283
447
756
-369
132
869
58
-792
134
-930
-106
-695
142
-996
-603
-647
-323
829
802
-946
151
-58
30
397
-281
276
-769
228
-736
-40
-499
-57
921
91
994
-728
192
295
-315
-748
54
-525
661
-478
-908
354
575
697
-860
-494
-800
17
-942
-953
917
184
905
624
34
-959
442
-19
133
184
-83
-431
574
-172
-784
-871
-821
469
550
362
-612
576
-116
-399
298
13
154
136
643
207
152
570
-875
-350
-522
842
299
-199
370
-870
-126
101
966
676
-708
-19
849
579
-273
68
-309
-159
347
105
870
233
738
-745
-317
-593
-481
-244
900
-411
-96
-560
-788
338
-827
519
-192
441
-877
-923
-249
-471
-980
-934
253
611
591
-768
665
944
-655
406
-148
318
97
451
-745
108
-898
-953
114
-622
-537
87
-792
-957
-962
-771
-838
-801
-975
-587
-998
-746
-81
-795
848
110
379
-971
359
422
340
120
-103
857
463
-662
-569
-496
431
45
-230
14
-170
509
628
-925
261
-458
-824
-582
350
95
930
253
251
930
351
363
-916
-99
-129
-471
-486
-185
-794
-762
-168
582
521
-748
253
846
-189
-167
-748
701
383
-719
-881
-192
-813
461
510
965
-395
-727
361
629
47
-427
753
-691
372
246
-417
489
507
-324
853
-900
-176
933
208
8
377
-592
-788
-374
359
-648
-751
-412
168
-72
-538
-596
-830
-814
683
-63
231
43
-423
-801
-692
-42
-870
-460
-166
69
-481
956
-902
-648
-9
522
812
805
-82
655
709
-312
-840
-475
228
693
384
-366
-469
-15
-758
499
-3
-748
-39
912
-676
-431
-727
76
-954
971
-72
-756
-744
811
387
-438
-835
-419
354
-702
-207
-926
-735
306
7
-12
-85
943
566
-823
988
-874
541
-579
14
387
-930
-607
701
140
-701
757
84
232
-747
-447
-812
-772
514
292
-47
262
400
983
544
-103
-144
412
66
346
260
735
-511
-134
-325
942
114
-282
49
51
-621
-704
-646
885
-457
690
-439
314
-115
-52
198
79
829
807
-489
-304
-832
109
705
533
795
-505
230
-147
-648
-183
114
513
-874
-601
928
-867
-717
224
-264
491
349
819
-393
-501
-565
866
-115
-29
487
-125
138
-282
-809
540
921
-570
923
679
960
-804
-765
-812
-618
-836
593
730
-133
657
-204
-548
847
617
895
-276
-888
-894
-730
-213
-342
-837
911
-261
454
-110
535
947
-916
-735
604
412
876
261
460
-915
181
749
-779
-413
766
935
-956
219
689
-232
-474
-221
-351
638
946
109
44
-306
-108
-144
344
-85
-945
-96
96
-210
803
-780
244
-884
672
901
-75
99
-850
-776
651
824
-570
683
777
14
201
677
302
-929
545
-34
-601
-384
278
373
-737
-192
-557
331
70
-884
98
584
-211
-68
426
-367
293
326
270
-454
74
-76
665
940
108
-493
310
361
647
593
-901
-742
346
-735
364
-406
376
860
-226
-263
809
195
-829
730
358
439
-58
590
-709
4
-801
989
-242
-852
343
723
-689
664
-993
-586
88
642
861
-661
-218
-861
431
890
464
-250
-671
7
-71
438
-717
35
196
741
779
485
-245
-952
585
187
-612
594
-665
-100
863
-784
595
-985
489
-94
-425
-522
-713
-500
863
-651
562
626
-830
-965
-315
-719
872
-61
832
-405
-113
555
-726
-628
-99
-406
-472
885
-156
986
356
696
860
-115
44
-692
856
184
-231
-598
-262
-139
-315
-342
895
95
346
-879
-964
-753
-328
-601
-58
-803
-789
10
357
884
563
-397
937
-878
-147
674
-427
-298
-857
514
762
-7
263
-119
-871
279
-37
-674
-98
177
919
-499
36
169
546
-256
43
643
-853
-530
-444
-372
-566
66
302
-575
738
-232
-285
177
-334
-825
706
-438
105
997
417
17
400
-341
-260
-148
883
689
-229
853
733
-997
452
1
414
325
-883
-886
-355
-123
-72
213
-40
-912
216
-84
729
-500
-102
-122
-305
-719
-804
-497
514
-153
-151
-352
-956
944
620
-110
614
64
-273
-736
-47
-959
56
-584
592
242
-884
-835
250
-241
733
735
88
-662
-766
-444
857
-976
782
-267
142
-981
828
-943
60
512
-843
629
246
959
990
-113
-742
-191
34
-614
382
-693
-365
-613
-67
-887
609
871
-913
-322
714
921
-438
411
-500
236
450
97
215
-601
-127
-237
-903
-535
-113
-786
812
-109
519
-149
-88
803
-657
475
428
-68
-384
-807
-991
80
178
-206
-807
-147
31
-936
-533
470
466
-100
893
874
-302
245
-202
854
-537
-24
-527
648
321
-842
-947
93
538
511
921
-210
-877
348
985
530
-705
795
786
-258
309
-691
-381
-810
123
981
-650
794
477
355
-454
-627
180
295
31
-708
965
612
-283
211
-782
860
979
343
-244
495
497
471
810
376
-411
754
-996
-692
667
-79
846
-252
-768
901
329
-736
-716
-582
881
990
-109
178
-432
738
-913
-120
-944
311
803
-491
-294
-990
717
-983
458
-901
-489
-785
-733
-318
285
-957
643
-816
-365
523
-202
552
-653
169
540
638
979
370
151
-923
-931
313
854
198
367
563
760
522
-721
-491
392
-358
-700
987
-518
655
690
-215
957
962
-206
-68
993
318
-248
628
-953
-393
-506
-28
-326
-910
368
627
-610
-169
-765
-674
630
-896
806
-919
664
894
22
263
-109
-831
-225
-54
-863
601
750
-674
-816
-988
-509
-66
147
880
74
55
-14
-136
-759
532
503
49
143
-414
-93
152
-729
-81
-744
-284
-488
-513
-526
-398
424
817
-655
-626
294
-892
-803
-251
943
413
-911
-640
625
529
610
-158
751
138
-790
-587
63
422
-488
-454
314
-374
-104
430
-955
-852
299
-649
478
771
844
566
-894
-203
895
543
387
-988
-197
-913
-427
43
-137
-10
-434
-733
-381
-354
-54
11
-782
488
-167
-514
-251
-494
109
-3
-299
-649
-447
466
724
483
409
572
-951
-78
981
-523
745
-855
-198
956
848
770
848
339
-811
830
-307
-667
-196
-124
520
-377
433
8
710
61
-722
-979
-594
-603
-192
497
-984
777
-149
923
-169
241
-165
606
83
-325
-930
-539
-14
513
-68
280
933
105
-638
-341
17
-394
-175
993
679
-608
-756
-961
33
498
-807
268
-533
284
-890
225
428
613
547
-514
-560
-175
-591
-745
-672
762
373
309
-74
-455
136
-719
794
628
75
-439
-597
-148
276
-814
873
-145
-18
686
896
373
27
118
938
-652
-304
967
346
572
247
-617
432
-256
-864
536
-635
-431
-477
247
-806
228
-728
-340
109
398
-393
270
-261
297
311
858
515
-986
-41
-398
-144
850
866
-593
162
440
730
-535
170
-271
-488
419
-802
-312
-854
-914
-908
594
-210
-47
-760
285
403
-1
-8
-399
-416
-281
-129
245
545
770
658
634
859
-160
540
-592
-783
-12
-282
-20
-364
-314
-527
-734
324
-897
-157
295
510
-211
-289
-200
260
33
952
595
650
-533
-101
-290
829
334
-226
-229
-678
-739
-496
-413
369
-752
281
622
-555
978
188
113
-619
765
-508
495
-71
-871
601
437
87
772
-521
-563
751
-171
107
515
-939
-254
-855
-522
539
-604
-720
-467
-985
-933
-750
670
-324
375
497
669
696
-244
515
798
-628
-990
-843
169
809
-448
112
451
-470
-497
-775
818
-709
23
757
-890
810
825
796
-207
-458
986
-241
955
-354
158
47
-358
688
557
-309
695
-466
196
-970
166
-22
127
818
-198
16
-251
633
-283
415
294
632
-988
-865
806
-300
757
942
-100
-864
-126
-32
335
766
-97
453
570
-594
433
694
-311
365
-940
-893
214
-918
631
692
-165
-60
662
885
-521
605
-827
363
-440
-698
-28
-835
-64
-595
519
-839
-45
349
-620
212
-647
-904
572
680
-1000
558
-30
473
119
-838
-767
957
-708
662
43
-546
366
658
-581
297
-625
-770
-478
-422
12
17
592
507
964
-37
-234
395
376
541
-122
-363
-402
670
-696
188
750
127
710
140
-650
-382
-685
908
811
-536
96
-708
832
-776
455
-607
519
-693
-742
164
290
-790
-651
349
327
875
-560
-347
-104
492
114
745
-394
-272
-116
-549
93
195
-155
34
-887
-934
42
-867
64
-217
353
859
-997
171
596
-705
45
431
-128
-564
-594
-553
908
288
-800
377
-129
937
598
-494
340
371
-780
-448
414
-948
320
657
838
-946
-836
-726
-691
659
-1000
473
-271
554
820
462
-931
-690
-850
386
69
-362
-130
-272
592
-71
934
-295
-799
657
84
-533
-786
-63
433
26
791
836
493
990
146
738
742
-552
-442
156
-677
208
338
-72
-298
351
323
-28
-688
923
-405
918
-573
568
-434
325
-212
924
-176
863
-858
-314
986
377
350
15
816
-680
781
-40
-250
-823
-199
-128
761
-603
-57
-668
820
229
-476
553
158
-177
748
308
14
824
113
-131
376
-457
-436
224
-70
338
-536
43
-945
-628
409
-611
-572
-423
1
-885
935
-209
-727
-40
62
-252
47
-120
161
258
-939
787
884
-496
-830
280
1
-410
-406
966
-591
-973
-961
-1
-782
143
516
853
995
-797
-419
-897
250
343
-385
754
-722
-670
879
-941
613
847
335
567
86
-53
-572
397
-180
-243
-140
790
-192
154
530
-287
-876
-752
-739
376
337
634
-914
575
-463
165
169
-120
143
-942
-66
-545
-62
-740
-9
78
104
-183
259
-399
-793
873
-526
698
-479
602
-153
-358
659
-152
-259
-278
397
126
683
269
-385
588
-517
627
728
-542
236
-714
832
403
122
176
94
349
632
245
-297
-335
-936
50
976
-732
-932
-813
-53
-755
896
-146
-908
-501
-319
467
743
-784
970
729
220
-343
752
482
-700
-46
-591
-283
517
-865
-793
771
884
927
959
-57
-852
-934
-282
-728
-742
583
-673
-847
-252
-84
-160
666
-7
71
829
-822
339
857
319
-259
506
-590
565
-169
-477
774
-962
-197
-143
363
-45
-669
42
190
849
646
-600
-28
562
943
75
-307
97
-723
-922
-776
757
-225
402
-735
527
816
123
-409
-823
-553
-788
587
541
-914
-591
447
359
734
787
-111
41
-895
45
-197
329
-456
-108
-199
-15
-559
-347
-382
-708
-58
857
348
-306
989
-172
538
76
185
-810
428
644
-404
641
944
-822
490
-329
619
-786
-4
992
-489
-467
-357
-593
940
-191
418
-265
726
595
726
922
956
-187
-780
-344
312
-256
-611
903
2
-17
-154
487
461
464
791
923
-872
677
-593
-628
971
-341
-38
-462
86
-58
-227
-628
721
100
-598
238
574
-315
-164
-429
187
-401
79
148
-164
930
264
-46
878
-203
55
98
170
-678
657
239
650
545
902
176
845
239
-866
-997
603
276
-753
-255
10
-524
309
-302
306
-448
-743
138
-466
785
-252
-547
-317
-499
418
-704
-875
-932
-313
-704
653
601
500
672
594
309
976
-55
605
350
155
788
506
-319
-966
-448
393
645
45
-357
-330
-851
738
859
776
214
-235
137
-70
327
-33
586
-612
936
-522
721
-125
-285
-834
448
114
-743
419
787
-134
632
97
135
-854
-705
-280
-993
110
441
695
878
918
722
9
984
-79
-724
754
543
-657
-507
-307
369
-66
-745
-316
561
-558
347
899
463
570
-276
910
595
-862
-33
-221
-974
-949
-966
549
-404
-891
-711
-972
589
-483
835
640
-334
-829
-28
-92
406
-852
366
-12
123
-244
-486
-519
520
-679
-791
-46
873
-715
329
834
-526
499
460
864
772
-814
-980
-732
-887
622
-581
-870
-781
209
118
314
997
-387
-369
-590
657
205
662
-84
554
-282
-522
729
222
-961
-276
847
495
-412
-362
-341
428
865
-402
-643
13
517
-577
-282
217
-262
-120
-82
690
-486
-150
-425
-925
-583
-310
-826
-366
572
229
256
177
605
806
187
-140
759
529
171
-148
32
-42
379
842
-189
-964
-785
-103
-636
-606
676
-97
-361
-231
-177
-946
435
921
956
445
-441
707
665
728
-909
-639
46
-11
-423
-750
-202
-449
140
-902
719
-414
102
-234
148
242
-980
-939
-839
-330
354
-81
657
231
676
292
-956
-458
-794
24
676
710
-861
-19
996
-949
-148
-272
352
971
635
62
-216
-943
-305
205
-619
207
-148
-785
-788
402
-384
467
-464
-949
-465
-585
830
957
642
354
-725
-137
145
565
-201
-172
-733
-78
-957
43
252
277
519
550
-746
154
-825
461
537
792
96
-733
322
932
918
789
-944
620
669
-86
-94
188
-50
-915
404
-205
-973
441
-557
-529
88
269
680
836
-87
-187
403
566
-219
258
12
-653
-112
-648
-638
365
842
103
207
440
-814
-562
30
470
686
588
-135
-981
46
-52
-611
597
834
-788
667
-298
-595
723
260
942
694
-508
528
96
587
774
-856
743
692
99
12
-377
-257
-249
-558
-312
50
25
451
176
-86
26
-831
-53
-809
274
-417
288
-264
807
687
-123
-990
676
907
-165
222
691
789
-973
146
141
742
-863
207
-773
-960
954
-487
-364
325
-295
-127
-919
298
-38
-662
-105
328
-483
355
283
-953
-923
650
77
115
791
23
-303
923
443
-46
-491
-271
-618
973
140
-183
-413
-378
-203
192
-603
861
451
995
49
74
-397
-538
832
827
915
114
-608
255
134
590
235
812
909
382
-461
823
704
801
-170
723
-488
-190
476
-717
-403
-928
544
-932
563
186
371
-326
353
697
-457
-298
842
-530
-556
827
579
331
687
-200
-575
706
469
559
577
-782
-800
-854
319
709
-287
-180
-181
-540
158
290
332
-740
378
-622
622
-626
-854
-861
345
-572
501
942
-722
-135
567
-310
-637
-784
-512
433
687
26
-584
-421
911
922
-660
-552
936
390
-201
-580
944
-112
802
732
-549
-141
-907
560
9
634
821
583
450
844
302
660
-715
-764
-435
679
794
-995
-369
-57
112
-609
828
307
-685
115
281
-344
193
-405
404
880
813
-282
-39
-381
-380
-476
-209
-552
-67
872
-440
-486
-144
212
110
567
929
381
-625
-372
992
757
-371
587
183
921
-376
-282
-985
84
654
608
-650
-988
753
185
-772
838
674
90
-608
629
168
848
774
528
791
-844
-968
452
456
-234
756
-273
957
85
-292
-464
-433
-565
-776
855
11
344
-782
155
477
545
945
146
-204
869
904
975
-519
700
841
-423
-845
627
294
-455
-279
776
859
-775
-57
207
-384
-302
-666
-627
554
-885
393
886
1000
-434
534
-55
-650
146
787
620
-412
-65
-564
-224
-276
-613
-94
-167
-845
335
386
653
-540
428
790
274
-182
292
-954
146
898
-309
777
105
797
-117
487
693
-472
75
-726
709
406
559
-614
-611
-891
-476
824
-662
-748
-641
-4
520
558
338
-336
274
228
-108
193
-900
-786
966
-993
-502
-158
-478
-916
584
-968
208
-54
557
327
183
-478
962
-916
-455
-48
-435
-208
-399
930
466
340
378
338
-952
372
-698
-719
-428
717
395
-153
245
755
-542
7
453
834
828
-589
776
216
-77
729
-193
-550
44
290
-478
-587
-444
-657
-220
-671
504
-633
678
418
59
-770
198
283
508
-127
-650
528
914
187
290
-927
41
997
-645
109
-643
814
690
-579
396
860
657
-161
-597
197
567
196
-324
-444
535
-237
-389
607
-326
-502
-435
879
179
591
730
-701
443
462
966
-468
540
-475
-809
716
-994
440
615
-258
-944
-121
-130
-829
210
243
536
300
431
834
-894
143
-658
-759
56
764
-258
725
-826
739
-590
-174
865
541
1000
945
-642
-901
-934
710
-304
131
-997
794
-259
-449
-336
-659
625
224
-139
879
-117
5
357
-315
289
484
-61
-602
107
-942
951
850
340
756
683
323
640
-186
4
208
-576
-520
-901
-222
987
887
138
991
729
16
579
520
543
115
-241
506
-169
-838
199
612
30
-854
194
750
438
-551
-819
347
-712
168
344
938
-31
-770
-42
-301
494
190
-829
373
431
232
-958
987
-371
-109
-835
62
477
604
-128
-851
610
310
-895
-309
-819
-634
130
-412
949
97
637
793
-809
-831
-631
66
107
-664
886
202
-129
-926
625
90
2
154
121
116
-496
-275
18
137
975
-142
-402
-516
664
-241
870
406
239
-771
307
-226
-481
-957
807
30
836
127
278
-435
-138
916
598
223
-301
882
501
-32
259
-709
714
336
795
272
663
-342
-877
-75
603
-567
-138
-247
138
-426
-166
-738
495
391
-883
-235
812
-321
642
-986
877
870
-174
36
946
-305
787
355
431
-263
-836
88
47
-255
708
-250
-181
567
-856
-154
494
-470
79
162
303
974
610
893
953
-924
301
-116
-16
-854
277
-870
-134
-102
-665
-137
490
-435
-187
-71
611
254
-929
74
-242
-348
779
-224
550
177
-487
-958
-159
-550
-858
-854
-697
-75
-137
-171
543
-924
-193
-371
55
129
-711
669
29
800
-105
-867
-323
-829
-176
-820
-633
135
554
-746
129
259
-959
-226
597
647
77
615
925
-654
935
-634
661
-1
-730
-569
972
-849
918
901
933
-227
218
431
398
970
-113
650
-594
181
-274
348
754
236
295
602
-921
189
613
137
-852
64
888
45
635
-48
550
624
-476
-577
799
-471
383
-599
-732
89
-790
443
-745
471
720
292
-733
512
456
820
100
521
-462
163
-164
-50
-763
972
371
477
-921
603
864
5
980
-784
741
-704
-615
156
696
-322
881
-948
367
163
97
-21
753
-579
-461
427
-475
316
-974
-623
-292
-144
864
-985
841
538
171
956
-559
188
-309
717
-762
-614
910
-231
-322
-43
751
-764
949
721
521
922
679
370
789
-779
933
375
491
281
915
-946
218
-793
165
-992
81
166
901
-519
171
653
-211
583
-674
-185
315
835
105
976
-837
-990
336
-608
334
-773
630
321
64
499
-913
-412
534
173
-826
867
-194
501
-802
-444
783
360
666
-201
-61
813
-744
-550
-758
570
768
-768
891
106
-747
-370
-719
-685
950
447
830
-170
-357
919
578
733
273
-33
-129
479
218
-926
-2
253
852
-321
313
-795
825
-859
-409
-760
583
756
-470
960
171
691
868
60
545
-463
649
105
663
670
342
-516
125
-275
-499
-418
433
532
544
-398
453
795
166
73
969
-219
-594
147
-101
856
833
679
-187
-643
234
-667
548
-869
950
-91
156
-742
299
850
176
640
251
472
593
592
147
-888
459
-602
218
518
-376
681
-932
-968
-819
-220
242
-81
79
-351
-120
-204
-52
-509
-211
930
694
-404
-188
891
-553
-148
-759
-910
-941
-784
-954
-817
795
-431
492
-909
-258
-606
274
-774
-405
-501
619
-452
901
-287
-10
-172
-924
397
722
-561
-862
693
-309
-844
-246
875
-243
-422
-587
-362
-285
281
-738
-169
519
-391
828
-260
497
838
967
996
-435
-686
-226
-240
285
900
-152
-903
31
-910
297
508
-275
82
222
-258
-163
239
263
903
-172
-264
-160
-479
-780
258
-565
-767
86
-123
-409
-515
29
895
376
495
-472
-934
-470
-925
-23
70
-541
824
-748
-194
517
-925
79
70
710
-723
-281
-739
899
360
-382
-368
970
-413
-255
-595
-357
-710
-823
515
-364
819
803
717
-728
179
-932
450
200
903
699
-363
-859
-740
-109
-102
698
-17
661
-688
-1000
-2
753
946
210
-41
-230
-28
885
-485
-341
-70
-346
-650
-252
-21
-724
-671
-750
114
-54
741
624
291
-441
-270
291
-605
-774
-620
716
-242
-260
-567
-670
-151
-410
164
760
729
-269
31
694
-118
-796
119
-96
-736
700
-493
784
-896
-79
432
-498
785
-169
499
923
-380
794
-540
-576
41
165
-926
576
-694
-21
625
547
-605
-17
-152
-681
134
-384
513
-515
-513
900
-912
472
996
200
462
-105
-148
743
-207
-599
-814
-971
-547
-818
758
-228
-888
-293
744
-793
70
-302
458
-443
209
365
202
-844
58
-772
-814
509
554
-858
-646
223
330
917
481
340
583
-675
-481
-555
864
553
745
-222
755
-940
474
228
859
-975
-15
-5
-354
-973
885
665
-528
134
-678
-151
454
705
320
-210
329
201
-369
-394
571
-500
202
279
510
956
-220
958
-216
51
-485
998
-838
549
29
209
642
160
722
-94
320
64
321
515
743
-658
744
-282
322
-496
185
793
-484
940
723
-456
100
-305
-958
-707
-803
788
905
-660
-562
30
740
-119
256
-41
579
-590
261
-11
-331
501
30
60
654
520
557
19
-136
-679
671
-918
547
-928
-645
-262
951
-3
-515
312
622
424
-239
-837
72
-236
353
-318
38
-81
698
-663
-236
760
-18
479
-729
-782
-290
225
365
776
-889
-435
-641
-557
-82
494
300
224
-650
468
685
-133
347
-637
-798
981
-433
-891
-956
-701
901
535
-125
-965
-130
-677
485
171
-821
-787
-303
-512
-463
-354
519
770
-99
870
-523
-965
53
203
62
-741
247
981
-238
334
-229
-859
238
-910
-594
-237
114
-620
473
-295
-140
906
-490
334
-163
868
942
-134
-861
383
-122
21
-384
-605
-254
-524
-669
-926
356
-802
562
157
-389
134
-789
-827
582
19
436
714
-523
-904
-442
-12
-283
-558
715
209
-590
-433
708
381
-673
-516
-602
-136
-548
492
476
667
824
948
-101
-700
99
941
-105
64
-665
604
-140
-935
10
-331
-769
-112
-574
-338
-730
-528
931
-452
-116
506
-187
342
449
101
-761
778
-688
326
533
-172
921
214
-72
-100
-583
234
-776
502
-407
649
-238
199
-947
546
-321
95
863
988
751
-84
950
-658
417
633
-504
-380
-847
-662
-699
-905
-771
-639
-87
-184
-250
538
-1000
379
700
-516
403
-745
-522
-547
-612
825
-119
-943
-699
245
-795
-285
-667
-499
350
-618
704
-985
354
683
181
-928
-745
-390
67
39
616
769
-584
496
313
-666
759
-811
-184
476
372
-889
-113
809
99
-855
750
-216
774
686
-632
872
-619
445
-994
132
-222
814
164
-329
-487
-974
707
-749
57
-765
953
-736
563
-846
913
-543
590
923
199
791
-515
-82
-540
-851
-435
76
484
-270
-751
-79
-301
553
-17
-100
-611
632
-706
467
458
-522
113
298
580
-794
328
-526
-142
417
-579
-592
-238
618
-480
382
649
209
450
-966
23
727
-934
-42
295
614
995
-744
-444
-454
-864
906
627
564
686
-464
-665
415
-74
264
-227
-1
504
-884
-575
-6
-590
737
918
338
912
701
-673
492
-536
266
-136
889
-932
-697
-136
-595
-381
-359
543
-237
-303
-230
-391
-944
790
261
-89
-580
179
196
-786
160
-861
-261
-763
280
892
-117
-428
-942
721
-766
937
-725
-568
317
-567
-324
361
-295
-466
-71
-505
760
-434
-893
801
399
687
316
629
-593
-935
725
-906
-285
-205
-800
42
-138
-879
206
510
-315
832
-410
41
837
955
-468
824
-124
282
17
376
-667
526
-644
859
917
853
-41
-240
256
-200
914
-212
-599
301
281
-740
593
-671
-371
-81
-365
-688
-972
-640
-177
-147
67
478
452
-184
529
-538
-224
265
148
341
548
481
-65
669
-303
450
412
-678
524
510
-338
441
-859
-455
591
-1000
-218
-9
-737
796
-665
-916
-574
452
-860
-654
-429
836
-58
-513
-428
-413
-973
-352
177
-358
-248
-605
-478
769
-467
664
-310
-367
-447
-549
-404
605
-227
-852
-727
39
-396
-994
-836
-987
515
-972
516
-972
503
441
-159
612
-550
-176
-650
-938
-534
711
28
150
-918
-981
-47
161
-864
393
905
-500
523
-786
489
367
-706
-3
-940
75
-425
699
701
870
-960
-185
-448
616
-493
-596
840
181
-895
-753
-183
-998
-22
188
874
734
865
-858
-718
457
-223
547
786
447
843
-971
-399
-919
-13
-7
-13
700
-501
907
-744
-283
-321
-736
-942
134
273
465
875
16
-444
-312
-947
-711
201
434
-866
738
588
-576
789
65
-365
552
700
834
-23
-467
-552
-281
23
48
1
-503
-353
-181
477
833
-648
982
802
110
758
612
751
-182
35
824
789
637
-944
996
794
384
-175
-674
543
231
914
837
-759
-855
616
317
-122
-695
769
306
553
520
211
575
-258
-297
-833
756
-669
39
256
208
-197
1
-129
674
9
-781
651
-654
-12
-613
-677
401
-479
-62
69
394
-472
-605
771
-203
456
-998
-206
-240
-989
334
546
750
836
282
-777
-437
548
360
-3
504
-27
-928
-159
719
-457
359
910
-811
-144
131
707
-410
531
-413
-372
222
-727
-20
-143
836
-181
668
528
-252
439
-783
319
-116
-735
130
165
379
-824
-692
647
-269
114
447
475
-614
572
500
-717
464
556
83
78
227
-440
161
480
282
-69
-478
-47
788
-561
-770
613
464
488
-339
62
715
-815
385
-959
216
-995
448
268
344
163
502
387
723
-634
-826
-430
146
-525
-65
-278
841
-41
-682
-327
-944
52
875
852
-727
738
243
886
-493
-17
711
-100
101
131
-287
-192
-878
410
-782
-251
-616
-392
187
180
42
281
357
172
-379
38
714
-783
-627
719
-812
-916
431
914
294
-847
-271
367
-11
459
601
-80
-747
-763
452
-892
790
296
880
-660
211
385
202
401
-278
305
338
140
589
-830
798
553
433
746
-422
-731
613
976
-858
-453
59
748
800
778
-791
-746
-263
-149
197
995
87
438
72
160
450
-478
-6
-386
2
324
-339
941
901
-790
-664
820
-781
-661
-960
45
-468
-178
247
-698
-459
-892
155
-299
-543
67
858
-908
-688
760
543
143
829
599
-526
-777
-15
-265
-123
-178
-390
-571
782
-661
633
428
-45
967
-315
222
204
747
516
474
-792
-617
200
590
-541
-164
-247
-478
-898
-322
429
326
-428
502
-922
-672
993
543
499
-778
-444
977
-241
-732
-594
528
707
-773
-79
-689
619
-481
848
116
626
800
839
-192
902
-686
72
-616
466
-471
252
-628
-629
200
722
105
744
963
-808
174
-131
-841
-473
-125
-264
-647
570
225
-28
-522
-999
874
503
831
-587
836
-449
-16
401
-534
-711
680
911
409
813
788
66
-211
-351
799
886
-714
433
-204
-305
-497
205
-754
66
831
-567
-649
511
180
-634
52
-878
-922
296
-157
-737
138
310
450
-518
167
109
-554
644
212
72
954
-270
-209
781
-292
-366
-617
745
759
351
-894
-233
202
731
378
-667
824
-309
-630
523
-809
885
-236
70
489
550
-123
103
-343
-109
-872
-717
562
-94
735
395
56
821
352
-719
432
515
386
531
244
-815
-100
-897
-593
283
277
-885
702
44
676
795
357
323
476
401
-252
249
484
959
971
963
40
668
-754
955
848
-653
