301
494
-890
785
-416
-487
-119
-769
-502
-201
-466
270
345
-331
-528
-160
-261
541
277
-319
-597
-101
-804
901
818
-101
-469
169
393
-981
223
-138
-245
-308
-362
643
-747
-801
67
-952
793
937
538
-841
-443
557
-885
661
-686
-289
851
-2
87
172
762
-957
413
779
19
713
-378
-176
226
-944
-970
617
-571
-839
-412
-575
-535
917
-40
-890
494
-667
323
-611
10
51
-770
759
745
827
-746
-596
-14
-467
-252
-195
78
856
326
-741
235
14
247
-224
-987
880
640
560
690
-581
203
-569
-914
-307
-440
-390
-673
-980
-584
-796
180
-188
936
41
284
-75
54
-970
954
141
705
-555
-852
29
309
993
630
728
-637
714
-222
-530
-213
988
-447
-557
-191
-803
-35
462
299
169
-342
500
638
269
-973
399
-79
-131
-209
73
674
548
-585
-945
143
-398
891
-488
-246
581
842
-11
-393
240
54
590
371
-368
-101
156
-652
-156
-929
-244
-845
-812
964
-517
987
-237
854
862
-479
962
741
180
-475
-340
898
-67
407
-627
107
-349
-435
-817
367
694
655
-509
-106
59
964
-722
-7
-94
204
168
-616
-869
631
-868
-913
178
-556
-612
-797
781
532
918
-558
797
748
215
77
-749
-589
598
-28
-623
255
333
-123
153
8
316
340
-567
-19
11
-386
-84
852
3
381
685
923
511
-138
-909
827
-962
-789
858
20
-56
870
374
856
264
119
-29
766
549
322
825
35
-392
-21
-280
771
-390
-182
461
106
-867
-930
-652
-47
335
787
980
663
485
549
-33
699
161
-753
453
-754
509
-32
220
336
-923
-126
-200
725
-761
49
-524
499
881
-999
558
-623
825
578
-703
0
-883
-983
158
-483
-32
-685
539
249
-875
-995
345
739
-618
33
620
-481
398
644
-631
218
-372
119
-148
-141
-148
333
64
743
-445
-701
578
502
200
827
379
-682
-997
303
526
-39
-666
428
763
367
-849
589
-451
85
65
-496
-472
679
-490
169
161
-603
-864
-991
-72
375
-360
-159
-994
730
413
607
-502
192
827
-794
-403
783
-245
-34
977
61
437
-392
-616
671
856
422
-833
-600
625
-493
39
-265
-334
537
-766
-141
929
-271
-740
220
-932
685
-683
-79
181
-307
174
478
-66
769
164
881
-556
104
975
-585
560
-125
70
-846
591
-139
433
-38
-624
665
-299
-542
-914
-959
-157
557
738
-203
162
358
-978
-88
110
-674
-792
996
-974
983
-724
-997
183
-357
-489
858
-145
89
290
-377
-499
283
258
-253
-929
384
816
149
727
-939
167
704
143
900
653
561
667
-416
917
525
-388
-631
124
-572
-744
299
-479
11
-55
-709
742
33
-28
-953
-314
307
-466
-975
-583
-938
-468
-620
-791
443
489
676
657
399
796
-278
-959
569
291
237
-28
722
-409
563
-998
630
-193
145
938
758
548
935
-978
580
815
-733
-255
230
618
-12
557
-235
435
471
500
-267
-153
421
-825
-542
706
456
423
-558
878
974
-718
140
901
450
303
60
766
-34
253
-512
50
777
618
-415
931
28
-729
-387
-910
-858
-976
-861
-327
-441
-953
-444
-321
767
580
335
-371
981
431
-82
878
-107
-804
-743
-108
-786
-977
928
585
-164
-48
406
972
856
883
-535
-710
667
-51
-702
-386
-370
-652
547
624
756
931
-640
121
541
506
-890
843
-820
-619
-218
400
-651
599
-514
650
579
686
-827
100
902
635
735
438
331
-287
-418
894
-60
-530
-334
-84
-222
-918
272
911
-88
-140
365
862
-602
996
727
137
773
-466
-97
509
98
87
705
263
-856
398
452
-897
449
884
-19
75
768
215
51
-99
-557
600
813
654
-257
-19
-218
504
594
135
-319
-478
-79
-584
649
-53
193
83
400
-356
-993
284
-426
-498
791
555
922
-27
547
-832
-615
-51
42
371
881
-24
-213
68
321
568
142
-167
-616
-345
-624
62
-309
669
-796
-592
185
50
-699
-60
31
183
963
104
-709
-608
-555
-270
213
-68
94
-727
-331
380
-540
-758
-548
-636
333
111
-125
353
-752
802
129
-749
-843
-547
707
0
-836
308
-958
352
-265
-502
138
515
411
376
90
644
495
736
323
123
592
-176
244
-712
-37
-144
-632
-32
-501
113
-396
-324
-349
809
763
-658
692
404
-39
-17
312
-163
-766
-846
-482
-684
-782
-257
468
356
-875
904
242
922
912
652
266
210
394
-627
-481
-683
225
-457
618
-481
94
-447
252
342
396
671
113
-439
215
-245
-27
-798
-348
-467
992
-586
198
174
-960
860
-170
-463
171
-425
659
172
-240
663
-389
-156
-162
-866
-354
-639
-517
-180
-494
268
-177
445
-971
-535
-773
-119
675
711
694
-323
-151
-168
-631
-746
536
722
801
-759
741
613
178
105
3
-914
871
-858
-366
38
-141
-265
-291
-637
69
378
59
-140
-925
960
-236
-273
-985
-142
-679
529
-273
811
-18
-49
-275
-714
47
-685
288
-409
-176
-350
-942
-126
-939
465
497
385
-452
12
-192
151
-650
632
619
8
-532
785
-172
945
-374
133
730
-787
559
157
689
887
-610
-441
-408
-383
-464
950
-21
882
169
-573
-463
554
969
-593
567
-532
-952
246
-647
540
-329
113
769
-838
124
-178
400
87
-406
-517
218
4
721
-384
-842
-514
-512
136
620
-862
-100
-318
-127
99
654
-432
613
-366
68
-85
890
-131
670
-682
-82
-180
-822
-345
195
466
173
-76
-332
373
-984
997
-422
-151
75
283
-123
-401
-620
346
228
75
877
-664
-585
-757
410
-135
-989
-369
937
816
-907
338
-779
-683
553
915
307
425
-491
987
13
-172
-351
511
-110
-755
922
-867
-891
419
-306
-981
-925
-767
-174
-784
-73
461
822
-38
-268
-818
-203
-287
356
-963
287
823
-762
-740
-953
869
537
148
742
-383
618
406
193
148
815
393
738
-320
944
-894
-563
-280
-803
-574
-451
-118
-727
179
-648
-595
354
554
164
-788
-601
-871
-63
569
-233
-544
-988
777
-77
-543
-624
30
354
-787
317
-108
696
853
767
-895
392
810
459
688
852
141
-748
413
73
-429
555
982
393
378
461
57
-652
397
-14
461
424
401
472
-591
848
888
598
797
-490
-93
-277
735
-207
684
-474
-896
-124
563
567
-439
-41
516
-68
-924
871
-166
46
462
-248
-644
-605
-456
213
237
-181
-13
394
-226
659
968
482
60
252
478
-779
836
91
96
379
193
700
-235
614
-121
-772
-791
865
-651
337
-694
-733
-351
864
-190
-985
214
784
-131
-631
-466
-219
789
-481
-308
-754
-110
-678
-579
72
-328
475
-135
72
-509
679
-592
361
-130
-210
602
-184
694
-88
-613
273
-82
-327
214
522
-200
80
964
426
-819
324
-890
-360
-833
-909
37
-174
238
-942
-933
-736
-914
-554
-327
392
-40
248
44
-118
347
-919
-942
535
110
371
-977
492
2
873
-58
-335
789
-26
433
-893
440
-514
-249
327
166
-782
-549
327
529
-309
586
-567
393
-738
349
-177
-641
-549
-215
825
612
-242
-915
-493
-739
403
938
737
193
-525
553
934
-253
388
906
-209
796
-432
997
98
949
-572
-130
-47
227
882
2
329
-99
-941
-499
441
-347
-81
-879
-360
-727
-541
842
629
-303
256
-9
-838
-662
-570
-571
-284
-569
-824
-7
-100
-461
789
-664
924
965
-229
-188
-972
-117
310
715
914
-582
893
574
-438
-974
490
-89
892
-537
288
-492
-964
-894
-945
903
-626
-4
-910
-116
582
43
-610
243
274
722
-945
489
-540
-656
-393
-481
716
-407
394
-287
59
205
261
-63
-196
-97
826
143
813
-96
-545
-848
614
-324
-113
-713
-497
178
371
-414
183
-979
-185
893
496
674
-981
633
-201
-469
-709
875
-345
-689
649
858
223
-935
322
572
-466
-687
-276
374
874
-98
-388
192
-244
-482
240
103
-199
-337
174
-189
-128
345
-329
-97
72
448
957
255
-917
813
-99
-307
116
-375
-143
785
-30
650
452
-450
-594
189
410
224
-248
-561
740
-761
-778
0
37
-265
398
709
73
402
-547
461
-65
-486
-818
315
-413
159
-565
428
409
422
-55
853
551
-924
-272
554
-261
-11
181
615
312
-850
-644
-593
80
375
-838
189
-941
872
554
773
-633
372
101
-548
463
-282
-749
-379
63
78
-488
277
-729
-315
-521
778
992
250
-459
814
-676
-115
837
-517
181
-251
-815
-698
778
208
491
20
174
131
-516
801
-425
-920
-122
585
-15
387
502
-843
911
217
509
-409
-901
846
-508
-429
257
-832
-544
-547
-131
553
-145
-914
949
-142
649
-888
113
846
389
710
-160
-426
-298
309
317
307
-749
-265
269
-942
837
34
675
-101
-764
722
303
689
-649
632
669
-995
698
-639
958
454
484
-208
-964
321
652
185
430
540
-768
821
-66
721
622
853
-100
-476
-290
61
705
-566
-530
472
504
-786
686
-142
894
960
-74
-166
-783
818
140
-770
691
-131
208
788
-177
-961
-819
-960
592
141
-170
-685
125
-887
-571
-219
853
156
502
-445
165
436
199
896
566
-615
-1000
-297
-303
-553
897
-766
495
-124
-835
-983
-757
909
-442
-752
-415
615
693
833
-745
955
-166
376
-748
-686
-290
266
33
971
-187
-96
351
448
-494
777
-499
560
-1
-52
740
152
754
624
-785
-979
-340
-902
-742
391
580
-950
-946
7
655
331
-129
-699
496
6
770
198
103
881
151
523
501
425
-844
407
-710
817
671
963
796
-832
34
671
-243
228
337
-970
-230
-711
-41
330
977
667
-624
-688
-84
396
-939
-843
272
-383
172
28
626
926
416
-726
-197
-846
-239
847
926
286
-182
390
-546
870
127
-297
640
-297
405
231
355
378
-194
-43
25
-895
-83
-953
539
512
543
619
893
664
-353
835
-301
-5
538
680
-756
-906
691
-997
847
-276
97
154
-763
680
606
923
-758
-244
57
300
127
811
-515
-331
156
120
729
102
472
-525
-605
-122
-936
640
587
967
-404
194
-784
994
-299
283
749
425
-410
-964
-914
-504
-685
-958
-145
-404
73
-677
-814
-63
-184
-211
-275
-608
-178
-807
-5
273
53
-406
-316
476
59
-528
518
-343
-360
-938
-325
341
-931
-697
-764
-579
-12
-829
94
135
10
602
-989
758
-509
-977
-174
-838
-748
578
-652
-29
757
-893
545
556
-164
509
863
-288
-96
-132
-663
645
914
44
-721
458
377
-808
770
-95
515
-598
-65
-687
-906
-727
-608
-560
395
-593
744
24
-442
770
241
811
-851
-771
617
545
802
-939
466
-321
-618
-64
922
90
-532
222
-266
-333
-805
126
-967
-719
-103
-440
80
-214
444
-575
176
-251
-128
-649
370
-233
-38
-410
-128
258
59
-470
528
828
-827
657
982
-722
-730
-386
-749
-793
-351
-226
378
219
-764
970
636
416
-933
13
-52
-976
906
612
758
-874
-737
415
-3
824
190
-328
491
163
581
640
-297
-278
188
-89
-400
668
-651
854
219
894
-707
542
-644
-538
996
248
421
-603
832
-863
-69
354
-139
-292
100
-885
983
-721
852
189
-191
749
-401
561
271
438
718
-743
-550
-712
-531
-438
718
469
-427
-608
817
-971
44
769
639
-326
898
-42
388
-110
-824
614
361
901
644
23
797
165
-814
-96
881
789
423
614
174
-606
718
399
780
-635
696
914
796
-840
889
-667
-60
-606
131
657
380
504
503
-334
115
775
-291
776
-458
181
385
30
931
-141
-419
-899
785
522
754
4
-969
-60
-632
32
20
147
436
868
142
781
98
-321
785
-359
-715
412
20
-116
-936
-201
-69
652
142
-575
-470
85
73
299
261
-109
969
49
142
314
-906
366
541
956
-904
615
895
761
90
-588
-10
-958
-348
923
-949
-281
-818
-275
732
-86
-79
693
-812
-313
-309
218
775
-943
-301
7
493
-272
-33
176
-690
-730
454
-367
-540
681
-952
-832
615
145
676
-201
752
589
602
113
758
922
96
-683
-103
-772
308
-623
91
-64
-209
904
-952
-991
-239
-680
-233
493
541
-271
693
103
34
-32
272
-407
868
641
588
-248
234
-536
988
-497
438
66
-31
613
279
-180
-1000
-431
99
941
423
330
11
-865
117
-555
70
632
390
-140
8
888
-476
-325
-758
-803
-758
556
201
735
-932
-266
609
483
-229
640
-537
988
-115
421
868
-762
-221
-740
563
37
-963
275
-736
-9
806
-153
-513
208
927
243
-701
168
126
51
-710
-810
92
-129
973
-659
-690
-575
-613
-343
544
-558
185
353
-949
120
678
38
956
-48
-812
271
640
734
-709
113
830
-671
-412
-648
-539
-840
-202
-865
-885
-146
-146
-40
-613
935
-464
-600
273
-230
-829
682
-571
299
388
91
986
-937
-320
17
752
608
-618
-910
477
-983
502
560
-275
-884
-774
949
-55
473
239
-388
-49
-272
-284
765
-814
-367
481
526
491
-794
-65
-754
-793
449
-879
-419
583
688
-531
107
-127
-652
792
-578
767
-652
932
-109
765
759
683
218
445
-407
-129
976
472
568
657
-602
514
-483
-513
-479
835
-446
-86
783
722
-267
-87
-865
941
-958
-156
-26
63
-174
56
121
927
845
-105
-630
20
-737
613
378
-999
-720
901
-817
969
156
715
-302
-274
-478
-207
579
-918
615
-255
-304
-560
-196
351
-984
-24
450
-247
-428
-298
-746
419
191
421
267
-984
152
-921
590
362
339
413
700
399
606
436
-884
-253
206
580
-170
-128
-926
431
-557
-137
802
818
-235
-642
952
-482
-784
421
-263
294
-151
-438
-543
-772
249
500
-64
578
-481
599
-228
-599
934
-463
-966
367
-612
-841
999
-661
138
60
621
35
-623
-476
-196
707
-593
-740
-413
817
690
97
-608
346
633
-674
-130
-592
209
-62
461
-434
-653
56
984
-499
-355
165
442
-511
843
459
49
81
836
-475
29
984
-942
489
-152
-125
594
754
-61
-467
-385
916
445
66
-893
-322
-150
999
277
400
-588
616
731
-707
-452
578
-39
-830
-923
414
862
-484
713
635
164
-702
-197
13
-141
544
626
203
327
-760
-754
-209
-450
694
924
529
706
878
835
-686
26
-734
343
-419
-522
789
-309
-938
821
524
-962
446
26
-822
411
-870
618
-432
-518
760
550
869
-817
-412
308
786
177
484
-652
737
-706
-156
-414
-637
585
184
482
-720
-104
108
329
729
993
15
-397
134
121
969
957
-868
410
646
-356
-72
-652
911
-115
-211
-741
888
-39
-823
908
-878
-188
-267
-953
-25
814
-408
63
506
-903
-967
-985
-543
-271
-545
542
129
-300
-975
-63
-135
-867
-478
-721
48
-104
347
-460
977
-650
-48
866
-59
-908
-514
-267
603
315
929
184
-71
26
684
572
-728
243
240
-368
-31
406
718
-285
976
-529
314
43
-500
-615
486
605
-710
-188
584
570
-574
-991
206
858
-979
660
517
-571
-709
529
646
549
-601
567
723
-568
-735
677
-63
205
785
25
-27
274
625
31
294
129
-22
-183
86
-86
-683
-710
-786
740
835
116
374
847
-601
668
-753
345
869
505
682
200
205
917
-174
-367
-593
-312
477
-965
-283
737
-43
788
-115
235
825
-77
641
795
-398
934
923
890
-779
-740
-601
408
-434
-525
846
-834
634
408
-199
-473
591
597
-87
939
714
738
-429
-925
577
-340
-353
819
-210
-138
-938
874
909
-855
-927
952
88
513
-198
-763
-20
-827
77
344
-303
-615
416
647
-47
383
654
288
-165
-439
923
-952
-562
-11
-661
-678
676
40
882
-975
112
50
-882
231
-732
-79
177
15
-640
-360
837
-679
866
-183
-962
992
-778
254
-909
415
-92
-74
-384
123
961
785
575
-886
465
-20
-743
893
830
-756
-494
390
967
-372
-796
-147
748
-273
-82
-721
-569
-19
352
-89
588
-416
-140
-655
418
-868
-385
-82
548
-776
-840
-587
-265
-179
821
-979
-950
-474
-607
-131
-685
279
-805
114
998
263
-973
439
-75
977
-573
781
480
-834
-360
870
-142
941
-677
613
771
-2
859
690
786
878
-761
623
854
-125
387
73
-169
484
-832
-548
276
-627
-421
-525
-267
-531
-908
915
623
-189
512
-193
725
662
-475
-995
679
347
-725
-855
-735
106
-872
-589
-461
96
923
-537
35
606
-264
-46
-71
571
-33
-87
-517
-156
285
-491
16
-969
-109
25
715
-160
-722
527
-321
936
639
345
960
-294
925
262
328
377
-157
-512
858
323
550
776
-225
803
-79
94
-788
789
168
102
-274
93
721
678
-681
-221
-326
435
-805
-25
898
811
77
-908
999
-981
5
512
835
-919
-819
534
657
437
8
-40
-880
-308
409
400
130
-522
-725
285
-652
509
839
-209
880
990
-880
506
176
126
-197
655
-381
-860
-95
-843
-155
763
77
-85
-121
-726
-617
-92
-886
-182
-841
-752
211
244
516
681
-545
818
-78
946
-747
-200
716
491
663
307
803
-768
-955
823
980
-368
-195
-900
-496
-612
642
337
-192
-820
-281
764
534
-676
-593
711
-909
629
-119
64
-42
745
-910
588
-362
293
-825
-525
-8
708
-321
-368
-707
-690
330
538
923
-557
-508
644
113
973
-631
-893
48
941
-695
895
-848
891
275
9
663
660
664
23
533
742
499
-527
-310
-804
371
954
498
459
723
-184
-953
933
-36
-199
-463
-959
215
-847
-76
831
-189
-163
-534
-953
-680
-286
742
-306
224
969
-706
-535
-151
-12
-508
30
544
-299
297
-919
-264
-455
391
300
-423
-376
860
-225
909
-291
668
-223
-30
-529
-806
-236
-333
643
-708
-87
-374
249
-880
709
543
-940
-803
664
28
99
772
-92
-32
-992
-381
27
-709
683
127
611
810
-798
-361
992
-206
707
-704
231
775
-596
-811
899
141
-956
-647
-366
-752
-105
-879
277
-388
40
-197
261
-534
147
34
-695
641
-804
238
-462
128
-753
-369
-877
-384
722
952
-661
-882
-203
92
829
783
-192
-560
-115
442
-389
-993
-720
-33
-492
368
-377
627
546
752
-960
-665
601
-627
-863
-97
335
-8
-191
-220
-186
-864
40
-112
65
-133
-846
-738
-853
351
-806
-451
272
769
868
-938
-842
-631
-800
744
477
-881
405
330
-724
-83
-500
813
-925
-490
-385
306
-98
792
767
-655
-757
759
124
-90
783
444
-854
398
321
71
682
394
938
-553
69
-800
510
947
847
219
-403
249
360
-389
454
-568
760
225
-757
-967
-186
265
472
-476
347
429
-873
-323
302
936
-376
-270
752
-55
-21
995
-901
746
-593
-483
-358
898
23
-539
-144
-943
84
-883
896
666
586
-497
-755
239
-586
-348
87
77
299
279
-739
573
703
-271
-223
610
329
-397
-539
-825
-87
-466
-658
558
-800
-395
-354
571
-745
701
-582
-168
212
89
394
-936
-587
432
-280
688
-51
-693
-230
-664
882
820
558
453
815
596
240
-427
595
-590
100
-743
862
441
647
160
657
-249
212
-37
625
811
916
-776
423
-559
585
-467
-569
-328
861
237
437
98
-895
-202
-571
542
418
56
486
-421
340
727
-134
807
873
661
856
920
452
613
-539
-947
93
320
-879
781
-349
-505
-326
160
-521
-363
-799
-69
249
-549
958
98
171
-833
-895
734
-581
95
571
-615
-58
96
-65
-853
-834
811
57
965
-755
638
-981
-408
595
632
-397
-304
-949
-927
-399
405
-876
-9
235
925
-337
146
840
733
-259
-613
587
-789
554
812
547
751
118
-9
901
-450
392
-36
871
-535
-638
-951
-605
612
-819
-257
623
-420
503
196
-678
596
-181
821
-206
-997
-38
723
-696
-659
-937
960
549
280
626
-874
-595
-188
244
204
391
-553
119
722
-621
369
634
-899
-929
152
450
-590
-825
-175
-760
-291
811
933
-115
-923
-216
43
-61
-374
414
-63
501
-919
-772
-88
-878
600
303
153
-964
-57
666
-598
-769
-82
888
149
-191
-29
-962
776
-651
-12
715
-464
-218
-378
-322
-624
-473
558
202
-132
-406
-387
369
943
-143
-588
339
161
-639
-588
-135
-132
803
317
198
680
-409
-910
104
356
990
-808
-930
-870
-395
-701
-302
632
-515
-938
-6
126
113
-417
580
-607
-824
863
-198
170
524
719
-17
715
610
-830
194
858
-46
-742
435
-719
-727
808
45
-401
-896
965
692
473
395
406
-802
-271
-878
-388
893
-458
184
98
526
-553
-574
12
-382
130
-407
938
-911
877
-29
115
-62
556
-356
-406
15
219
-424
-664
-175
-934
-273
-609
-889
-152
-876
-288
466
115
-879
300
604
22
-883
-818
-330
-813
-891
-404
121
23
120
-516
-494
822
-29
-324
503
748
539
390
246
251
-681
97
574
-377
623
691
-470
-695
85
497
95
739
-157
-872
-963
181
701
720
-705
419
-675
-539
196
-417
315
149
-722
91
-848
117
978
-998
973
-999
-21
345
974
319
-337
285
-640
-934
158
-54
-59
-142
-648
-459
-980
868
-601
135
-397
963
-764
-248
479
-107
825
646
104
288
731
85
233
963
176
-845
-552
385
-269
187
403
-737
-523
-182
686
445
-613
-384
27
-13
651
479
-503
-426
528
-174
588
-530
-609
458
265
21
-49
-251
509
-764
-522
442
-302
944
-415
246
-30
-203
358
-24
717
-825
728
162
-794
-634
941
661
-659
979
-704
-823
776
-223
76
-494
666
358
-778
397
-385
-550
-199
-812
-688
-543
983
975
461
-142
116
-138
-666
424
-467
264
621
822
499
-933
180
763
-521
-803
341
668
733
21
-732
643
-89
524
-709
-583
479
-188
-554
700
280
-634
964
-132
348
623
-183
-285
-619
-55
-442
-558
-737
364
-138
-389
-92
213
-425
-787
787
-637
621
-541
60
971
-830
-227
55
-157
433
-28
991
489
954
678
-57
868
42
-693
-941
-438
-7
-898
-231
-134
142
-14
569
-856
614
-940
425
-607
-610
-843
-604
205
598
247
-878
-704
-532
662
-524
-908
700
487
637
601
-191
-719
112
426
-582
879
-574
426
-629
-273
-338
-154
-604
-127
488
177
-767
271
713
812
5
-371
-638
23
945
432
926
-618
992
447
994
-316
-764
272
13
-116
-382
914
-578
-996
204
936
288
-509
-903
955
722
394
-209
850
-967
809
-505
269
42
-607
-40
-243
696
386
906
624
-647
-617
519
-522
188
-592
585
274
786
659
-423
6
828
-788
-656
536
742
323
-790
-308
-198
-82
-155
511
514
871
-624
200
388
-999
886
10
990
878
549
536
-762
-864
-970
-633
636
-218
-538
-854
944
-991
222
-92
-873
-710
-974
931
211
465
-392
281
848
-203
54
-739
-714
-440
320
-681
-424
172
-436
-881
-776
985
-829
153
32
521
-766
829
-57
-655
744
766
340
-518
355
516
637
338
214
876
-664
62
848
79
314
847
643
-607
-37
441
-10
847
-865
-21
-573
674
23
-884
812
-708
548
145
-350
69
227
-230
658
-602
-313
341
-415
336
-89
-447
223
-531
-457
52
-173
840
823
-561
197
470
339
-57
288
-409
-939
761
-815
-804
-317
3
475
-335
-2
-93
269
-958
8
68
-900
121
-885
-185
-352
-721
275
661
183
-72
829
-563
-231
697
312
-587
-564
624
162
597
177
-21
1
-294
-636
111
803
66
823
969
-746
169
188
939
747
933
823
293
-35
-525
-463
-243
-409
-879
619
758
-759
-776
-431
314
-542
-997
-429
51
226
-474
939
118
777
971
111
-248
724
-437
692
-585
65
-479
888
117
840
-878
172
-579
791
-414
464
147
-655
339
165
-766
-411
-292
816
-640
-242
586
-180
-441
-656
-183
-40
-177
-645
-494
887
388
785
-966
828
-611
34
-496
-409
-437
740
-831
155
988
175
448
-712
-343
261
-502
-124
-7
121
-888
173
531
451
-111
-365
599
80
834
-741
-429
-377
533
292
-906
747
-858
137
-274
-194
-523
-835
266
221
-292
862
-231
-125
999
-676
941
1
-334
-844
850
-511
643
936
-794
411
37
162
-814
89
-902
716
863
702
-292
-647
296
-298
-385
-205
-887
228
-521
5
562
-124
370
-421
247
219
-760
-75
304
258
-295
-502
-449
499
523
783
867
260
-425
-34
-741
-839
-665
-602
-418
96
-188
663
401
-33
405
-828
-948
403
-366
-175
-258
-125
-331
339
648
-813
887
436
-161
545
-612
658
-279
916
-671
192
167
-947
-896
325
369
857
137
912
-159
-627
620
791
408
-256
813
975
274
639
923
-343
135
-186
-101
-250
230
113
461
948
365
-777
306
967
508
743
-566
-35
289
950
175
357
53
-441
-713
478
832
447
-653
91
436
-235
707
-847
240
55
-806
-583
-596
-85
880
-186
552
315
775
968
265
-421
91
784
-568
527
901
-744
815
238
949
95
-421
-529
456
388
-469
814
482
289
36
-234
-616
916
-541
621
384
-899
-808
665
-277
954
507
445
762
-865
-446
-547
397
-217
43
-794
962
49
-696
-383
767
-164
964
-245
925
-317
-806
195
-634
405
185
552
-772
-200
886
455
253
378
848
-169
127
806
-805
796
672
456
-364
-637
-32
-135
-483
-287
-668
433
-826
-95
-422
536
422
-962
556
-517
-340
-235
-718
-968
177
-488
295
434
-8
484
-696
955
391
-368
311
-153
-840
915
375
26
-511
-626
-80
298
552
236
162
-709
299
316
-615
486
-671
349
183
484
304
22
-104
-179
174
694
-455
-759
405
-498
-1
782
-282
194
493
733
946
764
-423
-440
597
67
-364
-802
673
-187
384
-894
-359
640
-657
-526
572
372
24
516
-206
358
747
247
396
172
344
-412
114
130
927
374
637
-409
-430
-42
-109
478
26
669
-889
243
373
713
598
350
565
-533
-665
206
-700
-181
837
598
451
398
213
-728
-785
977
-361
-440
402
42
-406
-459
395
657
812
87
895
-371
346
438
147
853
-459
485
736
-997
-408
-724
-872
-725
703
-83
987
-256
775
121
-163
401
284
-265
953
-475
-626
181
263
905
-299
-873
794
477
-317
-204
-270
340
955
-705
15
-158
867
-697
521
127
-729
-316
-678
-644
161
-357
-271
-633
214
331
-792
-202
-572
729
318
693
-900
-131
42
-991
289
752
-247
-354
172
-551
-558
429
577
714
673
-167
158
-717
-943
909
168
-832
-487
-422
452
10
-729
-793
795
-680
451
-882
-753
3
-639
-940
-230
749
-903
-343
661
798
-193
556
-959
-269
-560
464
84
351
-428
545
332
-475
133
-873
405
905
-757
590
-635
324
-603
-336
941
-264
715
-190
-46
884
666
-935
84
-952
826
-865
637
365
-645
-720
224
252
-18
706
894
564
134
871
562
-787
-437
770
-745
968
98
-619
-758
256
480
985
217
-839
719
-108
412
668
44
276
786
949
-242
731
-562
410
-411
259
-121
-565
942
-945
510
852
-105
317
398
888
454
-542
990
368
-532
-580
640
448
-971
332
-992
-70
-648
-865
-857
26
693
-688
607
-796
-871
-555
-213
-482
861
580
-562
-811
920
-768
701
-573
-431
-768
-200
-388
-283
182
-819
330
-940
-63
-8
641
-82
532
-300
-313
-190
955
835
413
-813
-852
846
310
-286
-153
183
300
911
-664
200
-130
-396
246
-207
883
155
-518
237
-526
-186
791
-522
445
710
197
-494
241
-80
-70
531
-481
745
767
318
-230
-871
241
218
-157
-337
-953
451
300
-872
209
566
-910
569
-949
-817
341
-267
-974
854
-850
-770
-966
-306
334
-669
962
-728
-183
216
613
-518
-617
996
978
-275
804
-813
408
-538
81
961
-331
665
-240
-873
748
-311
-736
-628
-778
-275
-599
76
-216
-689
-461
-270
-924
303
145
190
260
-5
-772
683
-971
-43
641
1
41
308
498
-48
136
996
-96
867
-52
757
-201
786
249
660
-838
330
-635
116
-298
-496
-10
699
414
-676
-377
-278
-656
-672
-247
447
-500
621
-944
847
-757
380
-205
-175
823
172
-141
753
-132
-75
438
67
317
-964
-825
-902
755
844
-216
407
-549
-523
-655
-294
-916
-897
575
68
-369
-919
-262
235
-26
388
923
828
741
-880
155
739
-55
173
656
-470
405
626
-929
-63
863
939
464
-611
164
915
-101
-497
328
-678
745
734
87
-92
980
-576
-980
42
645
-152
-178
-185
754
-770
839
-877
473
-963
-393
-714
-694
-259
-748
-368
582
81
150
-824
-225
998
675
-29
798
254
-712
198
957
898
957
420
298
476
-780
-975
822
922
265
-836
893
917
-257
188
-304
754
31
-616
167
-270
517
467
833
-982
956
984
71
-815
-681
-385
513
-485
663
324
-537
351
-131
594
-657
-946
-515
643
192
-567
-826
-350
986
422
-421
-530
532
-156
-975
50
517
-460
48
713
-943
-723
308
-723
922
138
-211
706
-285
-849
-936
-73
-837
436
-616
815
93
-254
-924
-59
978
655
-383
-394
-981
-60
-765
-630
-765
-850
222
-766
45
352
-570
757
137
-526
834
-854
-955
657
-315
-187
579
86
847
290
374
-338
487
356
862
578
37
23
869
-918
-484
418
592
301
260
-900
561
-100
225
655
-590
-839
-387
264
-461
938
-568
322
-712
534
-317
808
269
730
282
-414
-342
-436
-559
758
-644
-716
-157
587
-977
-828
420
23
18
203
70
860
400
176
28
-706
-235
-501
-861
249
-91
529
285
-389
522
-754
-726
-958
-482
-226
-126
-180
-746
236
-427
-547
-162
-675
949
-335
-175
-909
-676
-992
-20
24
542
286
-61
-982
-673
-684
506
405
-370
50
442
839
329
-311
20
308
-758
150
-69
803
552
927
201
-718
-647
832
-195
-913
619
-895
206
-515
282
-119
28
231
-610
801
683
-715
448
775
743
717
837
44
221
411
-251
-118
631
55
-556
881
982
-306
-592
-819
-579
863
705
-547
-3
-291
-447
-507
417
535
-77
-191
256
-151
-599
509
256
-933
-344
820
145
-364
655
735
526
-695
260
-732
653
-913
944
471
-34
-689
-660
59
-720
408
-959
-457
405
-250
-794
202
153
703
872
-830
-449
-991
-492
943
-422
829
-289
393
263
563
-119
384
282
982
40
757
451
-969
-376
703
202
-724
-988
-160
591
-417
-919
277
990
320
881
580
426
-538
71
-467
-347
-372
-165
981
-599
653
-630
54
118
-192
-455
-537
906
-901
37
-640
-532
988
-799
-638
635
928
-346
-675
778
594
608
-927
968
-974
747
408
602
572
882
-219
252
-241
-193
-364
-64
647
667
-804
276
597
-755
-48
408
50
230
860
714
-702
470
-389
-356
372
939
821
-408
768
801
-824
87
151
-891
474
240
751
130
-603
550
-685
-225
-715
596
-156
-690
458
-923
-745
-471
391
324
104
-130
563
115
-685
-957
-81
887
250
497
-460
-62
41
420
-938
469
-862
-258
-183
176
716
-584
-565
-666
188
-588
803
-388
433
-139
823
-88
965
168
-297
857
-73
218
-130
-684
-432
-172
420
991
-957
-740
-769
-78
270
-220
-636
-247
662
-393
-22
9
614
-451
-473
-142
-547
-960
683
-834
949
85
33
441
132
-244
-823
-612
196
263
261
-522
-568
890
-309
-149
940
36
-237
-893
-939
-187
457
-351
-9
-821
928
-629
881
470
531
594
-18
356
379
109
-617
744
-367
-961
716
-834
182
-279
19
625
753
702
-903
771
186
297
131
-134
377
-827
849
971
752
-103
-690
871
-406
200
732
-286
837
330
-46
-778
77
-107
29
-741
-581
-958
-613
-221
454
-559
901
172
-636
255
199
-884
52
-697
-141
-964
562
682
371
-731
-760
-549
432
696
979
159
222
-955
185
-795
-755
969
-401
95
-368
375
556
91
498
-630
199
-736
540
-345
-153
719
-346
-615
-870
254
162
86
42
-761
973
506
-404
376
249
339
-960
-650
-314
929
645
-355
-403
81
330
902
503
4
491
-373
455
401
-481
406
684
427
-848
-970
829
347
-984
-450
921
-759
87
752
5
-353
-918
94
698
702
401
-804
-936
-937
219
-857
-785
-235
-929
611
281
630
-712
706
-286
791
-342
196
-552
-107
-864
262
-409
525
53
-677
350
-766
-937
-707
-187
757
338
292
-662
592
165
-106
943
-827
-602
481
424
-97
764
-559
396
-572
633
-619
157
-49
999
-565
597
601
763
-187
-23
-808
595
838
-416
-644
982
795
-795
13
40
671
431
-780
967
803
309
767
-361
-375
-866
-532
8
-940
-172
896
-342
272
-326
67
382
-532
470
-639
-288
-87
-328
900
-817
701
417
605
-146
485
160
236
206
-839
481
982
-457
913
-321
-740
-701
-892
313
-713
-372
889
-896
948
-51
-272
-44
948
-429
149
932
291
-882
-833
-339
-684
71
310
-914
73
309
394
-499
508
-1000
659
807
-858
276
933
239
-141
-81
351
401
-916
-432
-451
676
-703
-937
-560
-803
-112
-854
-250
260
-791
801
-483
29
182
525
652
225
-419
230
246
-155
88
968
444
-869
352
-519
598
-401
527
246
-691
-405
-312
-548
769
638
-437
377
-937
-728
211
-891
-484
-840
-555
-711
-665
-909
653
587
-310
146
291
886
-500
-882
629
456
-912
585
117
-288
-839
467
-831
915
567
-108
481
-903
-567
-816
770
97
-647
162
349
821
516
115
-580
298
422
884
79
962
176
-162
620
-397
675
-744
-563
104
183
-827
92
460
-794
-204
646
259
-809
-755
-584
-811
292
-213
242
-470
-445
-743
172
-935
114
330
-584
441
403
-199
345
-887
-708
-730
-852
-139
-462
71
-317
617
-966
554
-298
584
-363
-170
-346
210
-979
999
-170
-731
785
-979
-670
-598
118
-544
-689
-833
-239
-795
988
902
452
-487
922
380
-458
961
-919
402
965
718
-16
737
-367
222
521
890
963
853
529
-312
-299
330
642
-493
293
374
-420
406
-243
962
698
748
-25
-394
429
203
512
142
-679
-716
-935
61
-758
677
-685
983
52
375
857
-287
381
560
676
408
119
201
891
-54
-156
-320
-412
-597
-764
-306
-897
20
814
-699
-253
341
320
301
-732
-638
-608
509
-564
-262
637
833
-319
-996
409
-772
-381
-729
185
-380
-403
493
230
-705
391
-558
-426
-261
953
222
-1000
-664
965
-393
596
184
726
321
-164
523
-620
892
-289
-267
-921
-145
-722
649
377
-662
23
660
-580
996
-715
-479
307
264
-127
-337
-221
-567
-401
246
972
-37
662
-475
632
-78
-70
75
369
964
349
-670
986
261
863
594
-572
97
228
-78
175
500
732
578
701
-60
213
-405
-389
-796
-148
-90
122
-527
-419
170
-533
278
-444
966
880
317
300
-723
332
-622
-998
-786
-803
993
117
321
-965
-878
525
627
91
-531
140
-264
-996
147
648
814
-199
296
-786
-909
148
-197
634
564
172
944
40
430
-153
780
-164
645
107
257
-888
526
15
-948
754
-355
-778
-949
293
-204
-829
-183
-332
6
-988
355
948
398
-618
751
735
767
-4
-256
373
883
-298
-58
-906
753
-754
-895
-554
274
-596
-634
529
-660
-586
29
-254
596
689
980
-59
-829
-448
126
-551
685
-623
-569
959
29
653
109
-57
-104
800
33
-587
933
-653
-392
294
535
-75
393
136
-627
-846
-723
531
-724
230
365
-357
226
525
-293
-632
988
411
-118
155
-997
-111
-137
65
-640
259
-61
-44
706
-80
610
758
417
-505
-321
-924
-823
647
-744
548
893
768
-429
634
121
754
325
-295
-821
-468
15
-168
596
154
-258
-530
-405
91
-86
470
-967
474
-881
-825
-615
-182
820
44
-125
-741
525
102
504
475
908
245
292
543
582
-210
520
812
538
-362
-820
-416
231
-281
261
295
-86
-974
877
-317
-936
407
-455
-399
-533
106
-455
714
-94
-504
979
-685
728
677
213
-427
-202
-144
216
812
798
428
666
-11
-620
940
-858
-195
900
-948
-185
-33
189
983
797
252
-473
66
-714
501
672
-426
-484
112
572
346
22
-327
-129
955
356
270
-140
-103
182
-516
92
36
497
-135
-972
267
786
457
-366
889
55
-244
-582
-328
610
368
155
-229
-549
849
-400
814
599
-472
-420
157
-719
-978
-629
-211
827
-99
-725
-556
388
-749
-59
710
889
-400
-95
-753
-218
-291
302
-83
-152
-723
-165
666
105
-535
820
-337
712
256
-394
652
914
472
-992
130
-842
149
30
133
242
144
-742
-675
-354
-502
-260
834
592
306
380
68
354
958
-934
-169
-328
108
-515
985
-843
25
896
-210
281
-72
152
593
395
831
135
475
73
518
518
536
-898
-142
911
920
-401
-412
-403
-230
-971
393
-504
-276
-703
-589
651
-440
665
882
-691
-192
-115
-571
-741
-460
818
-90
240
-412
-545
509
421
687
-618
-312
-744
-572
-696
658
-253
124
-667
687
690
-898
-257
-191
-11
-669
103
-495
38
711
508
411
-90
877
329
60
-976
-761
-18
-470
861
-386
755
176
557
-156
-688
-857
-562
725
604
-40
-447
713
-785
421
-240
-197
458
844
-581
739
617
-484
-360
362
199
-236
955
-935
775
-423
-634
74
-397
-482
-268
97
603
-479
893
105
-595
-489
-368
263
-415
532
-836
-628
6
548
755
91
442
715
-298
-512
-348
-374
-780
-277
-736
-718
-554
-381
881
701
-896
-239
-478
589
278
588
-335
31
-237
135
-676
-236
-371
-729
-743
316
-700
-652
-455
-113
38
-937
735
663
830
-883
591
-274
228
134
67
149
-881
-319
87
-453
990
114
145
-941
820
-749
-739
-78
-873
892
196
237
801
935
-62
-723
-823
130
-182
474
-891
-101
476
770
668
-420
-427
-695
97
-546
-406
-73
457
237
-629
-162
-411
-313
-39
895
120
-522
635
485
995
827
-638
-703
479
-79
-185
-159
589
-848
64
909
394
72
-8
411
-428
459
743
562
123
216
792
965
82
332
810
-430
516
-550
204
257
-903
193
-757
-695
-59
-185
-530
-354
-287
9
452
332
665
-61
260
340
670
297
397
-52
730
-281
-155
318
194
-42
481
548
-416
733
552
935
-418
-491
340
635
-79
555
281
-226
855
799
79
-495
642
117
-257
627
944
332
-908
328
-111
731
127
465
903
-222
247
555
229
953
-597
269
-937
598
-30
-733
-241
136
463
-782
-305
112
243
-622
874
-796
593
216
703
-252
-371
494
-163
-149
-743
784
-726
-807
885
667
661
435
-48
-102
362
-862
45
739
311
-386
-781
623
355
308
375
-193
109
155
-869
-268
-198
-166
171
-789
828
-421
71
-718
-663
150
-261
-676
-14
-522
-777
-105
-558
-220
-442
254
-627
710
-377
-408
999
468
320
47
-467
556
387
-625
582
998
672
904
-198
874
613
463
298
444
747
57
60
-211
637
422
881
-725
-998
597
-521
-910
13
631
-811
252
-503
-120
554
522
557
-566
-948
218
680
-716
702
914
-322
452
-452
-575
-516
889
850
185
-213
418
-478
-7
129
803
-753
-760
5
-792
-262
-130
-493
833
905
397
-271
426
897
-979
927
-498
-161
151
274
-55
-788
432
-150
-894
-411
671
-32
944
-878
-994
743
834
868
-548
573
-653
712
940
-173
918
753
975
-360
539
-284
123
70
438
919
337
623
-474
383
281
663
171
-991
363
-420
-223
960
673
398
809
494
178
83
413
-934
-81
-808
-542
-677
-937
-971
-440
982
566
320
-728
-680
720
200
-963
901
-69
-564
-685
254
208
850
-872
529
798
-428
-875
757
951
838
357
-216
874
74
-558
-16
-408
471
-97
227
882
-423
-197
-849
-782
-916
-923
-84
-449
-123
402
-923
226
188
-517
-442
-394
-255
-199
191
665
233
810
-717
-538
-76
-273
-805
-290
576
-319
508
-367
203
113
-430
887
-93
570
461
-367
-594
-762
78
215
992
112
752
532
288
-864
-557
649
445
-715
336
-828
200
115
553
756
-535
424
-790
-471
542
-893
535
-425
-439
234
-91
70
215
-963
652
-806
-141
837
-794
711
29
-601
-38
-240
931
808
-76
-353
615
288
949
244
480
391
576
37
-700
-266
-613
-681
601
123
-236
-484
-327
-535
309
-113
-326
-438
554
-513
-373
489
-94
946
353
-695
617
-517
922
-408
-409
-515
-382
-569
670
-1
219
-31
-935
-181
-685
846
-203
-206
-642
-182
-724
-96
-535
182
874
-681
202
-283
520
-401
-889
873
206
-421
815
480
-640
991
107
777
-360
993
502
257
-825
758
-526
172
-714
386
-972
671
236
447
893
27
-435
-422
299
32
872
-615
168
137
-471
278
-831
564
-526
-694
241
353
869
454
422
261
907
-234
-362
245
-510
639
-588
-325
-213
593
-712
342
-674
-598
-658
580
357
-593
488
-171
-552
831
-416
-335
-615
957
807
391
940
888
694
540
351
-331
826
594
116
920
618
928
-716
-704
5
329
-475
346
-344
146
260
851
-564
556
-665
-226
615
-287
-924
42
-895
983
302
604
340
400
563
44
-501
-28
350
391
247
32
-397
-549
-474
427
-652
299
-158
490
176
91
21
-430
-597
531
-357
59
610
50
-97
-951
972
-780
555
-431
29
732
254
913
118
-922
687
-578
-714
-348
776
926
-758
-797
965
-993
-965
143
641
179
-138
340
999
-794
291
-668
-813
-514
-418
-187
-487
714
755
-791
939
420
113
-572
-786
-857
181
457
-354
-838
-770
932
755
-929
360
-77
343
-523
794
208
-81
-40
-814
570
-471
144
-74
-417
-390
-887
-789
373
346
-178
55
-60
833
110
-437
-80
365
-378
-702
-369
841
-541
752
70
373
-596
665
189
328
-568
-167
-115
694
-325
-710
-813
-350
-600
241
-508
376
-781
186
738
153
172
642
717
112
-744
218
-10
-452
583
-487
-749
118
780
424
-550
-863
246
389
-22
292
991
274
-739
135
-555
-638
261
71
420
-588
-559
874
643
-905
-105
-205
383
893
-451
410
261
624
582
-881
-238
679
-316
775
-964
-784
-454
-749
-439
-249
-415
162
-673
40
245
340
237
25
752
331
755
-438
-247
731
381
-552
477
-881
482
938
-823
807
-17
921
179
-625
380
-885
951
875
249
188
120
-346
-115
-411
-823
362
734
409
102
750
-310
-734
240
-717
494
206
-828
-918
857
87
-815
538
634
705
-420
299
-882
445
-242
-841
296
-332
-420
975
-548
694
685
-672
52
-123
-520
668
969
-852
722
498
-781
831
218
-794
819
162
-513
-427
-210
873
-25
427
-315
-558
924
41
-48
485
-579
74
-917
228
-942
-363
-489
164
-234
625
210
-751
798
-953
807
697
606
934
-594
-474
868
689
-966
-817
-341
443
-632
96
654
-763
-499
-210
701
396
-276
150
-538
-573
-927
149
-992
131
120
925
495
271
111
325
757
-699
-867
203
548
386
-259
-226
-201
126
131
-550
-195
346
357
-80
-747
729
-108
798
89
138
855
141
100
458
-905
656
-41
-591
129
687
-408
-304
100
947
169
311
675
342
-242
734
-956
8
-163
-24
-783
91
-720
712
389
-855
-49
952
-317
-177
407
-612
-740
-875
756
62
-796
-846
-261
-718
-696
543
252
-739
138
498
-340
-941
-729
453
307
33
754
-429
365
-599
-464
-530
638
22
795
433
343
-906
-998
-986
642
-62
-414
-240
102
-746
197
811
-114
-943
-582
963
-378
-300
-558
-77
691
-510
232
-4
-194
-729
-105
972
-72
172
-536
379
566
-897
-135
-396
-700
273
554
-582
-79
873
550
936
14
-975
-535
-749
881
-117
249
-731
-13
-478
-227
-848
811
-287
-955
-413
-201
475
-419
203
-321
-43
-552
768
-454
-121
-441
692
-30
-360
-553
-505
598
-122
-10
653
40
499
542
-370
-713
117
-760
347
-223
859
-355
308
753
-593
-541
764
324
149
-195
452
-741
643
376
-585
-772
-272
-506
-387
-172
671
204
-75
988
142
190
672
-80
-814
-820
-958
-109
690
202
-982
536
126
381
308
-440
463
737
-476
-752
531
-513
850
-178
749
354
-431
-760
-637
448
-393
819
-857
-863
813
-543
-634
628
-936
41
9
906
-913
499
-703
-280
98
530
-891
-542
794
717
-842
373
922
758
787
-44
95
-729
677
579
-944
544
591
755
-902
-272
632
520
947
-861
-398
-702
-551
-95
-603
785
952
-263
947
285
274
674
220
-405
885
-732
886
-74
690
91
689
-106
767
913
473
48
-920
-853
-706
-703
108
881
590
-343
-772
-988
-769
-535
-583
-169
-497
457
-483
-618
225
994
400
59
677
674
-56
-453
477
-624
515
-530
-316
-249
-338
593
-532
-755
476
364
-363
-682
300
-585
-978
-615
649
-871
-485
886
197
-250
-766
133
-411
-286
-743
50
666
347
-819
151
803
503
-394
-756
-940
945
-866
114
-511
912
459
290
-274
491
401
-371
42
184
-383
-746
849
-123
-546
192
-940
-531
-811
-346
-758
831
-114
698
340
-9
0
699
-913
-268
695
589
579
-799
-921
912
-94
-869
508
80
-452
872
193
-634
-119
-900
32
-561
476
448
-468
-187
-651
312
-852
718
827
577
-876
720
-812
982
-124
-935
555
159
271
122
151
438
-992
904
-340
755
284
420
-589
-592
-932
140
-702
175
-209
231
794
877
-428
-455
883
-702
624
988
-737
850
477
-645
-638
-737
642
235
-239
831
98
78
-390
-44
-336
517
470
-525
48
842
973
221
877
-699
479
-454
-886
-571
-944
-208
864
626
464
679
-767
-67
-787
182
679
980
301
562
-575
624
-970
647
-722
-788
-84
53
359
89
405
215
765
-33
-618
-431
364
22
649
-733
-535
665
310
62
531
562
951
688
985
499
-629
-22
232
989
-619
159
647
-588
-805
887
689
-496
209
565
-380
-854
-323
947
-357
638
-600
385
-354
694
923
435
343
-214
-655
-518
819
53
-412
-150
179
-634
612
254
971
312
110
538
-594
-132
-206
-686
726
823
966
-347
959
813
314
-542
-482
931
4
-878
-656
-865
85
403
-732
-318
-504
-776
512
-839
51
-195
-148
-322
656
-733
471
776
559
-959
-465
451
-695
766
-198
879
-212
913
527
-183
-620
-300
612
-245
356
-477
-162
-197
583
-864
119
163
-393
-577
-937
283
-988
641
-783
860
-510
-776
316
-720
270
-168
226
-511
-205
-842
190
-301
69
-980
454
-17
-4
-331
-109
-27
-220
719
386
-679
794
-84
139
-527
-436
-281
-320
26
867
435
704
-238
-326
-737
660
-840
-893
-386
-254
-415
690
333
310
873
-417
688
386
46
-604
508
-606
-337
485
-631
364
647
879
199
229
39
-314
-447
494
-479
101
509
-544
-785
827
941
336
-235
838
861
-9
-191
-679
-197
267
-180
-118
-296
222
-521
-843
964
806
-790
136
379
963
-221
-792
796
134
670
-663
835
-604
-374
-377
-281
-367
-30
701
-549
199
-385
-924
-481
-200
416
673
-250
174
781
339
507
285
450
-906
499
318
-260
-657
225
-102
-570
153
-571
796
-616
-304
385
580
697
-142
-639
851
-703
96
-627
-103
-966
-337
288
323
-445
729
31
-373
-356
-388
-650
85
-118
685
69
-582
897
432
-122
-628
-930
-631
-871
343
978
-587
-878
223
297
111
128
827
553
81
-121
-472
865
210
-203
511
111
692
950
315
918
969
-143
-972
772
208
-464
-403
431
-514
-45
33
664
-215
71
799
-524
784
34
482
64
-237
916
-330
184
-358
-772
-733
810
431
676
640
-141
55
-643
-553
890
-50
819
128
-516
-871
-173
-902
-662
41
-230
593
-824
975
-17
697
-869
523
-83
243
239
550
-628
390
332
366
-294
-92
-767
223
333
-58
-251
621
289
518
598
471
615
933
1
-10
-149
81
-653
-72
730
-11
-564
-105
-183
829
-555
-532
515
-353
452
527
928
-191
-582
545
332
-486
134
99
-359
-670
356
-407
-526
29
-633
719
-247
146
-598
478
770
-723
-515
-361
751
709
696
863
208
264
719
-693
-659
-970
-891
-313
625
547
194
-379
-609
-904
-497
-860
39
-750
-846
556
434
-136
593
189
-363
213
247
645
-296
-88
445
-402
455
246
625
720
-478
-823
466
355
-58
-967
-811
561
16
225
-670
460
695
-251
-890
-86
435
-470
-104
-375
-824
278
81
121
-645
-819
-77
408
-921
-797
-757
-209
457
778
-73
-745
-297
844
-219
-92
12
412
359
-396
782
788
124
-214
800
-935
-694
-566
475
-164
825
-346
422
-847
172
926
-183
-93
902
-196
-355
-725
-718
-627
-64
-353
-997
