-479
686
754
-738
225
414
27
-733
62
-945
-350
-843
435
854
-466
194
-300
-998
-33
795
-251
296
-612
427
956
-783
-267
116
-95
586
784
-251
-303
127
-754
115
-252
-891
285
343
258
788
-511
-26
-65
-422
982
167
-730
-259
-143
611
-395
-857
590
-249
740
-239
-363
-995
906
971
-263
698
-877
-897
809
-998
-438
-143
-679
-965
-257
-540
-828
-932
-943
-562
399
-248
177
-820
-863
-591
-565
694
578
751
-470
-241
-605
289
950
528
-252
547
-35
511
-865
-656
-165
317
-373
-534
796
776
500
412
-437
-852
560
173
-305
891
-846
-116
-337
637
148
337
419
-728
-991
205
81
-841
-349
541
202
451
-761
-607
860
-24
-653
803
-560
-860
-149
850
-856
-61
24
50
-887
-980
-119
464
949
-284
753
-633
-659
108
75
812
364
-254
71
331
947
553
366
-878
734
830
-700
-228
489
594
-736
950
-9
-776
561
352
-611
-138
682
-327
-486
-354
600
362
68
-358
422
749
131
282
-388
-327
985
319
462
-179
-893
-812
-638
-222
-108
-274
37
-554
797
52
671
595
-669
-144
799
-604
-848
351
-812
-684
-669
377
-110
-907
-797
-285
49
-22
677
305
764
-133
-35
96
-976
733
728
-370
316
-192
381
-459
48
828
-273
133
-547
29
437
606
-934
-248
437
694
-196
-249
-151
72
-778
941
-941
217
-500
-763
15
-260
-253
-952
-811
-590
97
-256
745
-672
-87
648
-466
362
117
81
156
-222
897
399
-965
655
-420
-849
-622
-134
-859
799
322
-381
362
856
-74
464
-274
-776
884
932
198
854
618
124
-617
-428
256
-612
-500
121
635
-811
630
440
913
772
-61
-631
-174
657
-412
-562
-954
-228
109
-237
475
476
437
275
-463
-418
-669
524
16
-186
-693
-693
814
-616
-606
734
-63
794
-671
-468
167
65
-988
125
-530
676
907
-625
-297
533
928
-405
888
-98
-396
-699
718
-407
684
433
162
-758
983
-184
392
333
-561
-764
-272
-288
880
688
301
421
-49
-484
791
278
325
221
-431
401
-732
661
-797
887
180
-769
-495
947
-724
396
-17
-690
132
-912
654
60
-813
-671
-415
-602
-103
389
-752
880
535
303
925
-435
323
-519
-532
-407
990
202
383
917
-514
604
279
-497
828
159
-37
421
-882
-418
615
114
-230
158
-594
-651
-694
911
-681
477
-830
-829
-332
726
-577
403
603
-827
968
489
887
870
193
617
-421
926
-833
-345
801
-755
602
-315
-455
-560
193
960
39
320
-996
-814
192
-105
913
-483
205
765
-719
-750
967
-996
-740
-245
100
-830
322
-871
-31
-606
731
965
87
54
353
758
735
-96
558
-172
465
83
-920
-992
597
91
-827
-559
-632
65
-737
85
-790
-62
-958
-135
-192
-2
-244
-529
973
778
464
762
9
39
-726
-133
-902
485
580
-643
-135
-179
-95
435
-952
-898
-976
388
432
668
-418
303
-377
-477
1
-528
935
504
-895
-25
336
-514
-952
224
186
973
-319
84
962
661
-281
-478
-873
817
-344
968
614
-638
426
983
962
396
355
122
572
-273
-496
-285
337
-384
-24
-555
-505
-663
206
-125
199
-913
597
-416
781
909
-752
801
348
-433
-384
-270
258
526
-754
844
-793
-430
536
596
-172
-506
995
271
-453
330
264
1
-426
314
646
-315
-757
177
-275
-340
-825
165
-947
-169
-236
982
-225
296
-415
-76
-673
494
-430
912
135
266
265
-221
-728
-285
889
218
828
987
-850
-644
-571
982
166
-197
210
-247
-987
183
-510
208
-181
-905
-666
286
-727
94
350
799
-971
34
62
766
-472
-821
-763
281
421
997
115
9
771
145
427
-618
-962
-604
-118
499
-329
-20
856
499
640
-564
-708
-147
-919
580
-150
-624
659
-217
-729
-53
522
57
-51
-236
731
-570
-976
-278
-765
909
849
-887
22
-307
156
22
-863
262
-749
-627
857
-876
135
-841
44
597
358
-103
105
290
191
-465
-780
-308
-741
969
83
843
-721
411
857
-309
-6
-319
-449
-398
-584
-421
80
-939
278
-29
-142
-38
75
-829
452
-455
477
105
485
-23
121
-593
-714
155
-6
296
-586
-266
284
536
704
512
-168
-749
682
-254
-381
231
408
-857
-876
714
-387
584
-952
345
872
-987
203
-808
897
491
-406
-54
-443
544
32
-358
605
-547
-762
633
609
764
263
-939
326
342
-846
851
685
-281
-834
451
568
-845
-511
-45
-557
875
-495
778
269
153
-641
142
-312
155
-283
555
-771
-563
-466
-829
484
189
867
-581
864
-934
928
948
53
-734
-389
-150
-430
-417
-250
670
201
1
921
563
587
228
-568
-903
-671
915
278
-531
-63
-290
-929
446
-714
-32
-219
291
209
594
471
-274
-333
-8
760
2
-114
261
-593
181
982
810
757
-171
769
-744
787
-282
557
-588
14
782
79
285
-44
862
-474
488
-480
-958
-868
-307
-718
-954
847
290
-110
583
765
-553
320
991
162
683
754
937
-487
-670
217
-179
519
193
-50
533
189
936
-974
589
301
-970
-767
315
374
205
-467
-467
-577
176
-144
380
676
510
702
812
983
-801
-775
8
994
-476
951
977
-674
-22
361
823
-610
-340
412
935
998
-117
-522
-954
-768
25
431
-96
-75
266
83
-653
-359
-646
40
-902
-643
-417
230
-402
866
172
-687
538
-50
-631
759
180
962
-716
700
440
395
616
-795
316
-271
-478
178
-545
147
-256
-160
-972
-534
837
-526
-434
595
-32
-224
777
450
-586
-612
-585
-884
-950
-123
657
-246
84
-963
-216
217
-777
381
-349
-648
-920
-391
-18
-636
532
-979
80
-268
918
-746
-536
733
632
-616
313
782
798
-73
-961
452
-765
-684
-465
-41
550
-843
973
764
85
130
-285
718
286
54
-249
-415
-669
-803
134
559
-663
541
642
786
-25
-645
-724
188
-172
597
-387
-928
725
101
-450
69
410
-767
680
-366
586
978
135
906
-860
229
465
454
329
846
573
-612
944
951
-634
259
-902
945
-380
-958
-438
-401
898
179
-338
-675
-719
-16
-670
-776
531
343
537
-497
-985
-939
-866
-185
-628
-373
872
-699
282
284
-911
-447
588
-198
-627
-642
-50
495
-175
158
-836
893
-997
-283
709
-269
-788
-632
-912
875
502
193
-811
-321
345
928
-712
590
475
-8
999
-304
569
513
526
911
-513
776
-704
-499
-521
860
-195
543
361
622
734
119
-51
171
-99
824
901
-733
-541
341
-936
-613
-709
-280
-309
-501
295
547
-277
-502
579
99
-527
-499
-599
-618
-822
-958
991
-490
-121
784
305
558
-118
-455
589
44
478
598
797
503
-772
354
224
-327
976
-756
-954
-354
-551
-363
458
-987
248
726
99
673
754
284
984
-125
51
-977
-495
-733
-934
110
201
721
429
-636
-677
-601
601
-946
665
-200
-136
559
552
319
689
-868
854
-770
318
297
-323
169
-922
-161
-383
-947
-209
897
-642
-916
331
528
76
558
116
-403
-199
78
-804
789
-318
-894
587
153
-331
821
-751
-36
887
-554
453
85
-340
494
791
-746
87
-532
-223
-292
-858
-114
-850
784
60
930
-663
-549
-758
593
-642
-185
289
698
876
-810
944
172
931
932
653
17
-459
-513
355
306
145
514
33
89
707
-255
440
-507
-681
-944
-648
788
-939
796
-991
-260
-378
370
-762
747
-118
-131
-122
460
382
0
-796
773
-273
974
131
-760
399
-875
484
-877
-935
-155
12
92
-788
973
945
21
734
120
169
-30
227
-737
195
73
-33
732
963
-117
58
-576
-797
-246
958
-696
-959
-53
349
-586
-587
-306
-203
-597
-132
-424
723
9
-7
-572
251
621
657
178
-455
599
113
-423
247
-760
833
705
-187
416
105
-127
591
-973
850
850
804
-127
-826
-912
479
-596
373
612
594
280
-424
812
286
-166
-966
-803
-964
-160
556
721
461
215
-10
859
-326
574
228
-165
860
-337
-859
-654
243
-420
-794
362
-478
-346
-572
-458
-44
39
611
-71
414
-208
-391
-567
882
903
686
541
608
853
526
-452
-954
859
-397
-576
-161
238
319
-274
-718
931
176
820
-124
584
939
-113
44
-460
-635
-19
-208
38
366
285
846
808
946
-736
-882
722
181
-371
-230
-885
-525
177
-179
-902
892
-27
-332
84
-826
-920
978
-281
229
-552
-312
-370
-184
201
-579
-373
55
386
7
249
204
662
-775
576
420
-700
702
916
786
635
317
179
316
-52
77
-716
777
585
-920
-175
62
472
512
713
-858
-140
-371
207
960
734
621
-715
22
-530
-989
-102
-275
-729
834
-391
448
-820
448
-144
-753
689
-241
673
947
-768
-591
-71
971
-797
384
631
53
-624
-422
289
-285
-25
-925
46
-257
-904
299
610
245
324
821
-966
-295
165
-245
-370
430
-476
-754
861
-300
-320
-200
-198
-713
27
327
512
505
-720
893
-713
935
-67
299
342
14
836
331
-259
-583
-761
137
995
-168
264
401
480
813
-358
873
337
-509
6
357
442
-518
789
-536
-267
228
67
-927
300
-472
-83
-56
304
909
-188
309
915
753
-402
-435
940
-82
768
-8
-740
-606
814
-970
-600
-537
138
-701
221
-904
-398
547
638
874
-534
-285
-473
-375
863
-211
-310
60
448
-636
128
251
-657
841
422
886
-74
-854
131
-162
-336
-858
-616
554
636
-511
590
870
379
-494
-974
973
-979
276
905
-483
692
262
658
919
198
745
-969
180
799
-807
651
491
-584
128
234
-939
-876
138
-937
-447
604
223
-761
-312
520
-858
-927
727
112
650
467
757
603
-285
-330
152
-528
972
-181
305
-322
609
-970
-352
637
-907
402
808
61
975
357
919
-968
-921
367
497
881
848
-864
511
-956
-254
-962
-280
153
624
-922
66
291
108
518
-448
-137
861
355
420
-395
760
-768
967
-316
447
761
-454
615
-93
835
156
-778
-433
200
-569
491
195
-228
445
-526
-809
57
139
-442
-549
-790
-859
-599
-946
112
-454
-569
451
-924
-341
556
-739
873
-49
571
-703
-778
-195
-490
576
996
-639
873
-260
902
817
-146
-124
-110
930
-271
310
-448
-516
-164
43
-463
-133
278
353
-602
629
801
740
-254
633
-534
-115
-561
505
475
-507
-910
151
-131
-823
-661
251
-114
-665
375
-673
774
239
559
-553
314
-865
558
832
921
921
497
942
-814
-896
437
416
175
-770
558
514
664
-992
-675
538
550
-771
-959
-609
-238
608
155
-505
195
-550
131
-184
-556
-991
-163
-426
-441
257
579
-437
711
-488
-603
-266
-287
650
980
-178
110
-502
196
896
953
177
-211
414
-861
-609
-71
-175
-763
673
-49
-2
-921
703
-202
-482
670
-888
994
906
604
133
-831
-93
996
510
394
771
46
-976
67
-531
293
413
-178
17
34
-994
-639
477
-410
991
349
522
-614
-95
531
-8
231
295
821
358
192
-64
921
17
368
367
-385
-274
564
129
-262
-239
617
-213
-868
-97
400
561
895
926
-395
-439
-128
522
-396
676
469
-404
311
794
36
117
729
559
-386
447
818
1
653
138
316
433
644
-572
-243
60
829
-936
953
239
356
-560
145
203
822
-756
-765
-884
-730
-755
-409
777
-386
355
191
-792
-537
-868
301
643
224
894
-276
-851
504
-126
-733
-283
707
-459
700
25
-425
552
-742
516
-723
-343
11
928
-309
971
146
-480
205
-673
-842
66
-640
-421
860
-238
829
289
229
-817
166
899
-314
351
-213
676
582
-237
-637
-434
-404
-325
-39
-582
291
-423
557
158
-967
-679
-271
-498
96
311
-519
281
429
246
-512
-946
-960
-849
132
953
-783
46
173
161
37
665
268
-913
230
302
723
-59
-201
-318
286
231
-295
-104
236
629
-939
183
70
-580
-158
-601
935
-555
829
970
-636
-8
838
789
-135
243
822
583
147
336
967
98
68
585
-973
-759
383
987
14
-579
-331
816
-740
-762
-366
-102
-111
-804
917
953
-873
701
245
-68
609
-454
-210
512
162
962
626
939
407
485
321
-364
503
174
-943
257
-423
-803
448
-105
129
-48
-6
741
900
362
167
-151
-421
322
241
158
-30
923
-426
719
515
898
360
397
-825
315
934
-936
961
-722
-81
-995
639
-185
-149
-106
269
866
719
-282
361
377
-843
468
884
727
402
631
574
828
630
864
-898
-488
536
-418
-892
582
318
733
-832
601
-766
-905
-600
-594
-782
259
-975
863
-7
-315
-18
187
856
-802
-644
101
554
937
-681
146
-912
194
-844
804
-843
806
494
895
-169
611
198
441
-396
-641
177
941
-389
-729
-88
-143
648
793
-568
-923
476
-435
547
654
886
40
146
-784
963
350
-155
133
-858
571
402
-190
272
-888
904
231
-253
-539
253
-380
-812
229
-655
-481
-58
-468
-901
236
-87
-434
454
481
-429
-676
-854
-801
250
993
558
-829
309
-432
826
-373
-559
-352
299
-414
-837
965
-10
651
378
45
-330
-40
740
-114
-946
-847
-834
-131
693
-639
998
326
-13
460
-79
465
-126
-614
719
-860
135
-767
852
426
-862
132
-890
390
319
-468
-807
-726
-276
-651
651
-40
-49
272
889
-831
-89
329
-201
-688
212
749
-567
701
-436
-222
-735
319
-964
-353
629
238
-494
159
-417
-67
-737
766
358
-998
-90
-297
139
280
-989
235
810
391
-820
309
-930
785
291
156
-897
-819
837
-424
-631
-10
23
-154
-210
822
-607
505
-515
-712
-395
388
-314
936
-978
-835
586
919
-728
972
193
286
300
-811
610
474
213
554
-763
251
488
747
161
83
916
-734
922
-338
-735
-66
-81
21
711
-198
261
141
-852
-422
871
271
150
450
583
535
-841
-500
-909
176
400
-877
-319
-95
638
593
-781
-778
118
-277
-647
-627
316
401
673
-74
159
-981
-785
531
-345
981
-976
-887
-84
-41
-63
913
269
-561
744
-165
-77
823
-105
846
-728
-91
-340
517
169
-686
-827
393
455
-617
707
385
-910
-153
528
792
-85
-157
837
83
-924
624
391
397
336
-398
-62
578
379
721
788
795
-100
149
-755
-650
-535
-454
-702
261
-883
-821
61
-512
236
484
190
370
-889
-655
219
445
750
864
932
-981
115
-941
-157
-986
-706
603
631
-737
-627
345
510
-3
-400
-244
823
223
-648
205
435
-514
-544
-599
-376
586
349
45
516
-840
-281
225
-260
-569
-684
-197
552
-406
79
-557
506
-165
372
-943
-434
456
230
757
660
857
948
333
-600
8
627
-920
-311
689
64
835
881
594
68
576
305
758
-455
-334
-511
-899
-728
-530
288
-443
479
-366
-954
94
655
-864
666
-95
-473
689
-40
-392
239
366
-619
-84
398
42
-807
-161
806
578
-790
854
-565
263
183
-785
144
-543
-964
-385
-272
-195
-289
861
23
748
393
-423
-900
-953
-257
195
44
-669
-436
967
435
384
-647
17
505
-916
-61
164
472
511
-246
341
-890
-413
143
474
-837
-44
-681
421
499
202
7
288
-295
792
-22
440
-396
551
-383
339
852
-813
446
-133
-702
-208
318
878
-346
-587
-770
367
973
-461
467
717
-127
-282
377
-263
-521
-437
-737
303
-384
-963
-329
-797
900
665
-873
980
75
889
-810
-19
91
-49
-680
-970
-895
628
341
469
-368
165
-692
599
605
346
-184
124
564
573
651
-614
-237
-374
886
-743
-919
-777
-414
925
-341
808
687
867
673
-572
-237
550
-393
970
700
-357
729
-731
271
-56
288
-579
-216
997
-432
547
-73
-553
486
-453
-989
-759
-86
-831
257
674
-180
92
236
-111
-486
274
88
-840
-465
709
797
943
-7
306
-579
-564
-417
450
-540
175
-53
683
163
89
-626
-914
-87
-945
492
382
938
116
-926
-954
333
501
898
-18
79
-234
162
449
-617
-462
-489
80
-585
-626
-216
121
-670
898
-44
258
-387
276
-81
742
729
-329
-675
-269
-901
207
-612
298
306
-129
-267
-750
-798
365
-746
484
-5
942
384
686
618
-214
526
900
23
64
970
-760
426
889
340
-561
-672
184
-764
-461
-55
-932
77
-549
-661
-723
150
-123
-233
115
-79
-820
760
172
602
-429
182
486
403
172
512
940
883
569
79
293
-337
-512
535
-946
69
-335
-65
-940
-108
257
-293
886
668
266
285
-740
-27
-177
681
392
240
728
553
-407
167
-602
-892
224
-210
-271
775
-532
-221
-922
-328
-746
-223
434
127
-159
-145
154
707
-52
919
850
726
-118
-114
-615
516
295
294
-895
-52
425
-501
-860
12
690
956
-650
192
-88
-618
-484
656
710
-682
-587
-341
-45
-604
-341
-516
532
-392
459
-659
489
586
-8
-497
56
-723
-274
254
-14
-290
543
-212
614
76
-34
7
-216
-82
-453
-373
-676
-958
145
813
407
-770
-97
791
-924
-621
-509
708
-765
740
294
655
-643
-532
679
680
-200
656
31
957
346
-636
244
-898
-282
-811
875
-874
-30
-13
-825
885
-582
653
-647
-396
159
-215
22
877
-587
759
205
566
-433
29
-304
-293
587
-623
-207
-734
-987
-489
-389
-143
640
-388
745
-624
260
235
145
-574
-153
25
687
32
-783
280
-153
-19
-880
513
-224
913
-268
213
-925
-743
615
970
-309
-334
-104
11
-102
-627
365
592
867
103
-365
392
168
742
-638
995
-939
417
787
-891
330
-273
323
-881
770
14
-587
-330
605
928
-347
683
742
-283
-494
-648
-837
432
-233
10
51
-983
-978
-759
-38
-52
-530
-739
-346
46
-512
-20
-28
786
320
194
135
760
445
616
850
-465
-937
528
-186
-523
233
-845
962
280
-275
-423
507
-63
-659
-142
-641
318
870
617
-738
66
-355
-473
458
-936
-301
295
197
-83
-921
-9
214
987
603
-23
92
849
671
820
35
-631
520
-468
-796
478
812
773
-321
-257
-115
-910
72
456
-139
-556
-921
768
34
-715
292
927
-262
155
-304
103
-865
266
-553
933
874
789
-557
600
12
107
-656
268
-884
-833
613
-648
112
-516
358
291
-662
979
980
570
-586
-349
235
523
-641
888
316
-127
943
-728
573
630
162
108
771
274
505
539
-898
46
-755
-666
382
-78
-420
-891
-642
992
-605
-600
874
-554
-514
-694
570
-267
-423
610
889
234
-42
-27
-549
-295
-813
-733
-206
-651
151
-680
700
643
-688
53
883
669
-646
-284
-456
608
931
-473
-67
312
-117
222
639
470
-500
9
475
282
-203
139
45
-255
570
-894
993
411
608
630
-561
-276
49
575
-798
503
768
384
371
432
-23
325
-523
851
-946
-543
555
284
322
231
82
-454
404
503
-3
-859
-224
792
-939
25
-768
26
153
-707
-842
-35
122
-127
96
155
321
663
-787
-338
54
155
45
-886
-121
-172
75
-982
-306
-627
485
848
-580
649
-545
961
-253
-726
410
764
964
92
20
155
992
646
295
-122
-894
811
665
-61
-14
786
-444
12
878
-862
-432
755
759
-174
991
772
-410
950
-634
-506
-359
343
-559
912
-445
75
584
809
702
338
-705
-679
-77
751
-751
-585
-250
-919
625
-569
-203
858
-655
-871
-180
-435
845
375
972
-979
423
-200
672
-943
-684
-667
-110
-886
163
995
-77
-499
-179
834
326
-638
-912
861
-382
459
812
-791
293
716
711
-528
-418
365
-951
-370
-881
517
-130
-302
-26
807
-606
467
-140
-868
-454
255
-565
351
406
301
-409
-381
413
-329
-891
927
447
-971
203
724
-425
375
894
615
589
783
-736
48
-287
-261
450
-463
750
-489
-620
439
-794
455
-279
991
-272
-45
28
837
-753
432
601
-594
-730
78
469
-804
-104
-325
175
338
-615
990
541
-60
709
-338
520
-548
-589
-466
119
181
854
587
-675
-235
589
708
346
654
371
-164
-799
925
919
-132
-582
-527
-931
-306
657
-582
-725
-231
243
-904
722
-835
-137
230
-824
544
734
763
-488
594
926
-125
86
-990
-813
666
-755
-849
104
-305
-650
-554
-383
588
690
-710
-957
688
462
-433
-61
-324
430
-492
-976
520
518
684
884
390
-390
-982
150
138
-566
-983
932
-449
800
151
433
223
682
656
766
-256
-76
-808
-659
426
18
933
941
-559
-186
291
802
265
-925
758
528
-866
-623
-757
-545
432
-229
-741
118
-826
963
-947
-769
-614
-160
-448
-614
-370
477
-338
555
627
-826
347
-798
348
703
862
-292
-461
258
-696
424
443
589
203
312
618
-622
-699
-85
-696
364
359
-719
-792
-245
102
996
202
840
-978
-702
-4
-439
-446
673
-287
67
-895
-786
878
-599
983
152
-470
-282
-742
-232
-489
-674
-416
319
-34
-310
-858
-270
-708
-650
485
-939
-25
356
505
762
509
-427
666
531
-609
491
439
-255
-108
268
-680
-443
-585
227
217
657
-924
542
120
404
-685
94
793
765
-756
-143
555
7
681
-558
-477
-554
471
-345
85
-916
-31
744
608
443
-385
3
-126
609
282
-409
-512
-30
-217
-475
-291
285
240
-751
-558
-678
-990
-952
-755
119
752
315
812
-618
-212
-242
892
-663
-801
384
-861
356
-667
-246
-47
-5
-161
-321
291
650
986
818
475
-400
-407
-630
-391
-266
-790
-892
693
-622
-490
530
882
342
655
797
250
119
-540
934
404
732
-615
420
559
379
94
105
567
-241
-216
-770
-441
-978
843
-713
535
-810
8
891
-593
974
-33
348
-88
-709
-5
53
176
418
-789
-245
-931
-162
4
-387
875
164
917
917
-197
970
-653
-72
820
-820
-9
-144
-921
-991
909
234
-720
-695
327
939
-841
-581
-680
-508
-233
-270
-513
246
-377
895
-335
-473
-806
-546
-429
272
16
-132
168
-595
354
-708
-182
66
617
-140
421
-870
962
546
-361
177
-401
164
-760
224
-976
960
169
992
970
538
614
33
412
333
-974
-781
-117
-198
-998
-594
10
71
-385
928
