-203
-877
274
-244
-120
903
567
-515
984
93
-242
413
-411
-59
-330
572
-164
586
-906
809
-267
-984
-530
376
-376
-73
-999
986
156
-911
233
110
-294
687
573
-12
267
-788
-296
-300
381
-853
293
-807
-522
-934
714
-423
70
347
380
507
25
321
-468
315
207
-328
594
-565
-673
401
371
610
796
-165
300
-381
-167
-519
-214
413
-725
1
498
818
658
-289
-182
961
44
718
-440
254
500
818
-309
-174
-921
434
-384
-466
107
-855
841
165
-512
942
-936
524
646
455
539
835
67
273
278
825
-785
896
982
-607
-35
-805
743
-737
401
-484
-64
242
-331
-841
685
620
-104
95
-65
685
-352
905
-842
-314
605
-727
472
-960
667
-44
-977
-865
-742
-324
-584
928
735
-90
612
481
885
212
-341
121
-46
-547
-865
670
-992
-69
372
-954
133
78
569
-61
399
627
-249
620
-24
-704
-182
392
-274
-894
423
-380
964
-581
48
-373
-622
-730
-487
-46
-991
-480
-894
-616
-627
-292
158
616
447
-3
-704
-38
917
479
667
255
-878
-560
-938
857
203
-404
608
149
-885
762
-998
568
-965
-744
544
126
-565
-959
544
430
-466
879
660
-405
139
655
-473
525
809
9
-467
-798
734
405
-195
-455
-395
473
844
-355
32
-276
-610
-257
917
-399
-361
112
701
-459
-599
982
-432
129
343
-588
-353
136
463
-452
-389
-344
-699
-99
860
921
245
-91
-784
747
-211
841
-727
706
-73
718
-71
447
690
-853
589
-107
-142
-690
-153
-405
-307
-269
-232
51
-341
-357
-537
-603
-399
946
271
-198
-254
-680
588
936
-606
450
492
-995
303
-867
-933
435
516
-769
-671
885
648
782
848
287
61
601
-757
-47
146
-648
394
-214
611
-604
-58
998
230
-458
-449
765
278
634
-270
932
-482
-249
-614
-796
-599
302
-582
918
285
-92
-100
-638
323
553
753
-410
43
-20
636
790
581
-318
161
149
859
-556
682
626
-233
804
546
566
453
823
-600
-816
826
-77
972
313
-280
343
-796
-500
383
965
341
342
-705
111
-370
941
503
-379
694
-282
106
494
518
421
921
744
45
345
820
-137
-880
-130
-416
-822
342
541
-537
961
357
-556
-420
-82
-498
718
245
-35
-390
-842
-651
134
-316
968
-889
-199
790
-926
878
503
190
509
-89
303
-74
-392
-886
843
958
-834
-81
750
-90
-899
171
768
-222
-59
-24
-350
93
245
-459
308
-599
714
-247
-23
-471
783
-466
287
-413
826
-285
896
429
763
314
-465
-182
-283
397
670
-995
-419
-61
-462
473
904
290
356
-377
590
-783
-960
935
967
-886
-825
392
-546
852
-224
-366
732
952
-233
626
-947
-214
-509
-855
368
-214
-985
696
-874
-352
-73
-654
-324
542
126
-908
438
79
-633
403
407
680
185
-797
343
968
-776
-176
-475
-89
108
-647
501
-862
299
-980
897
572
-942
-209
645
525
-209
-733
-71
575
-557
-588
819
26
697
332
116
-76
612
57
331
259
870
93
-577
-223
-146
50
-578
-965
722
471
679
295
-909
409
486
794
135
-790
133
-160
-145
-779
-292
250
844
-555
-633
160
734
-932
-829
202
131
526
671
302
-337
476
718
-577
-855
477
269
574
79
901
-543
-406
699
-559
-322
-58
182
-402
-280
898
-691
-382
-577
-293
52
796
36
870
227
-342
-45
-250
885
-592
82
729
-129
-358
922
-439
601
299
-9
-76
921
-982
-16
-839
874
818
826
-565
-984
563
747
409
-964
326
595
-803
-759
-287
875
961
-166
-27
-828
-562
499
198
-729
867
-585
117
667
-357
-927
164
94
603
843
119
163
446
-34
-74
436
347
690
461
-821
572
-265
-912
154
-316
491
-66
944
-438
486
-405
137
-535
-931
-100
863
-921
-349
-146
365
-547
-671
-283
-920
807
235
-14
409
156
199
-102
356
-574
-996
881
-72
165
-940
630
802
477
-766
860
510
289
257
-312
-988
880
-171
-192
-697
-802
-187
-823
394
-818
-886
664
915
-921
-280
534
26
-216
133
899
-699
297
300
201
-511
843
239
306
-768
918
327
211
-141
-620
603
149
961
706
711
39
-249
686
-853
-877
141
-942
619
853
-46
837
790
-516
-666
53
-74
-322
924
494
110
926
-173
508
324
243
428
-899
-761
-71
-766
952
583
-999
-324
294
753
-309
235
-105
140
210
-422
-189
589
824
629
-67
-104
-400
-46
-489
-571
891
597
386
-932
-767
-988
-574
-265
-38
-385
-55
-101
-616
-291
305
192
370
-546
703
214
340
147
-826
663
60
334
-671
657
-972
194
348
-194
181
-349
-700
415
649
-920
-260
138
91
969
404
208
239
331
-745
788
100
46
840
-400
-713
-958
936
442
570
-681
-412
503
657
14
52
-107
105
-805
-79
-636
-293
-238
85
-567
-785
-140
66
292
-923
104
395
-66
-252
-874
-643
799
-756
-49
374
659
-509
-350
-543
106
-784
366
428
693
-823
968
-676
218
713
-974
508
400
397
-196
770
-39
493
154
75
902
-394
447
-268
-118
-311
588
-676
-221
506
-883
965
391
843
-347
-372
68
990
950
-412
-650
-109
-321
-101
-614
-133
-932
-67
406
354
-133
-952
898
837
-218
202
195
-889
-638
-669
-454
-879
-152
-959
910
-916
677
122
-580
-10
775
408
958
487
698
665
691
-467
-841
-312
-81
-285
357
111
-982
-557
778
939
306
475
39
788
-935
74
-681
698
226
105
-273
-354
680
-294
-932
701
-837
48
943
426
776
270
551
435
446
939
501
428
679
-487
429
-707
285
-79
470
-925
-672
-974
-802
-86
813
62
-40
-337
-309
219
608
214
-895
844
668
223
-486
524
859
23
373
-25
526
653
612
-798
114
964
-461
-535
-704
-875
57
-738
-942
327
-72
-87
-838
787
-310
959
-140
364
627
-870
-162
862
168
110
484
38
137
-220
587
-375
-334
-894
713
-311
-775
-878
-591
-350
335
-208
363
954
-68
-713
240
160
959
-814
998
-481
-641
-205
30
-904
622
668
481
379
-133
732
-654
746
-487
-171
386
657
439
-961
-635
4
-461
905
-476
396
-107
-439
-581
-206
103
-173
-152
-49
655
-617
457
395
234
651
-996
274
950
-243
-656
-79
-403
367
224
-478
-826
-46
-206
732
951
8
148
60
860
-665
-154
883
425
952
550
-108
905
-600
-618
205
-57
517
-241
23
509
706
-543
94
-899
806
775
490
429
978
212
77
-985
708
-994
89
-692
-900
237
-273
130
865
586
-269
-301
-882
-584
-180
880
684
-971
744
-842
959
372
431
53
58
-15
904
-52
-952
-986
-495
-956
825
84
-799
-625
-1000
908
-817
69
-509
-150
-40
501
635
-240
-383
-656
355
706
625
549
395
717
561
-339
808
936
210
-883
147
583
80
344
-558
796
122
-736
646
876
852
-234
-632
-791
582
816
560
334
896
-146
-902
123
498
405
166
-245
-312
-425
-958
750
-780
622
-702
-448
733
-203
223
-828
49
-14
924
114
-552
310
-833
-905
307
-910
-480
-261
653
992
635
786
-277
-859
935
69
741
-77
781
399
206
112
-770
-699
-149
-471
-254
-999
919
-383
83
199
-982
418
808
704
286
237
721
890
956
208
-167
548
921
641
-196
360
-366
279
309
-516
-962
434
-645
275
-592
-972
794
583
476
-796
478
-772
682
-625
459
-112
311
541
-116
248
-971
-780
-768
713
-524
-961
-841
248
450
-811
-853
119
846
758
87
-366
-29
22
427
-548
63
885
933
-195
432
914
-677
-999
-880
314
-642
-154
-958
-96
782
347
114
132
198
730
-33
-491
-816
15
169
-181
-954
759
-185
-867
-323
-831
967
76
-711
-267
691
-264
551
-578
702
-302
273
678
627
-95
-455
-488
237
-548
596
205
-812
-357
774
-6
-493
499
588
268
236
-34
40
-598
-963
-117
-55
-7
-79
-989
-955
258
944
-231
-474
-884
-29
56
-705
170
562
739
-469
149
916
-536
-763
-168
-303
969
320
691
-806
743
228
288
-114
-200
-883
331
211
-412
948
841
-165
583
373
-197
89
-11
302
425
-147
198
-494
-752
530
-66
74
523
245
288
971
-894
286
-843
-28
-347
334
-39
859
-102
484
-243
-419
63
-662
-598
741
225
-990
-911
-573
29
512
-187
868
-803
-70
-598
-735
631
821
995
-112
530
463
-563
734
973
680
-968
378
386
-119
509
390
-476
816
760
-858
-448
-865
-806
-222
-137
473
8
-222
481
-872
-853
-819
875
932
836
794
-738
-909
-42
-88
156
976
-371
-569
-881
343
-897
-322
-514
-310
-653
537
936
-605
427
657
15
-918
251
232
-831
-560
-842
440
-776
758
-521
-837
565
215
-483
-923
866
359
725
-307
-701
916
-62
808
448
989
-339
460
55
154
990
388
-139
-273
559
190
-288
-996
724
959
894
152
-85
-597
286
801
-738
-520
-437
-491
912
-913
197
-965
-299
826
-45
-551
234
-914
264
892
319
-96
-619
-904
501
-36
-607
555
-310
941
-473
380
-699
-537
360
882
-276
19
-44
-524
883
-365
293
-251
-609
-536
145
-825
177
702
403
-692
412
544
488
-124
-2
-592
782
655
-575
-950
-734
899
486
-337
-397
772
-43
485
-154
-136
975
-823
-540
-526
-34
-317
-361
-794
-795
191
-115
541
748
-961
34
70
-829
681
750
-627
907
-567
-416
-672
-360
730
150
-707
-2
846
273
-165
166
608
-999
156
-723
-320
-944
-944
-479
942
244
684
706
-395
400
205
652
-855
589
121
-182
-771
88
-209
-989
-589
88
-681
-114
883
-941
-649
-304
70
-395
-733
654
905
-452
-270
-801
-442
592
216
34
-548
405
265
-178
-592
18
577
-987
-611
328
213
-423
167
833
734
-458
996
418
134
-558
30
-854
2
-786
-30
276
953
-831
-692
671
-508
582
-601
-412
507
878
378
80
663
671
666
691
-215
360
875
931
966
-786
255
-371
847
-815
406
442
206
-184
-753
-194
-835
-479
-962
-414
-522
525
-770
-512
-203
-99
784
-737
958
-664
-6
499
499
537
852
815
262
356
270
-420
-884
375
567
360
-742
300
-877
229
-222
53
-484
-82
-998
88
163
-170
707
661
-45
946
590
5
56
995
605
-448
-886
-668
79
602
-562
-103
-654
-979
-588
250
151
-745
501
304
-722
-315
334
-57
137
-911
-390
385
-313
-132
-944
297
237
-674
575
-485
-740
10
-617
-775
-220
74
549
-483
445
-468
76
-274
185
-466
-131
647
-630
600
451
360
87
863
-47
195
-443
477
-422
496
829
-396
-326
783
-884
-94
664
-75
-438
12
332
-822
-181
-338
276
-254
858
489
589
193
544
-133
223
677
771
-428
-179
-216
-700
23
731
-486
257
-280
-368
54
-591
542
-746
-686
-312
728
798
906
-272
-905
-939
846
-972
866
-359
-651
546
275
-527
-790
475
-330
-627
-152
605
-796
980
-205
874
162
-845
-627
-340
659
-577
130
-505
558
-135
535
546
234
780
-453
185
-23
835
-458
-597
-475
628
760
67
526
-785
946
-938
627
-406
-650
-756
325
257
-743
-782
-204
181
225
501
-313
444
320
180
629
296
598
-361
-488
-539
-334
-444
-46
558
-809
856
544
-683
-121
-122
888
-96
662
-878
361
-112
-982
527
-111
288
-976
607
-358
356
-947
-931
277
570
-412
-404
-355
-375
273
-543
-29
155
-921
-553
881
-893
-258
237
-267
559
-103
231
-486
-55
761
445
-353
23
948
626
-569
-176
27
208
-101
600
528
-499
-4
-302
-225
-861
-880
604
895
916
-452
241
-6
412
95
940
-976
718
-542
467
-879
622
708
56
367
-536
-864
253
68
-569
310
802
689
920
-442
674
376
384
874
943
351
-138
-437
-998
-689
859
-582
-87
-419
748
560
791
898
176
-308
-224
-688
-817
-964
-320
188
947
-578
798
-271
-752
359
187
684
188
355
-323
-892
441
-302
695
686
48
-771
-379
-208
-228
-631
527
-23
285
938
45
690
-836
-37
-493
-684
900
-312
-277
756
-487
546
787
-160
-972
49
-348
-606
963
-273
-995
-912
292
-937
-715
225
-632
-975
77
-497
-253
898
62
718
-87
-155
-290
317
189
-381
-384
-105
569
-582
749
-996
-417
-21
-339
642
-325
939
920
30
296
-886
-407
342
881
689
77
-235
272
-568
449
-19
650
391
-697
-717
871
-713
-228
-203
-413
-781
693
321
875
-359
419
724
-657
-854
-953
248
830
-99
-667
279
-931
761
-748
896
468
-999
-6
579
-790
616
-709
706
924
583
-705
981
-600
874
94
-284
878
207
-281
978
551
737
-722
-254
-877
-250
-731
-952
563
454
-100
395
-636
976
180
344
-723
-388
654
353
-736
122
611
-443
-748
-628
-640
-382
-983
238
-487
-620
-616
-555
294
-51
-970
869
44
662
-124
513
-256
-981
195
941
234
-841
-305
852
365
450
-859
900
719
357
-499
-440
-425
-501
-445
573
-503
-471
707
391
-709
992
826
-993
213
-8
-889
-845
-777
397
-980
31
-670
-325
908
375
19
-962
425
-515
103
-686
403
662
-842
-323
-466
-617
-261
-262
-404
-504
-192
-219
-793
-956
751
331
-322
934
-410
-797
301
798
-35
-543
-524
-589
705
742
944
-694
-868
816
-924
556
856
267
52
857
-184
198
-291
-45
396
540
710
606
-313
42
587
-944
437
-15
-250
-673
22
-18
-958
891
-870
-79
513
-314
797
-366
-799
-770
516
-592
337
703
-129
-210
471
753
-589
-769
873
492
993
-222
-578
181
37
-146
130
-758
495
830
495
-64
258
-758
-664
-147
713
-831
247
-9
-450
-266
911
-264
-473
518
756
665
433
12
166
-857
706
-317
110
436
887
-828
108
154
-139
-368
794
23
500
-689
-696
725
-763
-396
528
279
514
349
-897
737
493
-173
492
321
683
-649
-109
364
-465
499
709
-525
513
993
65
912
356
983
-764
-207
751
-736
791
320
631
135
-648
-627
-763
381
-320
-628
-554
-802
-788
637
962
-937
-962
-706
473
-234
643
668
-300
50
509
-947
-437
-899
-975
-471
-442
-22
798
266
-556
695
567
800
-564
259
-203
184
883
410
974
-37
-744
-324
-179
752
-223
-515
429
168
435
-605
-335
410
-545
362
515
-823
-102
247
-298
614
-53
-58
510
-594
89
-309
-695
-40
-692
-155
438
-377
79
46
-972
504
-577
207
828
151
803
-313
-995
-432
-136
-882
874
695
743
23
234
-467
-773
554
-188
39
-953
10
261
406
742
-849
-686
821
379
-464
958
455
-889
577
476
-171
-590
-314
841
922
66
-387
78
388
-863
-720
168
413
453
-123
43
421
115
792
462
-25
-420
375
876
-729
953
651
-60
-360
4
423
543
377
-813
743
313
-288
806
-137
224
-870
-929
-273
-959
-162
-667
-347
889
-779
-770
399
631
-785
-366
565
153
540
-240
-438
-449
494
222
857
-843
325
713
481
984
-805
-26
-157
-838
585
-49
-85
789
-563
-104
677
378
-145
-994
127
-162
-500
772
184
-462
-677
310
904
983
-652
-164
-307
-244
-477
-626
30
-511
707
-364
-572
568
-46
-1000
92
851
-523
-576
73
-127
139
-731
931
-966
830
-62
759
512
-783
144
-243
303
-672
-347
991
-548
-196
39
-200
-405
494
-640
630
-117
298
-307
-883
991
775
-835
-268
-773
-530
-59
-237
580
143
237
-94
109
209
-24
355
906
-305
138
142
626
645
685
794
-708
-982
-218
475
-858
-176
-546
-884
118
-748
442
-635
16
-136
-55
-822
-100
0
-273
45
410
-250
472
-895
591
-194
568
186
-559
-240
867
896
-255
586
724
-475
785
745
46
-22
394
-304
-381
-627
-156
277
-238
-819
903
250
-853
240
533
687
353
88
524
646
-543
-331
19
31
-640
-837
-493
-349
-264
-747
567
-443
-319
696
-431
-734
-402
-90
-162
119
-195
-91
648
-604
720
415
323
-121
-981
-670
168
952
758
-701
887
469
-453
208
810
-309
546
-944
346
-902
-837
786
800
653
164
-700
-802
-813
-894
-92
-679
47
-365
-184
-779
326
740
669
-155
932
436
808
622
-927
-934
-785
888
511
809
-89
647
266
-278
-786
-393
-340
406
-676
956
325
-404
-554
122
-369
173
-175
-523
-5
456
-509
-44
-987
391
-529
662
-281
558
-251
715
-751
880
331
640
-65
17
500
990
-905
-428
971
778
947
259
313
925
76
312
-972
-342
-515
264
506
-844
407
78
-452
-226
732
671
-27
-314
921
-762
-369
349
-783
603
111
539
189
-19
598
304
-926
-243
885
-618
-348
488
-680
299
405
-699
965
84
920
-301
13
557
-973
-741
962
560
200
-215
-507
946
-954
668
605
169
346
-540
368
-227
454
-165
-543
493
-1
-469
-429
-180
570
744
-321
265
587
420
319
937
398
-245
801
820
95
-839
-719
820
-153
-419
594
306
-262
-571
838
728
-920
740
-515
-863
641
98
-553
-952
-755
435
-513
781
-779
-277
-637
151
472
-963
-359
298
-584
-742
-779
-253
-333
-186
-415
443
-452
-390
-164
216
354
527
-880
887
254
136
-298
-667
-993
845
-482
-756
6
901
17
-714
35
-387
976
746
-666
850
-900
-744
393
7
751
-55
-669
-295
-717
647
309
-943
-241
-904
304
312
595
-955
-808
889
694
-807
325
-111
-907
-603
-524
-503
-314
811
319
-449
-53
678
-704
960
-435
-767
-247
-736
-825
481
-304
331
-21
940
539
-78
127
-325
-46
399
115
682
-911
922
879
631
-407
-469
284
-389
150
440
565
482
-865
896
-507
-579
446
535
843
-785
818
-61
743
-936
-456
82
627
-589
372
-867
935
-50
-18
-696
534
493
-922
-946
143
-961
979
997
589
-703
242
521
658
-559
-927
-978
-406
-336
305
637
627
184
680
-820
36
333
-398
-229
-452
-136
-157
-555
-481
-212
-745
132
-399
-867
-314
506
417
914
-406
-868
442
978
-991
-268
-902
-799
889
599
-339
-479
-464
-821
-222
-699
525
983
261
-133
978
-214
-3
-90
603
-531
-495
384
619
-460
319
-411
-549
-121
170
-247
-200
-438
466
78
-230
-656
-795
847
-1000
-59
-684
-882
-673
-381
-41
29
-720
-786
802
490
-138
207
940
-14
520
-757
-694
-181
89
709
-470
196
-852
906
845
-861
427
-774
-29
377
947
-700
849
80
242
536
685
-713
-162
-512
181
-957
716
-574
-251
388
270
465
-147
626
-603
-179
614
-880
-567
-340
-160
-269
146
831
757
474
199
-169
-850
-11
-885
387
-884
217
-998
689
-353
-115
824
168
-541
-675
-44
260
-959
-603
-56
-529
-981
565
431
-685
-565
114
972
591
455
560
-433
-210
-237
123
132
-460
166
-213
-488
700
-53
354
-688
520
317
-745
51
249
-440
735
894
41
-305
753
-546
-537
200
-377
-273
-138
966
702
715
776
559
-978
-856
-723
153
186
-152
-962
798
-569
-472
769
-141
962
-939
-576
-434
580
-618
930
-137
434
151
-969
86
459
-339
-202
-828
-239
-352
873
760
-18
831
-890
539
517
203
262
-602
-325
-877
728
-860
-131
828
-44
407
941
317
-311
-457
-859
703
175
191
-129
-811
-565
-827
-240
934
-583
889
809
220
-374
-762
-961
248
-920
-818
-702
944
-660
273
-554
516
-121
758
-555
-830
-449
-834
132
-199
904
3
-685
462
687
-450
365
971
-751
625
-480
288
750
-395
245
-736
-529
652
36
-276
714
735
-477
-623
993
-711
139
-122
978
804
-510
-635
336
938
897
141
-755
684
481
-217
578
-644
86
-536
1
-791
40
988
389
680
477
-430
175
773
-982
863
108
188
-637
403
21
456
583
582
494
693
117
-427
361
878
-476
522
-334
-235
533
990
626
70
-651
-80
-62
-91
-150
-308
315
453
56
167
-515
322
860
277
-373
438
205
-642
495
-337
-325
714
317
101
461
-284
-868
982
8
-701
-93
-425
454
567
339
-961
171
705
-693
931
-862
-863
847
-74
-931
36
-475
-321
993
-685
-949
-915
922
-109
126
-148
-804
-994
854
334
199
-195
-847
853
881
159
-394
-95
398
283
734
907
-299
393
-513
495
330
-23
-79
-752
-918
200
-613
334
803
-449
462
-245
398
77
-634
-211
137
-70
-795
703
-198
509
884
753
-404
735
-302
-679
641
789
-517
846
256
348
-648
251
-873
952
-227
-713
677
-155
-958
294
-997
-485
979
-809
-174
-454
493
-99
-10
-648
-165
91
-303
-971
15
112
-462
772
-532
627
-306
-912
-974
244
-85
-719
719
-162
-481
404
-977
706
-513
198
-167
-23
-531
211
389
598
-619
-53
372
88
-530
-823
-110
311
959
-249
-713
-899
-912
566
-261
-602
663
817
-219
931
98
-26
-593
-87
599
-728
-93
-970
410
-192
-433
-811
430
587
413
-142
-136
-26
22
-430
-757
913
-361
33
-376
75
-496
-843
-532
78
-101
963
-443
672
-219
-285
-582
-669
167
-998
-119
672
104
981
-488
824
-5
-812
133
-249
-702
-559
-292
33
-948
761
-314
-218
-440
868
-428
-983
-398
-78
948
-118
-695
804
865
-701
-775
-331
152
-26
123
745
776
-835
84
826
-685
-839
250
-130
543
874
89
-424
-129
870
850
472
408
80
-179
905
-827
-554
-642
-295
-788
64
-836
410
376
507
-240
852
-607
141
-719
-127
61
969
-567
-109
-869
783
-244
-708
-468
-420
-912
-845
482
348
-741
466
-542
479
-901
987
-285
-624
-50
-488
363
613
89
-920
801
397
-95
849
-415
89
-428
-14
400
-677
-650
233
546
-534
-781
-377
-948
-212
-297
-525
877
163
908
391
895
815
586
-517
-696
943
951
-2
683
-503
-697
-591
-805
655
851
-31
-864
-893
983
82
390
178
-442
332
-161
-757
-132
-310
-937
-514
524
569
-817
46
638
67
-31
-513
-46
681
-408
-21
-353
195
-598
-20
840
-798
-309
-347
-913
700
446
925
872
902
-243
748
990
158
-655
974
179
631
-232
914
917
621
-603
540
378
11
-765
999
-601
-234
237
-680
44
568
286
-975
-295
-866
-169
262
263
375
-302
697
-393
12
372
-432
-257
514
-878
802
-105
622
-695
-58
689
318
-852
-326
-287
333
959
226
734
-795
-603
-644
-125
726
673
298
886
429
770
-891
746
-681
611
627
661
60
866
-797
162
214
531
-425
956
801
-525
21
-386
-78
973
-770
-829
567
290
-498
355
-731
-406
-976
12
-331
-97
-8
981
764
230
-936
-112
-200
-490
-24
821
432
79
368
907
-465
161
698
997
-456
104
340
27
-771
506
248
-216
623
-262
-927
44
-924
-169
215
772
-624
743
944
638
440
227
804
-284
-532
-233
562
842
-70
-432
-544
411
-978
-989
552
838
823
426
193
-270
260
560
-317
103
783
647
-943
20
442
-408
-219
437
71
259
810
-836
846
593
-637
218
-698
616
838
444
273
-401
-613
3
24
748
410
-169
-628
613
-219
-778
-14
-949
-183
-662
-103
261
821
-221
-601
-94
914
390
949
-214
-591
643
-528
344
-309
108
-757
-876
550
819
-543
159
462
-159
698
-789
-842
-537
-704
-795
757
-569
-662
906
730
540
-194
-816
-538
122
-849
-397
-478
-372
-733
-545
-495
-964
-35
544
-390
-735
-220
-276
514
-227
-875
-40
-579
169
33
-69
-992
-472
-239
488
-973
-576
-993
468
143
-512
-51
143
-390
790
349
821
-359
-400
-506
750
939
291
205
-778
-753
924
-426
955
-512
169
-311
392
467
-314
-103
-784
473
734
-258
378
747
-961
-298
-119
947
328
-360
-699
-589
805
-593
-483
-24
52
-218
204
323
785
-792
847
-256
879
-521
-532
-230
623
832
-605
542
-727
295
770
-463
-596
929
255
-268
188
-267
774
830
124
-710
-116
-356
-221
236
560
-476
-933
483
909
-814
248
-381
-608
926
-167
-319
-342
524
-73
43
-159
-866
-351
-120
615
22
637
339
668
405
454
572
783
-995
34
-682
-195
-872
265
-374
523
-318
268
-230
-258
684
-96
-901
967
-968
-876
-723
-314
454
363
338
336
831
-299
-941
827
311
-354
564
698
930
-69
394
314
724
449
641
219
536
655
-975
791
-978
698
505
-891
701
-773
-829
-706
604
-435
-442
-687
-70
-407
-138
787
-977
736
181
-907
7
525
-116
-46
365
-730
719
-969
-267
-114
386
-319
-526
146
693
938
-49
-328
463
-219
-284
-660
482
487
-398
238
430
685
653
301
-575
-895
156
-407
700
202
-697
-706
-581
744
-59
177
-363
395
-559
-188
-44
-868
-38
-513
273
-507
-243
-935
273
539
-901
217
-113
388
-220
178
-787
453
679
173
-895
-543
-518
560
-542
880
-380
699
-792
-799
-950
-481
-639
-414
-643
-538
101
-193
-411
-631
247
-43
364
-976
288
450
292
-14
-358
-400
470
-868
-205
-387
-499
451
-505
812
-436
-368
-264
365
-13
-161
-467
412
322
569
389
-980
-219
29
803
-965
-850
-570
-194
195
612
-780
-752
147
666
608
828
-198
233
581
-791
636
-551
689
-729
-693
618
-790
148
701
-658
-854
703
-182
-739
-96
-705
583
-149
248
-738
296
730
-296
508
32
-332
-500
-102
-122
-644
781
140
908
237
-217
442
-390
237
709
272
-875
-645
-993
-609
-56
565
-722
683
-987
360
778
104
246
712
-151
-807
-611
838
250
-191
-283
-229
291
582
943
-293
634
783
568
-846
316
534
495
749
541
-54
-437
724
-657
-214
595
-446
761
-927
-776
-981
377
657
-323
999
-757
364
703
685
-813
265
-910
-588
-149
373
578
549
838
-335
-494
661
47
-471
-165
-352
-145
774
-165
-292
-222
556
-602
759
288
-482
-981
-156
-607
-72
810
376
-309
-249
9
79
273
-690
434
-256
-875
-435
-882
29
-573
190
156
-312
-48
-866
-502
-937
400
-626
638
-935
961
48
355
-973
-777
739
541
975
-541
-838
-755
426
-884
35
429
796
479
66
993
-188
-137
-415
-918
245
908
666
967
-662
-347
-502
-796
-915
-378
-19
-184
-719
-533
99
20
-445
-783
303
607
-884
-928
-509
-615
946
-975
662
124
-587
-588
389
351
-425
-613
722
671
952
-195
319
-135
-901
-626
-561
-745
106
622
440
480
819
612
-346
-953
560
421
-294
821
387
386
-285
-451
-394
-65
315
-81
965
194
475
-895
955
345
370
-251
-875
-62
-248
-800
585
-216
144
-638
-123
-65
-549
-983
59
-151
-685
139
789
-558
402
-339
109
-956
-500
-118
550
844
997
120
690
399
-478
-813
-450
-610
931
185
788
668
-301
49
-958
745
945
-559
-493
991
828
87
458
609
-963
61
561
264
-174
291
-504
-140
-536
-754
598
-539
-263
-585
-749
845
-298
982
74
906
-959
278
967
-80
429
815
-505
310
-495
-545
-847
-142
-766
700
-544
-662
723
-589
-608
-433
517
748
519
537
-159
133
182
-987
-229
727
860
752
13
-1000
-446
603
-785
52
900
500
-227
-639
876
-509
-884
-244
498
-810
-436
-341
-889
603
-265
-526
715
961
630
606
555
-956
624
-484
-36
-44
682
-78
-556
581
-728
347
-479
998
-982
-984
84
-241
807
-90
467
-985
-98
861
-18
-428
-169
-775
-741
273
452
616
510
361
345
-197
-578
934
318
-321
-285
-231
-297
-790
-675
-222
687
190
767
-978
760
-850
494
51
-410
974
-431
679
513
-748
-505
-891
680
69
-983
308
-806
-213
-920
97
19
737
371
-411
430
-691
734
68
-122
685
-825
84
794
875
-690
-984
554
-532
-495
-184
-48
-744
962
56
526
902
-49
383
95
-149
-644
384
-452
454
-36
334
954
154
847
321
-412
988
-141
-949
420
-406
-106
-210
-216
-956
-43
-491
-289
324
-283
-734
884
959
290
264
537
-120
-26
-57
708
-21
-703
-469
316
346
502
-662
783
-79
673
-487
-557
634
753
-359
610
246
370
348
809
341
-735
503
-490
412
-980
-254
504
-170
-470
-439
921
-676
-376
748
798
-626
-531
657
-238
779
447
-123
-616
762
-724
381
-544
178
372
-316
-752
-434
410
391
542
-520
-249
-403
55
-138
412
936
-200
940
257
-165
-735
380
-154
292
-846
-615
-601
-407
82
-309
-484
722
-247
-534
-573
841
-621
-412
-502
760
489
-426
909
320
-651
-723
-848
995
-292
-544
208
504
-847
489
-4
-238
-691
856
-473
108
899
754
-874
-674
664
-463
-689
17
257
878
260
-490
785
-930
739
-385
-992
-310
-495
-909
-47
-78
-509
-894
526
116
-177
902
206
254
422
677
430
-909
-831
424
289
-543
663
-58
-633
820
-628
379
794
297
-753
181
470
-123
-370
-441
96
-214
655
96
-551
486
-72
409
-465
-29
-36
-406
369
149
234
89
-290
234
-309
101
-826
-300
-830
548
-603
267
45
225
681
869
-252
481
902
470
884
481
990
-297
741
625
-695
800
420
50
-563
110
267
877
-66
-460
520
816
-330
-174
966
-864
131
156
-646
762
124
-601
-513
-403
-498
-655
-580
33
-462
581
889
-409
-942
-324
-806
-594
-296
-232
725
-201
129
-979
130
-746
640
591
426
236
-198
-120
480
-392
-612
-863
-310
202
655
-895
17
-815
-367
574
871
912
-609
52
-765
659
-167
991
456
634
-785
-855
-178
-730
601
913
419
-317
874
-141
545
407
203
-170
346
416
-906
631
934
-205
-104
-973
186
-900
755
487
-825
-244
738
-48
-112
-635
-157
-949
-488
299
343
57
-64
401
-9
316
704
94
-784
462
107
639
426
357
-498
19
577
-791
220
303
-336
-611
28
-663
-722
-141
288
411
175
-689
-131
-595
-629
-840
254
356
289
442
384
-799
704
-796
-62
188
10
265
246
967
873
973
-545
937
-470
907
-596
760
-533
-456
203
-41
719
118
-270
-717
44
-420
-381
-250
-388
-922
-97
161
-427
-610
772
-122
-955
815
25
-774
-802
-907
23
-67
-220
955
489
-342
600
679
-790
999
313
-301
476
524
857
-482
-374
165
-384
-490
222
407
830
-171
201
-659
-468
486
935
-815
555
37
-551
449
-177
598
-784
-863
23
-498
402
118
43
-26
793
485
746
-769
754
494
797
-242
181
-922
-848
-410
-152
966
443
-395
-428
987
856
595
-483
-369
871
-187
-677
483
-68
62
164
889
959
-33
171
-891
-580
-594
-587
611
-44
541
-894
506
-428
20
191
-105
-794
573
-597
56
350
-816
340
-144
-740
-950
247
-481
-756
435
486
125
-919
690
-543
-651
-614
-756
-532
-860
-862
971
-890
-63
493
-557
771
-898
180
-767
-746
285
-888
-87
872
-234
521
710
694
-858
-941
-670
562
-601
-7
675
-87
965
896
-303
367
551
-320
793
988
-353
476
-5
939
742
4
673
471
545
962
-704
-926
-505
725
882
-58
830
-130
-779
-427
-786
459
743
10
721
-760
-916
656
107
-47
-303
467
-70
930
17
203
349
370
-957
197
-480
122
186
-588
-106
-317
773
366
-554
796
102
339
-23
995
1000
502
-40
306
310
-577
582
-895
-388
77
471
785
372
482
435
-105
907
-3
777
748
-304
-886
-978
-327
836
-751
-972
-996
-237
576
522
-529
-958
114
-329
930
235
-868
185
714
986
-658
-278
611
-793
584
-629
987
-258
-301
-76
-586
323
660
-851
-912
-511
42
-592
971
-422
597
102
-140
-256
854
730
-719
-468
-717
458
450
-436
-729
-11
-803
852
-495
-97
-213
-488
-86
-893
-410
-262
-763
531
-803
77
-425
-399
-580
-515
-506
164
259
-647
598
949
499
-623
-344
941
-359
-817
82
297
-6
949
-487
482
-652
-376
-214
723
-47
-218
886
139
-619
867
-384
-855
-509
21
-459
-422
-617
948
-26
868
784
-53
408
247
629
620
72
302
-649
-728
-637
-864
763
59
-367
-648
919
-332
-169
-132
-536
-29
-303
-21
129
445
651
-803
563
-898
-817
-752
541
-924
-24
-287
-423
-911
-917
-239
-915
792
427
-950
-245
771
153
-210
350
-262
492
545
-346
-490
-601
-168
-444
147
355
-104
-234
-776
666
-45
-694
-581
262
-357
-467
-152
445
373
-82
-47
-834
676
126
-58
740
-915
355
531
-415
545
441
265
158
136
688
584
316
-522
-885
350
-279
779
604
846
963
586
-861
181
393
-584
-55
781
89
435
414
-613
-956
-429
602
-38
-886
-888
129
-439
-846
144
-300
-173
-320
626
210
-740
514
757
146
917
-814
560
-613
614
-32
851
-928
641
-969
-40
-356
-80
-373
101
289
38
566
484
767
96
296
889
112
-145
-608
-506
956
-171
259
-573
-691
154
-896
-499
698
540
613
-881
-858
702
43
-499
-588
-565
756
-811
-701
-555
-222
721
361
-441
639
-222
17
928
273
670
859
598
-975
-750
-504
42
880
-321
-862
-525
-639
-933
40
-595
829
273
379
-615
521
806
647
-301
567
927
164
949
-134
168
614
22
-636
353
706
20
-734
-28
212
58
747
-674
-800
-140
-494
-91
-739
-268
885
-109
-685
-240
-924
-179
144
269
-544
478
-633
-961
553
5
317
-993
-397
-116
498
139
-818
146
-173
-804
819
250
591
-729
-39
194
-93
-295
211
521
802
681
891
-755
460
136
-588
416
857
652
-54
548
-707
231
-459
832
219
-259
710
376
920
-569
924
-24
-850
-727
780
-522
-312
694
-182
322
795
-394
220
-884
608
-322
443
-448
-736
-267
-600
-266
-876
722
836
877
-708
812
240
-735
984
-114
402
317
-429
-967
916
-984
153
-835
-302
74
631
707
588
-613
289
-790
756
-190
84
907
676
501
887
38
678
-973
419
-650
-55
886
-949
262
-743
-405
-455
455
-300
915
678
920
-290
-930
10
78
-949
-857
321
732
-765
736
-477
501
-787
-249
-946
-607
-238
-364
-755
847
-608
941
-328
993
-288
-932
-267
290
554
-795
917
-581
-76
-451
403
13
-414
-856
811
-556
-187
-745
-352
945
948
498
674
-29
-565
-480
830
320
-661
-679
-965
-676
463
782
956
228
650
495
912
621
-351
-503
-314
-9
583
36
303
-192
-189
-964
-848
-922
-575
659
-291
316
-95
997
835
-987
20
-388
-441
761
878
728
-832
854
136
-137
-807
-552
-725
-23
-817
-596
-539
105
-213
266
-266
656
302
-395
-422
586
668
237
336
469
191
-778
730
512
-931
-640
-756
-1000
803
-217
-30
552
568
-129
555
-478
-956
-559
-810
-853
-986
494
-721
-863
177
-204
-645
118
272
887
-900
483
476
-669
-542
-878
-458
715
724
584
-796
583
665
-643
-570
422
-743
-970
33
-408
349
104
-786
-901
-562
978
305
-440
893
-285
-29
-843
-993
-893
-560
87
709
-757
17
-237
472
469
-998
-599
-376
-627
-785
-704
284
-941
-341
-12
218
812
-750
969
-510
765
599
770
435
231
-163
230
719
560
-80
194
-414
-464
170
656
-864
-143
-647
-271
744
196
278
-860
-873
973
940
795
303
-706
-939
-285
979
825
358
-63
-654
317
-262
-667
-874
284
-455
264
-370
-848
-842
-357
185
-432
3
-453
813
-942
993
506
917
697
607
-993
-684
-163
85
673
-309
253
213
-945
-549
-658
574
111
-967
140
-155
308
699
-786
256
-857
-843
313
-2
-980
173
-808
194
556
478
550
617
-604
-951
608
-577
98
-270
970
501
442
-344
852
-121
-260
-886
-156
599
904
-535
221
80
-50
540
405
-559
-508
-468
216
833
-435
-697
-91
221
-463
-961
268
-128
-418
-420
486
-99
-34
-212
645
392
-881
985
279
913
-522
-897
176
-374
-742
-993
1000
-546
-97
-307
-212
300
-236
654
-57
-222
-349
-996
819
-293
-423
514
-68
493
-142
-22
277
116
229
975
622
426
258
240
1
-353
875
269
987
956
-818
977
-305
642
-467
-875
748
903
520
517
-801
85
-788
963
-555
212
-787
-999
-141
648
139
561
239
-533
441
429
303
-597
87
-587
304
318
-602
-863
774
-351
401
-102
989
811
-659
-203
900
-889
-530
126
833
-968
518
-730
705
-758
-713
863
-70
16
48
-662
-104
-660
308
182
906
-606
-917
79
-611
-361
-619
452
-287
541
-355
833
995
419
215
679
260
-103
-552
-738
630
-635
192
-6
-41
46
427
-214
-981
-681
149
-922
595
-912
-427
-50
-386
-908
548
-470
-425
-390
-845
78
975
-65
554
-648
-464
261
-431
-981
205
-579
-241
937
545
-205
217
726
717
-102
24
-46
734
189
386
-635
-349
648
643
-327
0
-346
599
804
547
-585
619
-493
-119
820
-145
409
89
-259
-201
-406
13
294
-15
-377
59
84
-338
552
595
-928
729
-325
609
-466
560
104
871
-403
681
-968
-328
155
253
-398
-162
199
-663
930
-877
872
-615
261
-800
504
291
-761
399
-129
-205
407
703
4
-161
720
-916
-344
-7
-370
375
-846
-432
691
-629
-988
-464
526
-765
-745
799
701
-301
-770
-834
165
-928
-857
-445
-886
-745
-60
308
-628
-744
996
979
813
104
-746
405
-82
45
-573
-121
-355
-145
849
451
-737
606
-423
486
109
342
-611
-468
88
582
912
-645
821
564
813
-757
848
-453
-444
-591
-656
297
-677
22
-350
-476
-409
157
318
768
-956
832
-331
5
-190
637
-238
-193
-273
-582
56
426
-609
-40
-539
-801
926
-401
-616
-430
-415
-230
738
553
711
-153
168
944
10
-130
87
-580
223
-548
-889
626
622
-187
640
141
485
55
-224
-968
138
-251
-858
-94
-483
-589
802
-39
-70
-550
-350
-201
210
136
-217
604
134
895
-884
-643
-81
68
-663
236
-943
-182
-990
385
-346
908
-965
-889
-228
635
-171
-418
-696
-574
215
-327
-594
248
-430
46
-246
-338
907
705
566
-818
-12
-416
255
578
773
-578
873
648
872
-316
-541
-86
-712
661
-964
935
-728
-471
200
270
132
-448
-496
912
-914
90
-706
776
-153
818
-284
-638
-548
-321
-780
503
599
-336
-878
246
-183
145
-639
-772
102
-574
-133
-873
990
626
-507
762
30
760
432
-680
427
-840
769
596
304
-132
-44
-694
834
458
-943
-212
470
-898
969
742
-448
885
-130
605
-339
41
410
185
-915
-220
400
-45
-15
189
-943
399
-742
-989
862
-897
-676
61
792
-834
574
740
938
144
-198
-110
975
599
936
489
-672
-157
-963
-52
-152
771
919
883
-271
980
902
80
-895
586
727
-507
-240
477
-831
440
651
-265
325
340
-601
-947
260
-280
-301
-987
-323
887
388
-462
512
-225
50
-99
-512
358
611
170
-534
620
-764
490
323
595
-873
-676
749
-49
-971
-62
495
-842
633
-137
-206
-417
-86
-416
108
-370
338
223
-563
505
376
509
-557
771
547
3
-542
79
32
69
333
-950
-818
-273
534
342
-292
68
-426
57
-812
768
-993
359
778
-11
953
266
484
38
-948
642
-934
-474
-736
-739
960
-914
479
-516
-225
689
-233
763
-536
939
-967
-971
-151
-252
-183
47
774
-560
-710
547
83
40
-618
433
-870
-307
819
849
20
912
838
-409
-794
-702
356
-946
472
136
315
906
-875
360
70
467
194
-842
-431
-68
777
325
841
818
453
-901
-694
729
67
382
-946
360
821
-591
312
122
721
-472
294
52
864
-592
-202
503
-195
270
-136
-93
238
-546
-707
495
-876
-204
217
374
-388
-148
-63
418
895
121
-904
181
156
-104
134
-152
-805
573
155
634
-742
682
79
-419
255
715
-883
-983
728
-446
477
-206
-239
-681
14
-975
-719
569
-750
773
-720
578
-477
753
-857
167
-523
816
671
-472
932
888
241
-743
-872
345
650
-48
-190
340
933
109
-14
561
-23
-851
-816
396
-83
-284
-260
-723
-279
331
-757
610
-841
610
948
-517
97
-681
-433
92
969
-177
-208
46
-668
798
-788
461
100
536
-447
936
408
-652
364
184
-813
-508
609
809
-864
-486
209
-42
707
-669
