743
-764
-56
379
927
-556
359
-730
-723
-693
-792
791
-519
-844
645
250
203
109
-897
-789
-445
-448
-941
-428
-261
155
-714
-627
938
920
-194
-602
545
-460
-393
-149
603
-752
-241
-12
74
-495
434
751
209
198
225
79
-801
641
31
-871
752
-217
-946
971
-635
-560
761
-990
707
-417
334
-350
923
867
398
155
-884
490
694
-796
144
-32
986
-246
-60
-888
-991
807
-182
-931
-717
732
-80
-62
-969
932
-552
-315
901
-165
-200
105
-343
494
821
-760
-551
-531
-117
9
-267
-912
-983
-473
-806
499
-461
-982
37
-992
388
-692
-63
487
-816
940
824
311
249
927
537
498
-574
649
-449
-541
400
-229
547
920
-749
496
-52
53
816
-976
16
960
927
275
-826
-521
-520
177
541
37
824
350
357
-449
-415
-73
-332
991
-931
841
924
538
378
-101
690
-618
-612
886
-397
98
627
748
-79
-125
541
707
437
-255
127
-4
-482
858
473
113
678
489
-495
210
161
38
-760
587
92
992
-915
59
525
741
660
433
142
-145
547
682
702
-306
953
660
-119
-81
-976
61
699
-471
-226
599
417
964
806
-719
-678
86
-773
-83
-385
592
-873
-147
961
-56
952
-105
233
-530
211
368
352
-81
232
-282
654
936
190
261
-565
-454
-346
-986
280
938
196
754
250
-892
534
869
859
462
442
-822
-815
-711
15
-722
-905
-126
-101
-199
-254
337
141
944
175
347
-615
262
-607
-288
604
109
-811
985
429
997
170
889
-456
-271
-449
-76
-376
-669
-452
-736
-143
-859
347
-135
994
-741
601
0
-572
532
921
484
-790
598
594
406
495
-60
231
-359
631
-877
-231
347
-335
-700
-21
-834
770
839
-159
737
-44
894
-225
268
-298
-256
-734
-801
817
340
-212
416
761
215
-531
-884
490
-85
-413
-915
46
174
745
-877
444
-11
-942
350
-325
365
-231
605
289
218
86
341
-533
-777
228
-594
211
941
-502
-177
157
607
609
724
-836
553
-66
607
-255
525
114
-917
-695
690
-739
562
680
-983
166
-777
735
603
-197
-523
-713
386
311
874
-839
875
586
230
303
-947
-143
609
-393
-26
616
-65
-468
-622
530
-132
21
38
83
509
-674
-924
171
-484
300
203
253
276
-599
645
-710
-675
204
-684
-794
-308
648
895
-5
955
962
-94
718
-966
831
709
-871
-79
37
142
-288
-915
-826
-561
-848
533
-842
-723
-641
4
-886
300
-364
-596
-754
-392
-924
-914
611
-188
-470
-571
-399
390
925
-7
-361
-39
834
-7
-814
-4
-551
-786
256
600
-969
-199
60
51
-916
113
425
88
-17
109
-740
-667
-539
-158
773
465
-574
-943
-351
454
-401
8
-976
-602
628
-745
144
950
781
-423
994
800
909
-984
129
-404
-535
-980
900
876
-233
-136
805
567
-480
609
-472
243
939
491
901
-728
537
62
-981
-874
287
764
74
740
-587
955
-236
149
-562
-585
914
-403
949
951
-753
732
-666
-634
83
8
692
-851
392
-388
-185
-783
303
-481
293
-442
-833
304
83
197
-461
-442
-243
875
-520
-749
-950
-187
-79
675
-892
-401
-979
611
786
-370
929
-256
772
272
978
8
68
305
-30
81
-836
-901
933
-413
-169
-268
-264
942
-304
-209
489
480
-762
-561
-250
499
995
290
586
510
-586
-439
123
-564
-853
328
633
-569
-335
-591
-590
-144
411
-768
-165
881
476
-805
-562
-216
-427
227
932
624
-54
555
-614
-5
306
311
87
680
289
521
836
928
386
-696
-24
-171
-445
-701
-154
-633
709
-680
-966
-146
-338
786
680
500
374
985
517
-471
451
751
-487
248
416
172
-628
-675
-524
-902
-572
708
-796
-523
-917
-734
394
-433
-158
-989
594
-938
862
-429
321
-478
-33
-112
98
343
897
-761
-108
-83
450
155
-440
-976
-435
-885
-509
185
-312
-749
-206
-115
-198
-536
622
-833
-279
-878
818
-983
-12
880
-116
-292
-684
571
248
-122
536
874
-905
-889
774
-335
318
-514
-638
-242
-394
-628
880
208
296
695
50
-562
-660
810
-946
-896
477
-211
593
340
-370
-659
-733
-195
-849
-750
425
-196
-867
997
-788
-442
-521
-505
-764
-181
-480
-330
791
913
-581
939
11
75
-356
412
-408
-487
823
-905
684
919
3
-782
394
216
953
-366
950
-533
-595
173
-749
126
-907
-665
-779
-728
755
857
-749
526
654
-278
-566
-973
311
-50
173
-584
616
163
866
-868
711
629
557
766
353
557
-184
-772
30
-923
994
-709
794
383
610
-926
-359
51
866
833
397
101
161
983
192
264
-265
-648
-600
-210
297
-167
-300
-464
12
-781
768
-197
257
896
-704
-219
-49
66
-262
-997
-979
-972
933
251
675
-236
-100
9
-462
271
-629
-289
314
-843
322
402
147
753
-427
914
12
186
-859
541
739
-937
532
904
-229
360
294
853
929
891
-568
542
-531
267
-197
520
-63
815
820
-345
128
266
-40
-237
294
56
877
877
-953
-705
840
-957
-844
-117
260
-677
-999
-351
658
-570
-887
-458
-186
918
-190
108
-641
701
-168
-881
-509
687
-900
-476
377
-853
-723
-575
-47
-133
-292
-140
967
-365
321
-564
678
-333
-444
902
977
-303
912
301
-653
-762
372
-316
-620
-848
100
365
-330
-970
-187
-495
-473
-414
-737
-87
-347
104
279
786
223
-643
-513
317
-826
-306
-539
-847
440
-703
-832
505
593
-536
-133
-985
81
-982
-129
-471
237
-108
-674
-999
-572
369
509
895
169
43
735
955
736
-602
278
490
179
-730
-940
-240
-359
161
-234
366
333
-208
872
46
873
-321
-173
81
-744
546
-8
448
911
730
-970
13
-814
465
367
-916
-911
705
-668
999
954
-135
-495
428
-334
386
732
-356
-423
75
329
-305
-954
811
-276
127
-368
158
689
-249
-978
885
-638
-447
137
461
690
-369
-215
558
-450
651
140
-563
-827
687
473
722
-734
-863
275
-413
393
461
-27
463
675
-301
735
214
163
398
-755
51
268
-864
448
-755
-461
-979
-779
905
520
-688
-629
-375
552
939
888
-447
138
2
170
754
194
-266
-919
159
-101
161
-254
-749
789
-729
571
474
-449
858
-552
126
-657
-269
-106
-795
210
-46
974
88
410
-631
991
929
647
113
182
309
138
243
221
23
-206
513
572
207
-454
330
-612
664
-616
734
266
45
346
490
0
140
721
-686
719
493
443
-441
120
424
-822
-645
-987
436
-405
-998
947
262
993
66
433
488
530
-683
-629
-484
728
585
-166
622
-864
725
806
507
650
-686
907
-565
510
-705
833
-385
-321
860
293
-662
231
18
-725
-891
-216
-219
-397
-214
-216
-108
-535
-566
-408
-635
-676
110
-324
947
-999
81
-275
638
942
560
-82
516
256
593
363
-185
516
-431
-407
-920
926
479
166
190
594
842
-993
122
581
331
628
237
914
-934
-372
46
350
-324
722
-928
-1
39
-469
232
720
861
580
-419
-518
-223
154
542
-412
-836
921
883
480
-63
-864
-728
-302
-484
557
-681
-792
939
-816
-169
771
-618
768
899
311
-264
794
-64
-883
-138
-92
700
234
-224
-91
160
349
216
14
-981
-198
-986
-94
101
906
-638
927
189
544
-968
98
281
-150
899
811
-69
540
-985
-864
-476
453
-805
297
-138
590
-283
-662
-510
797
962
883
71
-733
-925
183
310
295
-936
697
-841
730
618
-360
931
-23
-185
249
-171
226
-621
-576
-524
538
454
-892
909
-717
-563
372
128
-34
313
-837
692
-988
321
-165
178
677
-919
387
319
448
521
102
281
-299
208
634
-162
293
634
-660
467
-453
-777
-140
-449
-510
155
-295
-60
952
-824
-681
946
793
238
137
21
-950
-337
947
449
420
312
-100
-632
283
539
284
687
-898
756
564
-798
-150
468
-558
-538
-393
-767
-550
920
30
804
140
-678
961
865
-941
494
-565
56
-59
-737
-427
-361
-693
231
659
955
-10
141
111
425
353
382
-876
-602
793
963
-344
-725
-960
591
572
915
-973
440
580
677
-20
725
-868
920
489
193
302
709
715
-804
-154
789
746
939
628
-551
-185
429
646
-474
56
656
-393
967
-201
600
106
-465
509
641
99
-129
-723
-271
344
-146
829
48
-386
697
376
-237
417
574
-113
364
-711
553
-107
885
-913
-923
553
91
-232
-203
754
602
647
-48
621
515
-815
-170
-440
-1000
342
-313
869
782
715
631
918
-403
-142
-405
603
3
-474
818
719
275
814
-83
-802
263
-474
539
-658
716
821
260
865
197
663
420
239
-964
318
781
688
-988
250
-892
458
-635
-994
-277
737
689
-698
704
-427
-158
-975
-254
-259
-637
839
-407
475
575
-78
-633
-180
-640
702
583
174
-67
-103
92
929
769
-688
-196
-431
584
364
-982
77
276
-948
75
-236
-45
520
784
-853
-749
-364
435
-172
-837
675
-420
-801
-672
261
552
90
-81
-336
675
-648
-8
338
36
871
164
153
-174
261
404
-969
679
998
638
-499
-259
-349
749
-944
259
-294
614
-99
115
686
544
-360
-433
-232
-46
699
-694
-63
255
-679
-640
25
657
480
-234
966
976
-483
-811
682
986
-974
492
-910
-134
-938
824
-423
977
577
-392
320
824
-373
334
756
46
-784
-809
-943
690
-79
-141
-643
760
125
990
-204
-836
-42
272
926
471
-946
-636
461
-717
780
-822
-587
-575
-433
671
-104
-576
-14
981
306
-139
893
-302
-703
897
657
-616
-246
-720
994
760
-188
-727
-326
857
254
478
562
-406
174
123
533
-80
590
192
87
790
-771
-122
-581
-245
173
-298
525
-173
798
-363
-452
247
540
-194
530
765
-355
210
-948
663
-968
-496
499
601
-648
-148
612
-909
-206
935
-163
-964
-121
196
872
561
-924
898
915
-178
227
725
970
195
964
858
13
190
-992
267
932
615
-405
-527
-754
425
920
-426
-920
-582
-150
752
74
15
649
91
-355
-554
688
141
881
91
-922
675
-949
858
-138
282
-510
850
380
-700
743
-947
524
836
-410
564
374
-741
-154
50
869
-954
834
-835
-805
-472
629
169
175
979
42
682
918
-850
-481
-213
77
-438
-91
-356
951
213
823
46
-814
-560
-481
-47
392
-995
245
-133
103
706
-48
-452
-151
763
-544
-644
720
-739
-381
-137
-497
-195
-812
643
805
-266
-105
-932
83
267
145
399
445
195
990
-216
215
-199
-693
646
795
-964
-652
861
673
-516
781
-345
-747
-455
-662
-734
318
805
-991
-127
-632
-139
-36
-726
596
-949
-660
109
48
-387
736
-962
185
-791
664
-466
156
-997
671
589
-162
552
-204
-863
607
531
806
122
742
221
-338
193
-840
-440
688
850
656
-168
-422
609
-925
-415
-732
416
-37
-337
356
752
806
-671
657
303
792
-48
-444
11
-892
-81
90
494
-808
632
-422
-996
987
107
313
-859
-44
205
-365
677
-237
717
143
-154
-322
-538
386
-766
884
-867
-825
751
739
-890
-689
716
-732
975
-344
520
-876
-947
-695
-830
-738
-207
773
-684
-171
-65
804
152
-314
871
85
-29
988
-290
957
639
296
759
-793
964
-525
561
209
-4
-334
260
192
855
-435
514
66
-602
488
89
-629
278
531
90
-437
649
222
-478
-851
-348
-296
401
453
-261
296
251
177
-486
-12
402
885
-101
168
-450
-892
676
-837
294
-229
-571
364
-605
200
217
-197
233
532
716
-184
192
-469
987
-82
-665
-770
711
-581
-202
-997
7
271
-341
863
966
563
910
-407
902
555
40
-767
-957
-150
-615
105
583
-964
259
-832
921
-252
910
185
-70
579
-488
893
947
-564
-622
-608
-625
-623
891
-794
-953
85
-965
132
73
249
980
49
327
969
-630
-264
786
496
743
995
470
-852
997
306
-258
-905
472
528
-371
523
158
167
-907
-654
-535
-833
501
-763
-751
568
347
-513
-991
-639
864
453
808
242
-227
-282
-756
-776
853
-381
531
-474
268
-347
1000
-482
296
16
418
970
514
917
-349
985
136
66
949
192
-530
-260
-443
493
410
672
728
386
-330
946
685
909
-55
893
-756
-382
708
-138
-226
207
595
399
-990
771
-205
895
-629
-418
888
-598
490
-514
-227
65
538
-637
50
876
-24
-465
64
859
805
388
886
306
-125
-839
-218
-981
52
249
-189
635
-431
632
-606
-237
876
-929
-907
-790
655
-561
-646
209
854
-556
-500
146
589
-486
-751
898
572
-521
-361
215
-802
-973
-845
-413
957
-747
256
-830
920
-933
273
926
-575
821
-683
363
193
-576
-604
697
334
-397
229
653
867
95
338
765
-333
739
457
-119
818
-277
259
-387
-958
470
420
300
462
-796
429
-686
-788
-338
80
-490
-700
850
127
867
-565
-407
495
-242
-626
926
327
982
41
-303
-215
-261
530
-660
158
-497
-235
953
881
872
-926
102
144
-574
-470
-545
478
492
56
53
223
-546
-294
-666
-888
623
-929
644
-186
375
-566
-730
-814
597
131
-425
133
-302
583
-315
204
-340
571
536
466
-646
831
102
606
-42
795
-146
-667
30
694
-172
669
787
592
-460
-553
635
-597
27
-168
86
669
573
-905
64
-252
-269
927
445
-230
-172
-62
494
-295
149
410
867
-120
-317
-194
731
272
307
794
-538
-337
70
347
-636
-451
-909
-4
286
-76
78
837
630
939
110
180
-707
-877
-192
-320
-751
-690
-481
-527
-48
-138
812
-924
210
84
-300
-192
-301
-332
-858
603
622
-427
678
-774
362
3
-601
539
237
13
162
-675
-670
630
-838
-604
-50
273
-185
-122
-468
-748
-65
626
-810
853
-800
-943
-961
-766
-193
197
200
-19
581
418
829
-405
-541
-212
125
-812
-808
-462
-504
-819
233
-276
-2
372
528
-208
179
-421
87
-423
472
337
-164
299
-73
304
57
-681
385
399
972
-328
827
-977
-114
197
737
0
-82
-944
339
327
-451
170
460
20
614
126
-76
948
562
-918
322
83
-432
-445
-54
328
146
-448
-986
80
711
493
568
389
626
182
-975
-343
-118
-473
911
555
-972
-379
426
103
-923
-304
-983
-908
407
-861
747
-756
515
476
474
527
-553
915
902
486
180
-661
-71
740
610
-973
-793
890
-447
-904
249
683
904
666
598
274
-647
-765
334
-386
8
-919
725
968
-70
582
-374
-421
513
194
-892
-182
82
397
-22
-329
929
-135
895
53
827
607
864
873
447
30
882
698
937
-91
869
597
942
719
-585
-139
183
377
-193
-175
-223
-633
-957
-364
981
366
-251
824
-45
-707
-202
285
232
544
-99
954
175
177
-369
500
-81
1
-436
-711
-768
478
-558
36
502
895
-202
32
-99
-667
391
-580
580
696
-914
-395
-579
-312
-655
-638
-814
420
774
840
979
-987
236
997
-788
798
-666
-163
884
433
-726
647
-517
987
-543
-23
-564
580
542
777
421
507
-621
358
-443
348
5
-721
-592
-429
904
-636
65
-587
-190
496
-993
174
-372
417
599
-561
-323
913
59
834
-185
66
353
521
-803
-177
-584
-154
-288
-18
953
-186
-706
90
-169
842
-286
-804
-402
208
-991
566
47
717
104
529
-135
-413
-534
428
764
93
251
296
874
-435
898
520
151
288
466
317
599
-992
-302
795
660
779
731
-715
-72
-146
-513
-126
11
669
-284
-974
703
110
-864
-192
-106
702
-934
-618
404
258
517
-238
-886
555
-354
114
427
-246
-483
487
-844
955
-296
-592
860
32
257
-521
261
952
23
-590
-585
618
-223
431
223
-127
241
-765
-3
281
905
86
-952
788
-635
-911
478
576
-600
553
360
-866
865
665
383
591
-50
375
398
-746
799
976
476
872
84
288
574
874
467
254
454
553
-74
-552
550
79
-100
227
120
551
239
-426
-716
210
56
-804
582
850
-960
925
261
-939
-132
339
-946
120
-444
-415
419
-919
-509
-475
-471
706
557
-918
679
-893
147
-41
332
-681
88
404
745
-553
908
80
-356
480
-889
-779
177
875
811
-755
359
324
676
677
-677
-596
-146
-376
-794
-554
139
-909
-730
-655
551
-316
720
-406
-879
-525
-16
-493
-337
-228
391
522
-812
-892
684
598
-696
-111
302
-866
-301
-455
-368
73
130
332
745
-124
26
996
-864
-842
-262
-370
477
-400
41
969
699
421
-63
290
477
-21
449
896
929
999
-413
281
-157
-774
906
710
-202
471
250
257
-186
556
-50
-858
-19
-413
-351
263
-141
-191
535
334
99
689
-324
-738
415
-777
445
-243
-354
-106
-227
-876
440
50
-558
-770
-178
667
-107
-160
-401
650
-774
-714
401
-84
-303
41
-404
-634
-810
-917
-191
-444
54
399
417
-596
-754
372
601
-608
-725
521
304
-299
720
-292
-425
-573
267
-401
-226
595
-443
477
-581
-643
751
945
381
-974
766
306
-199
-927
-758
52
590
-434
-217
-984
-951
341
-671
-477
-922
-546
450
-946
103
610
-809
-921
-91
-42
457
335
-601
-805
-66
336
75
-852
72
94
161
2
538
183
-942
-669
-352
339
669
-865
-184
-931
-445
-723
-816
683
487
-870
247
-507
-823
154
-609
307
953
383
584
-44
-350
389
-833
821
-764
-54
733
541
-757
181
-226
-387
-949
-936
95
196
915
-855
-36
27
-83
660
102
171
-401
-765
-136
315
-92
-413
-315
558
-703
-316
-370
537
499
893
-293
363
160
289
341
323
130
-177
361
-117
-771
-236
704
388
877
-226
125
-181
266
-233
224
256
-209
-195
-201
-546
-515
55
817
675
5
-139
-182
828
530
844
-878
-122
-407
425
-567
592
-39
872
-343
-348
406
724
195
42
-14
780
-701
-645
-485
550
911
849
-687
131
61
93
-89
-142
-140
824
376
-279
-52
685
792
54
-463
788
-775
-372
86
664
941
443
-777
-129
-863
-310
324
-69
127
-304
-562
806
-646
-496
-444
746
587
587
-523
-544
216
-267
-848
900
761
-760
-275
934
-243
-545
667
-194
133
-285
-347
787
368
742
-991
-128
969
687
53
-518
-198
-874
-620
827
-781
820
143
-337
816
237
151
-358
488
-165
302
888
-361
314
209
809
435
158
-433
-339
964
529
574
225
246
74
885
683
-463
1
-349
189
-523
966
615
109
-323
876
-443
327
-19
414
543
-77
379
752
-769
969
-98
16
-569
828
296
42
711
-511
571
400
-691
-50
-812
453
833
585
-348
389
-411
636
-793
-210
529
-416
909
-822
-352
349
-899
-381
-153
-743
776
216
677
-363
-641
-650
-275
778
-440
318
-660
-858
-460
-750
-169
-64
-373
510
-919
-660
30
-257
332
-145
489
-412
768
408
748
220
-165
427
-293
-96
-417
266
-384
-980
-55
-67
312
47
-601
-685
600
-14
906
-103
353
867
-341
308
684
-182
-875
-226
274
-262
916
368
165
349
-536
77
876
-428
768
990
-506
-919
743
-171
-847
-599
-1000
65
-639
-258
-947
553
129
948
-42
957
-3
-298
527
470
-474
-891
-686
-362
-461
-563
-153
855
539
-102
211
-944
635
477
163
-148
-289
41
54
756
429
802
180
-282
-834
-115
-385
-161
-380
-903
952
-791
-730
-480
934
411
398
23
-184
-153
19
168
330
135
-430
-148
-47
18
264
744
633
-18
-639
-705
217
-374
-355
587
684
67
602
164
65
280
479
-538
29
-749
933
-555
-341
624
-985
-930
-538
904
33
-478
740
701
-829
-880
-874
917
-39
-872
563
430
-192
-934
723
-859
301
648
450
110
-385
-934
-451
-385
-544
86
507
727
688
875
316
-645
707
501
-950
123
51
123
-236
-237
747
-485
-634
413
448
861
339
239
708
250
-944
523
741
7
970
-558
-811
-843
778
-853
622
402
-532
-226
47
749
56
-551
-743
-104
-374
338
41
673
27
363
987
659
-924
539
-464
-300
543
-447
-342
496
-663
805
729
-496
58
-334
-222
-618
-158
81
-568
-416
140
-140
859
631
-749
-682
664
227
-481
876
168
-86
-228
-323
46
-273
-949
625
621
758
-813
-506
-603
371
506
868
9
744
-208
-547
716
-473
-366
-535
611
-776
-834
702
-739
685
187
251
-320
-569
-534
-294
-783
-386
-122
624
167
-851
121
-211
64
-803
-774
-204
874
472
43
-825
-555
100
63
-930
-801
-860
471
732
-101
-173
-235
450
-948
376
338
-190
-704
-995
-195
324
436
994
-765
939
834
277
-508
54
-90
525
-969
-929
492
823
-235
904
-873
-129
-665
-857
-815
615
26
298
-736
957
311
782
-510
-941
885
-53
709
498
-544
155
-899
-470
295
434
-659
-881
-797
994
-5
838
236
-259
-874
-176
-666
420
759
-194
-367
527
-158
-280
-321
-866
-540
853
425
-718
425
-844
501
-11
-407
-514
518
-449
873
709
600
-795
-53
625
-243
-543
-924
-331
804
942
-690
-155
-405
745
458
748
-144
81
314
-631
892
57
-233
356
610
444
-351
175
-368
-97
-835
-664
-817
28
-459
549
407
-262
674
53
475
-532
429
-758
977
-891
459
-300
132
366
274
942
10
870
-283
-868
717
581
-162
644
-67
-527
-600
-960
-887
-44
272
-473
-319
-239
-47
834
367
-49
-488
-646
63
-945
-890
-914
-554
203
739
289
-802
-520
795
-984
-412
-263
690
-498
-932
-789
-57
48
-231
-69
-876
-827
-722
-159
-2
-630
46
-86
745
-358
-652
66
-894
-506
-41
835
-758
341
-864
-999
-745
-634
299
-635
-343
557
-999
-604
19
694
273
287
-255
278
-830
255
-61
-544
-948
726
-654
439
860
-297
812
266
-608
-806
-308
-564
-145
998
433
8
-104
267
424
-553
-308
317
-637
703
-799
-149
363
352
-288
695
371
-276
-652
971
784
-20
-682
-540
410
-528
305
-31
838
-925
181
928
-243
366
847
196
867
53
-774
-834
197
-938
920
862
-972
803
-284
239
-484
-613
161
-712
152
715
-374
568
-981
-898
-987
321
476
389
-493
-826
684
-322
-327
-445
-174
780
-663
138
-121
827
-18
229
-617
540
-774
-53
-224
991
-929
752
728
1000
-257
29
-939
675
-118
-643
308
721
-439
-265
756
-519
-851
-774
-137
-246
473
754
305
956
597
-47
-261
746
-858
-249
-951
-609
-291
705
-420
62
792
-932
-212
53
-272
-436
-561
915
-153
64
572
64
128
-628
-303
-137
-630
-624
-469
855
839
124
31
301
-229
429
887
429
372
600
-87
-309
976
-614
528
20
468
-104
94
953
398
-313
-440
971
921
-934
-458
942
-713
63
-261
-41
-80
-944
-815
836
-214
-823
-378
-864
357
-273
-411
-594
-360
-215
-15
950
323
-499
-734
56
233
627
647
-749
556
642
994
-857
82
-928
-396
-207
-913
24
362
-918
-557
738
-325
-792
108
-839
362
149
-429
186
132
-770
-512
-24
194
713
-233
-942
-42
-895
-432
885
-178
339
-185
-208
796
848
480
-212
-56
200
418
-101
-163
-427
406
54
-253
-563
330
-203
150
-433
-515
-857
-925
932
-409
98
-132
-751
666
-385
-679
-193
458
223
-212
826
-174
-726
-259
621
-744
197
614
-23
-412
595
488
603
-612
-14
541
819
-815
944
-184
649
-324
930
851
-87
-620
-443
108
-706
-235
-435
-218
-730
220
-160
43
-817
-355
683
-564
-302
949
406
669
-945
735
-906
597
-752
516
-743
715
-82
473
-255
2
677
-735
907
-401
816
803
-228
614
-240
-711
-332
-776
48
974
877
-174
820
806
76
965
389
631
406
732
-436
853
299
57
-961
-441
127
611
-729
-930
-339
821
-423
779
18
-118
952
330
211
423
-349
-63
-217
-466
-54
758
560
765
428
-972
-856
595
240
-694
-588
-801
232
-42
125
610
-360
-200
-459
671
-103
619
-109
-605
-590
604
93
98
-136
876
-2
-257
732
-263
-965
773
648
618
437
-847
176
-309
-59
339
-752
684
121
952
-794
-925
522
416
-222
-149
830
-48
-954
-154
-503
337
806
483
537
-86
-501
886
-676
244
214
-36
63
-521
-121
-611
99
1
-776
-174
-837
667
83
55
995
-592
923
10
-137
327
147
-749
463
593
923
812
740
-79
347
-413
-804
57
293
-845
384
583
-463
249
794
768
-901
-574
-135
277
-551
106
-364
-751
95
-201
907
-741
-340
-6
118
493
952
-680
698
931
231
-797
-876
399
731
-884
-28
-716
-622
910
-119
-621
520
-879
651
-107
562
240
912
315
559
778
590
-353
850
-182
-860
99
62
533
-140
472
-253
-477
-71
-822
151
-143
-491
717
-185
724
58
-898
644
16
583
-557
-845
319
502
482
-24
348
-806
403
-6
455
52
-554
-369
-357
373
-648
-978
-205
90
-46
-494
-710
284
176
-777
5
61
-1
310
-673
-242
258
698
353
806
-463
191
-505
-753
745
448
690
-141
427
-336
-936
-722
-339
-482
-186
-40
-87
-728
528
291
-843
600
-142
181
-535
-338
-973
-843
-110
137
-4
605
-173
780
940
-797
-957
-252
-190
733
-712
-55
-631
118
-284
-404
-401
525
-421
-772
-690
490
84
-810
-322
402
704
710
-955
303
746
-381
607
-771
-773
261
-839
-985
311
977
913
157
578
56
-842
-628
-997
-213
894
-56
-294
294
-974
-244
-564
-108
675
207
976
-455
466
585
-724
481
820
238
-977
197
-294
805
-629
-400
823
4
610
362
895
325
277
717
-84
218
-559
526
532
-876
-638
738
394
-333
255
-940
-56
-718
-356
536
682
910
784
736
-956
-597
-885
-756
323
-36
794
66
-336
210
-361
57
611
953
110
-824
436
505
-107
-967
-64
859
-109
447
134
-77
406
542
-456
-287
-85
-80
163
884
-250
59
-573
-95
-151
476
999
321
-864
356
940
-526
65
-433
645
220
90
917
-941
352
-790
279
-12
456
545
-60
-182
479
887
439
15
-580
721
-446
-589
365
-355
649
-134
-582
-238
-766
-809
268
927
-862
818
818
-854
906
-241
455
142
-933
-44
-256
305
236
953
745
-199
382
-816
573
-613
-621
788
-261
-967
711
-852
312
536
14
-632
91
-888
305
-598
144
-269
-19
398
444
214
-394
-47
998
719
310
615
166
-938
757
47
16
364
799
-649
740
200
-2
-475
413
-895
702
-84
204
-585
731
482
-646
186
-579
-364
533
919
-88
448
860
804
-407
-370
426
-588
-334
-851
-653
-360
977
186
190
-318
-34
180
-972
645
97
-935
-620
332
176
-582
-261
-803
740
712
931
-5
-44
-127
749
-312
299
135
533
56
-271
549
-642
-663
-693
-705
-131
338
169
-447
594
711
-220
-681
-430
-789
-356
-359
-405
633
-171
-724
994
867
77
-405
104
180
-65
592
731
-737
123
682
-515
-72
783
740
942
436
320
500
-213
187
799
-571
-960
-640
7
-654
-735
-689
70
-855
785
210
110
996
-584
-507
448
-634
482
397
-116
872
945
647
55
297
-372
-978
89
825
356
184
906
-696
826
324
909
674
423
493
103
-384
61
-212
-937
772
-154
-147
536
-841
156
628
-832
470
714
470
551
401
-640
855
335
-15
696
-543
-189
-52
-703
-334
-828
567
200
743
-83
-885
-94
-13
846
791
392
-192
-522
-12
564
214
-12
307
-795
399
-393
-614
-254
955
279
292
-164
688
105
-993
975
824
-307
782
453
-813
465
666
-240
497
554
167
-568
-545
-978
151
888
-892
685
-551
-327
976
659
-882
-668
-402
327
-825
-73
607
649
-426
-574
-217
716
693
-807
-753
-179
-993
-655
453
350
568
939
-118
117
844
875
135
-126
-635
-928
230
-105
-847
-816
60
645
593
489
-133
62
-78
-480
-384
-606
805
511
-790
-679
-254
-459
-916
134
828
-80
769
-512
986
338
-497
-77
512
673
-723
855
-492
-171
999
451
-257
-180
325
-639
-165
-212
52
617
-67
-699
-716
-424
840
-537
267
460
-960
-763
-903
-49
140
-873
105
-127
558
348
365
-288
-721
-333
43
650
926
385
284
912
976
-322
696
107
-671
952
595
686
997
-806
-445
273
404
301
457
-557
-140
-699
-512
-88
582
-953
-543
950
-768
-136
24
287
903
704
-195
524
311
32
616
-312
-183
-838
-653
95
-927
476
-634
409
-825
694
134
-202
700
-885
-945
-928
230
-611
153
-288
-893
939
-695
-786
551
-1000
-659
762
213
-219
238
-513
282
264
234
3
834
-65
857
830
642
123
-562
256
308
730
-514
912
200
903
-518
-329
-437
-838
-373
-950
-12
7
859
-386
749
-557
-835
742
770
353
148
-39
-181
-821
843
-600
965
415
77
-649
283
-442
-158
-25
-548
-631
-761
-876
-488
420
508
-560
-884
-471
-388
377
649
-290
-580
-443
912
708
243
-763
-205
-141
-811
822
582
270
-488
445
-966
-463
-213
38
400
-73
113
-78
314
345
490
844
86
631
878
7
-671
-508
-723
-299
740
225
510
-947
-11
-838
-97
467
-275
-814
148
-800
271
-651
-755
-681
187
64
663
-240
250
571
269
-934
711
-447
-909
251
955
-702
291
-763
397
-77
498
577
332
705
705
-532
374
359
-265
676
819
-63
753
-497
-63
-530
204
-264
-152
-71
-642
87
945
-278
183
350
652
957
33
-237
884
31
759
785
392
-580
528
933
-124
959
479
-510
987
950
-318
171
738
-432
344
-279
-283
-235
-728
420
-596
355
-806
-373
-576
-5
24
812
-724
909
-224
-134
-351
969
-960
968
-83
-591
45
491
-435
-855
498
-756
-830
346
-723
536
567
851
918
-11
505
-388
206
774
-325
803
479
-925
-813
-333
510
-615
109
675
-790
-62
-879
478
-731
940
725
853
878
-916
21
188
-574
-262
-261
-6
752
-131
-355
-746
-883
346
-349
-414
-197
354
-513
-491
410
-246
947
-334
-768
544
578
-646
857
-134
429
149
308
595
305
-751
714
649
-307
458
-656
315
800
251
-838
836
707
979
912
115
482
-328
-934
-639
-304
96
-725
568
117
444
576
270
-377
-894
-763
85
916
264
-360
107
780
-598
-404
-340
577
144
-274
-23
612
877
290
530
-534
66
-18
787
-523
-877
473
-224
-954
41
-982
273
975
418
-447
141
704
895
-458
-769
-236
-636
942
-37
-183
-415
-762
-392
119
956
-559
808
406
-359
868
6
-780
-255
-154
378
987
593
476
676
573
-347
-806
377
-922
-261
-468
-642
624
768
-607
823
-350
834
-190
1
-873
65
-271
898
978
344
302
-439
-985
173
-80
-803
489
-35
192
797
-138
109
95
-488
354
768
192
-997
-29
901
935
187
-697
556
-728
183
780
-27
-382
-418
-688
343
442
517
-854
-157
52
523
-456
286
-382
923
764
630
-644
-219
-483
-133
615
860
786
-736
80
-445
614
351
964
-497
709
-908
-469
838
-578
-477
-328
372
248
397
-443
-698
-585
-626
-413
-704
-323
12
-683
-441
630
-858
-42
-159
-803
-159
-678
-725
720
697
706
315
-900
126
214
-520
107
-874
188
-926
-195
-680
101
616
-743
602
-718
807
-853
831
623
991
-914
439
-302
264
667
832
-893
685
-544
400
177
-548
139
-531
934
-930
-559
567
-480
582
677
-131
787
578
722
-426
-1
-687
-510
79
-243
-849
-582
-47
-934
73
-522
-911
-218
997
273
-317
-732
145
-187
66
-147
437
724
819
105
-166
389
-572
943
188
692
146
-623
-743
764
326
-879
229
-181
286
49
-671
-163
931
759
-273
735
335
-507
-373
-230
59
-419
467
910
766
-106
-280
-866
626
63
176
439
135
-230
-218
36
589
-423
-984
-447
-407
-404
-495
712
290
-815
287
-344
-951
-286
-594
222
-250
-436
837
67
348
-86
-97
538
403
772
-781
-423
-749
167
139
-347
-735
872
-371
-678
830
715
-290
741
-522
-142
-660
506
-606
937
561
424
-971
-589
798
-29
219
425
-365
-653
83
-175
-818
-224
-372
-394
271
599
-90
-807
880
945
549
327
-50
-455
-714
-51
455
-593
-823
282
-84
436
689
-28
346
-733
426
-437
221
334
-160
816
816
153
-322
815
900
612
-499
-719
-233
442
-871
461
880
-896
594
989
164
110
-665
-391
131
471
179
-210
100
-863
-178
374
355
120
826
237
941
-901
-362
430
806
-591
-7
91
-594
887
-122
203
-756
-236
186
-336
112
873
-882
-23
458
-933
-736
185
248
846
62
-772
646
-223
587
-288
75
893
480
565
706
892
-733
-76
381
433
232
986
254
748
759
533
-392
-122
-548
-151
-159
409
-330
-719
-26
451
755
161
-971
-326
-748
894
-448
-365
-633
-369
328
211
908
-669
561
-795
-824
-252
-108
-706
254
-663
480
787
373
933
263
-655
641
-462
-279
300
-766
-59
499
883
792
310
431
186
-403
63
-796
959
-628
582
122
-377
-792
-802
572
767
239
441
-760
137
-14
649
-928
703
27
-208
-48
128
-763
843
-985
-948
-518
-653
754
-219
-15
160
642
978
-218
919
-767
-220
498
-920
752
695
-348
-877
-685
907
596
-650
-209
-627
-926
-301
-827
498
418
364
-460
-498
343
821
-707
-270
-167
199
104
298
-461
144
284
703
-835
310
335
14
10
-277
-971
-533
809
-289
145
-182
-809
445
28
946
353
-461
-418
-316
-564
474
966
481
685
-908
751
369
-102
663
-313
909
-906
549
678
-184
219
-206
779
920
-77
-244
-123
799
-939
752
-476
-633
915
860
856
193
-968
614
734
-572
549
-904
716
-602
35
-355
-11
380
-819
-886
640
-499
401
322
-492
-845
-164
-803
907
-492
424
503
-208
-337
-636
-312
-209
-651
638
7
735
-134
-646
-49
22
-323
-40
745
423
-383
343
-472
318
-903
-461
146
143
415
-975
-837
-719
-154
-477
306
972
-264
262
829
-737
-301
883
-295
-771
237
-239
846
-358
776
-82
-61
692
-554
-695
308
-493
-114
810
712
565
237
-846
-991
-540
727
-766
22
402
631
535
-749
521
953
397
895
-555
-146
758
-610
-463
725
-916
32
290
131
-71
-616
-810
-573
287
-996
-906
-987
646
-569
621
-120
623
787
173
250
472
-233
764
-276
-25
-888
239
54
-52
-728
866
-263
761
630
-64
333
-711
988
-58
869
228
571
-940
47
-235
646
410
808
-598
-449
958
215
-779
-929
26
167
-490
-383
-460
-432
861
506
918
809
621
538
341
511
-231
-58
-167
-228
393
313
-111
-223
661
-230
-411
547
69
228
460
-686
870
61
616
960
672
228
-383
14
697
779
678
852
-985
745
177
605
-768
865
-749
-547
-50
-420
168
-836
-399
369
599
-289
-423
-432
344
291
585
-136
514
311
335
877
-212
486
-876
-138
-665
-179
800
-828
956
141
-135
-776
761
-834
291
-976
-559
576
-725
318
326
668
928
107
451
-764
890
147
-667
-259
663
-51
-593
46
399
445
757
598
519
223
-901
198
-674
196
551
802
892
875
-231
65
386
289
797
-455
-156
-832
385
-999
-877
464
-424
-781
810
691
504
-22
288
905
682
-249
11
-345
914
684
-549
255
269
-457
-363
76
-868
37
426
93
82
611
-186
33
-722
-154
361
-800
-234
-690
181
614
479
829
-764
978
321
839
64
-862
-562
351
-53
567
872
-75
845
-917
-89
402
423
754
-5
686
220
67
-188
-304
-494
921
681
11
-24
-363
-191
-106
316
-4
238
359
899
593
852
-987
64
909
-919
-153
435
842
-316
360
643
455
478
168
-740
-311
196
-603
-250
-38
-117
-313
-384
-100
885
357
542
-617
866
689
44
-28
-584
-828
160
926
-121
-453
790
981
-26
439
-208
-679
-355
-140
-7
953
181
-197
206
645
34
-166
571
953
-577
886
-595
-65
623
-768
-713
393
663
514
354
-67
471
530
986
-462
-693
53
107
-826
732
-716
913
-146
804
532
-111
-472
-720
-736
-48
880
-741
-224
-1000
458
-670
-785
-334
496
-4
916
-943
32
532
-543
-841
96
16
-9
-752
-970
-381
-505
-553
-408
-715
100
-672
49
738
991
864
998
-87
-10
-401
987
801
-423
-484
347
-257
558
393
690
-763
881
-873
694
675
-262
-359
889
129
696
443
-434
-790
627
320
-137
-140
-321
926
254
-253
-376
-89
-876
497
-591
-737
-65
989
-351
806
-57
808
-401
489
-84
-608
-915
191
-506
-544
-96
-467
-915
-584
581
604
-970
432
885
26
-323
-742
-51
359
-810
804
377
583
90
-172
810
-978
-41
173
307
963
-789
-594
-999
91
-50
-188
322
423
373
602
-580
932
-651
-654
-475
244
730
617
-8
377
265
702
-549
-807
-248
-20
-250
533
564
-856
-242
668
381
-464
348
-982
393
433
527
-300
740
-5
730
-705
63
898
-960
97
816
-441
19
-390
-286
624
-587
-641
-975
-425
147
-158
228
929
883
-474
176
712
-356
-799
771
30
700
459
-621
-719
-528
-44
-810
515
-667
753
259
856
885
-430
-167
-747
-767
-866
-760
320
146
-944
-81
713
754
-515
-575
-861
-672
532
672
-864
-660
-325
-5
378
173
762
-1000
253
60
-775
894
590
-154
539
-940
-275
647
-471
-325
175
-478
441
-54
-971
290
-800
-532
208
-691
-222
-101
917
-307
-280
49
-872
-765
-64
-468
-297
-171
-239
314
675
-629
37
-539
682
-271
-235
-475
384
239
210
-968
-365
468
-895
-644
-69
-561
-708
142
534
-683
971
961
-940
614
706
288
-666
-372
-470
203
400
161
758
305
-631
892
-437
979
933
-121
717
-79
847
-619
486
-540
895
-269
19
-418
311
-404
-799
-407
200
739
735
-261
155
-73
-357
998
-900
732
-375
359
53
85
397
-710
-549
924
787
311
-404
-630
-615
-373
-252
170
-862
-79
114
-52
-339
-210
-972
588
279
549
-212
-859
-436
598
87
548
982
741
-646
-229
226
214
112
-650
-445
350
-819
-333
-591
415
528
923
-7
-725
196
-482
-93
990
406
767
493
-261
-687
650
-486
-554
-73
166
904
465
-439
651
-796
206
-476
414
433
317
-717
655
-422
-907
-910
-520
-239
789
-945
703
-4
-674
627
-703
-218
-329
-122
275
-604
-367
-818
-862
-359
-547
672
940
-901
-928
-493
178
-962
-445
-101
544
-471
-831
928
-468
977
3
628
366
-336
262
-218
-683
-357
418
-395
782
153
-66
527
-852
974
-879
-730
-936
-132
-570
-21
-199
-973
-190
-228
100
870
-434
304
-109
786
-479
-850
663
-706
366
-525
-301
324
-600
-177
-286
523
-904
-359
-406
785
-469
583
140
-20
130
285
681
122
-207
-826
-659
-331
-673
128
-860
-612
415
-166
-435
992
169
941
238
867
405
63
-866
458
160
-299
376
-328
-756
-844
-151
346
-830
394
-995
