-74
-144
756
-867
299
194
-445
-178
485
301
256
728
-350
-769
28
-209
163
877
-536
-191
796
716
-574
139
-703
929
998
840
842
799
953
955
922
-91
-231
185
-41
-320
752
-969
234
-373
332
600
823
763
327
370
-486
-273
-548
-93
516
-992
-173
-449
-910
642
-647
-402
-566
-853
54
794
53
722
-266
-473
757
699
-792
-782
1
715
-368
725
160
304
908
523
-589
-331
-440
949
626
-223
13
228
224
785
-389
-748
781
-663
958
97
-850
-931
-535
-309
-150
680
788
365
-339
466
-181
-174
-795
-346
57
-152
-525
688
95
31
-310
539
727
-410
-457
-590
-601
-715
745
-501
680
-778
-725
719
406
223
-619
317
343
902
815
-661
401
-887
926
-263
-799
209
213
-503
986
924
751
652
327
262
309
-337
-429
227
-641
368
680
361
-294
-789
-385
596
611
-58
960
817
-624
589
-710
-632
188
867
639
75
-41
252
603
479
111
-788
703
692
247
30
-703
112
-351
360
-248
155
-407
222
499
-130
309
25
627
859
-394
-51
733
319
808
-933
-778
250
225
82
468
428
-777
-762
130
-434
79
-589
470
-600
-776
250
842
-389
-16
-838
43
140
-657
769
-210
-968
-105
-807
722
-34
415
-260
151
205
-204
-165
-902
204
257
-217
-614
146
-904
-189
-236
25
52
-7
747
-53
-160
-88
-2
50
-479
-371
-315
957
658
-983
-437
202
-766
51
257
-859
-775
780
-45
260
-573
357
-287
-715
790
-821
-876
668
-115
-871
-25
617
652
124
-534
-787
-483
-72
-445
-242
-3
-406
585
614
463
-1
-614
-340
963
-409
-588
-468
-201
617
41
-942
-485
68
996
-280
989
-440
-931
586
379
333
-110
-189
-510
-627
-922
41
-321
432
-230
128
-354
-462
-255
144
-127
-663
404
504
-150
-995
-180
378
978
245
451
697
-155
806
-498
-185
-457
-808
-121
200
352
579
-310
44
213
802
-9
-55
-90
825
-231
878
-149
268
-599
-24
-965
28
-653
108
877
231
948
672
-940
953
375
-698
198
283
-235
-518
-934
-513
231
-553
478
-296
606
-115
-487
742
-711
434
155
170
862
-341
-627
2
826
-907
712
-120
68
491
-652
-573
-747
899
-501
617
-880
311
-535
454
-524
704
-887
-516
-566
-434
-991
-794
-770
-668
-625
991
-778
-430
456
130
6
-572
-273
-307
-197
903
384
-95
356
578
-952
257
222
650
674
-315
-120
222
-879
576
536
995
-117
666
381
-452
922
333
-962
-951
-850
-856
788
-913
-856
46
-512
-869
-929
-527
-449
135
155
95
-187
-684
590
-891
-897
195
-211
-124
-739
444
-577
-429
-647
-503
-537
-546
-10
-314
509
-50
413
-416
974
-630
-300
246
464
838
40
112
430
-388
135
-598
764
384
758
65
50
685
448
618
-245
607
298
-12
5
575
932
957
-429
-817
-828
-776
881
931
-279
-555
531
-781
-945
729
97
-746
-179
991
1000
447
-645
-924
-624
-367
977
-326
-439
-648
-206
986
-293
260
814
-419
-262
-384
-183
915
328
-349
-484
-897
919
-370
375
476
950
-96
954
214
-887
533
-620
894
794
-398
160
-139
-727
-537
-497
-225
529
981
405
-425
914
-470
796
-419
-593
-678
-76
-807
445
-59
-148
-411
-549
-158
-475
-160
892
517
-320
-451
527
78
931
995
533
508
-678
-43
-687
-567
465
898
-462
19
-1000
-513
727
-816
53
926
-970
572
-145
85
527
603
-813
630
508
498
-257
559
868
833
634
-642
439
-547
-798
269
692
-759
-188
819
635
-86
-335
-412
686
910
657
-34
588
394
515
-867
-85
751
389
-665
266
155
423
479
-515
-951
181
98
-387
-564
-984
-641
527
-898
748
977
-44
668
-456
-987
661
-396
-176
-903
125
149
321
308
-349
547
-71
-306
-303
228
-577
-369
-739
-691
-85
-755
863
-5
-251
389
410
-250
577
-839
147
-708
-755
139
256
-781
-17
475
-411
329
-689
615
120
994
-993
519
853
-220
347
-514
797
-515
513
-300
71
-525
975
-205
689
572
-169
128
-550
-972
-718
686
698
-904
-996
-921
-761
537
-625
-358
-310
-12
119
-797
971
-200
954
-102
-329
823
803
175
-80
-473
755
558
-558
860
371
225
-12
961
-473
-375
942
-418
615
-216
-209
-455
264
919
235
621
17
573
658
-524
532
-807
-294
-958
193
974
-148
44
728
85
884
-445
842
187
807
-187
-89
763
603
-768
-659
-384
282
-276
-828
503
-191
-70
849
240
341
-77
-634
809
540
520
454
-590
-492
-59
268
357
580
992
913
400
934
23
76
150
715
-712
-103
941
275
-935
907
228
532
-645
-196
-235
899
-758
-2
-354
-363
578
-787
275
-22
-732
955
915
-114
-426
-473
105
-557
659
-127
288
631
-905
206
995
-421
231
62
178
292
-814
-391
-796
-108
152
-543
-130
-931
893
-734
-47
-812
737
-774
130
-340
-444
-732
863
391
830
987
-982
752
-106
629
-579
494
968
683
713
784
-378
633
-989
-233
954
618
225
-167
-792
34
693
662
552
-659
-42
707
-687
78
168
-998
-38
533
569
979
-887
-268
152
268
452
824
606
-879
927
727
-431
745
163
991
312
939
168
-60
-146
-710
16
741
-348
871
50
415
-231
954
780
-418
-502
-594
-76
-406
648
-596
-775
369
-373
705
188
697
492
-79
57
844
853
932
235
-161
-8
714
-906
-939
-148
185
569
221
153
-231
683
-160
346
529
404
316
810
-717
-737
-252
-771
-149
77
-287
247
396
-138
976
-415
407
180
914
121
-951
82
878
510
-234
664
-13
160
236
-352
-49
-472
-303
629
-389
339
-789
-799
-310
-763
362
-31
-980
-461
-307
318
-162
-653
-837
97
-387
500
209
130
92
767
998
385
950
325
-307
-830
609
481
853
53
-372
-645
-359
367
-563
-8
-364
-692
921
-101
-869
100
747
-631
-960
-466
635
-306
-634
-356
-828
-242
680
808
297
-638
441
175
-34
-508
-592
-534
-276
-100
-268
-714
868
688
-840
436
-380
-849
-867
62
-456
68
-179
618
-842
53
668
-448
-195
711
693
445
384
-528
-626
-700
-150
-89
-43
132
686
223
-913
-545
-455
-590
323
102
-881
305
823
-215
135
846
-64
-845
-656
358
-29
-682
-256
643
735
-390
513
571
-598
-64
487
-526
-205
407
256
-668
-866
-192
998
256
-965
215
-817
884
227
-960
475
-840
455
83
527
211
-822
275
-273
-665
-871
648
717
-649
307
971
942
7
-943
-921
-362
-141
936
-450
-752
-89
-293
-259
813
335
-788
260
-449
-517
-343
-888
-322
-843
-176
607
588
594
487
-326
-542
-967
715
-616
269
-188
-440
-248
-886
296
852
-976
-512
672
446
-403
677
124
-76
557
-323
-17
-884
709
912
-908
-432
963
452
-781
980
397
202
173
-919
570
179
-476
-442
164
834
-221
622
949
-795
680
-602
-186
381
-568
160
756
-630
-21
-538
-607
-774
-800
175
-495
121
-397
-622
-321
-90
-49
-222
271
-55
-873
-313
334
505
-430
-676
135
339
-730
325
-309
24
667
701
663
631
19
-997
-182
417
-961
859
936
969
-200
812
505
419
45
-700
-192
-714
846
-514
541
938
651
-927
-881
360
-10
-257
885
-58
-971
40
-13
805
-625
464
834
-538
407
-911
-622
-510
-325
-845
252
166
-104
475
-421
-286
550
192
-115
687
-217
586
944
793
510
-240
387
-839
95
593
623
872
629
-742
541
-715
-667
778
362
-534
-344
-951
148
-293
116
111
-374
515
157
356
-631
-103
125
278
-136
685
-939
26
874
-833
-972
991
-962
-609
-778
-365
-657
-466
423
-517
669
-993
-242
-788
457
-653
825
-444
-392
760
-807
-54
8
795
760
-107
-354
-719
-862
-395
-392
820
457
-369
447
904
308
388
879
657
-467
-124
823
94
324
275
-678
-555
583
459
-857
-955
-861
835
-563
721
134
-342
889
760
-837
-717
505
-527
-222
-137
205
-245
-305
-255
-390
418
146
-217
114
-113
-268
-993
441
-257
485
-349
-200
615
485
213
449
-187
593
860
827
187
-55
706
286
806
662
-896
-100
-516
314
953
-377
-520
-365
-181
719
549
246
-483
593
-197
-497
-505
118
869
-971
602
-401
-336
-47
841
625
-934
-644
384
700
170
663
-865
420
-797
984
363
768
-90
533
-385
-326
143
-969
411
929
-218
551
-238
494
689
871
-526
-275
-705
-247
-801
914
-97
791
968
608
675
146
-331
821
197
-400
-901
207
-853
624
725
849
284
252
904
757
796
-206
-370
-883
-267
868
-92
967
-324
945
387
-84
-540
387
-149
570
-119
-699
-463
-243
-50
-40
-89
216
-190
-884
-758
-357
867
-151
-658
423
-406
25
-67
852
183
-642
-483
-495
442
508
-466
-163
153
-848
358
-238
792
717
-841
-424
-479
556
26
-834
300
759
-885
-302
-685
78
255
922
164
162
372
754
35
782
-692
-545
-856
610
445
729
797
304
-391
-413
-762
469
618
-795
799
568
-339
956
-770
709
486
565
-867
77
228
-526
-352
-296
317
-822
621
-328
812
-194
-845
28
804
609
155
-955
-591
-583
-4
-113
-976
371
-263
43
735
-559
-879
-437
-615
18
-572
832
-574
-147
-140
-15
-518
867
-568
-328
464
-811
-775
-326
690
612
-599
-419
695
-753
195
-822
-510
831
-286
-951
-315
402
-115
-193
-183
243
-497
639
855
220
-7
-77
-497
290
762
-90
944
804
-100
-975
951
185
945
336
344
-418
-775
381
-844
48
-454
-973
-166
65
46
210
512
222
430
735
564
821
-178
-751
-607
77
-159
176
-22
947
481
-643
436
-32
816
-706
667
686
171
-493
176
993
948
-3
511
-836
-476
291
-159
433
806
90
283
313
770
10
-92
159
-307
361
763
-74
-698
-803
-222
723
-347
223
-763
851
-712
919
-22
-280
870
843
-46
-877
-733
-807
527
-699
-751
-518
548
-727
566
-237
456
-25
383
-655
-811
788
-346
-533
238
-716
589
122
313
-438
-759
-441
18
-933
-61
-750
296
-238
-232
170
725
-484
879
-826
-637
574
8
-293
453
298
964
161
919
-890
134
856
649
556
605
-667
142
599
-514
945
-836
357
-642
-845
-555
-660
-7
-733
-872
561
-815
-349
-851
253
-261
-581
583
-543
274
383
135
159
192
-13
779
526
584
-912
-145
673
853
-722
-872
-561
338
-607
-65
830
-789
-835
-885
644
339
642
982
-518
-628
-605
943
284
886
114
360
666
-765
490
330
-890
818
192
-631
-653
172
402
292
-589
-253
102
-216
701
87
-779
912
855
223
-604
20
834
-724
-915
397
347
-562
104
-340
188
24
183
583
245
-560
-889
-27
-163
-2
212
697
112
780
532
108
846
262
453
-983
-831
-339
-298
459
46
62
518
-699
469
131
122
-808
648
507
510
798
-224
-567
772
603
844
-750
-528
772
-149
-860
610
-166
-304
746
712
-341
223
-707
-43
971
-785
274
532
-585
968
-52
-988
-942
794
860
81
-92
642
542
529
-768
-710
-614
756
330
814
34
-974
71
5
792
141
-949
709
175
-495
-528
-935
-888
-744
-374
633
-530
567
-719
-59
-837
470
-791
43
-669
855
-35
-802
-478
13
-712
680
913
-31
-194
291
-189
374
796
-103
253
257
393
388
486
313
-466
758
88
863
298
-467
-587
-993
-989
797
-75
93
-326
570
840
693
-207
-731
-115
-297
-305
-397
-240
15
-124
886
-758
145
-322
-97
743
606
-703
-542
-968
-375
-534
-696
163
701
258
477
891
571
-981
416
-45
958
56
-598
-764
-412
-377
-501
131
-796
896
276
250
-373
767
-22
643
262
-3
833
-762
-486
-242
-950
371
293
-743
272
-311
817
346
-653
894
-334
-637
-572
-498
-187
-81
-865
755
229
900
175
265
-854
511
-820
321
-490
-626
-40
377
-132
-634
-331
-88
90
-200
752
-507
876
-54
85
-189
-120
593
-668
-471
-198
561
899
-144
-995
21
-69
483
68
527
-844
-388
-968
97
-602
-849
-725
-90
-865
610
-70
-718
458
23
-906
561
-460
106
493
-327
58
653
-872
472
247
-507
609
695
-456
412
804
924
-779
-623
151
710
196
537
-301
-629
-478
-969
489
668
962
-596
-683
436
-754
-630
-401
-791
171
861
-265
-510
-337
467
-335
21
-537
15
-244
-765
-732
-56
-852
479
-254
962
-792
-397
72
-613
-171
436
297
-393
881
205
927
307
-914
841
419
-258
-870
-471
822
155
-761
714
-606
78
108
859
-918
-984
87
-219
-982
-19
500
575
426
167
172
847
-910
697
390
971
412
814
-134
211
78
-365
442
409
852
-150
592
-585
402
-916
-361
-214
610
692
-450
-46
213
-101
238
-361
577
456
140
381
-495
865
691
-671
917
245
-793
655
-805
689
-559
442
155
-791
90
260
658
-836
-29
-909
-234
157
-125
28
4
538
181
197
65
-24
-548
-823
880
-508
88
-170
-457
-928
71
-268
380
-339
654
-90
320
-666
327
-865
-603
-302
-281
122
-375
-710
306
-422
-582
-482
-429
726
151
359
401
429
634
251
111
-760
-613
952
280
-635
727
-919
883
846
-179
-363
833
88
-153
864
-948
-524
-846
-67
424
687
660
-84
218
-592
330
162
916
315
972
-124
380
48
410
-504
-284
601
-704
-283
925
-955
689
-239
994
198
-541
-722
-470
-662
-651
278
828
-644
-344
972
-296
-623
28
-11
407
-528
854
962
-186
643
353
-730
917
-23
-178
-171
-851
827
740
-23
-91
160
258
-834
-24
919
211
-389
746
912
-430
186
-23
423
13
-422
-166
979
438
684
289
-592
-887
-314
-546
-829
534
-704
382
905
-755
-268
226
439
-867
475
-788
-938
-402
-281
472
876
912
-873
53
211
-826
997
815
547
340
426
614
-943
16
5
402
-396
-343
312
420
-755
-297
892
-875
-204
25
-125
157
380
247
-239
290
486
385
190
96
-19
-752
-411
-395
359
-859
429
-602
629
-989
-500
-331
308
916
-608
-802
-750
-190
699
-932
738
966
-410
540
-554
649
-412
422
343
-526
-271
-812
844
475
-985
-771
-18
-54
17
260
865
547
-438
558
-575
931
-509
-868
28
1000
-573
-949
874
547
-896
-541
-813
794
290
-297
947
-929
355
238
-991
308
-165
941
38
278
194
-307
-311
908
339
-149
92
183
-316
119
-1
-145
640
915
756
806
-614
-570
-227
415
763
620
669
-598
959
-981
516
836
401
28
-818
-514
237
159
-57
471
-693
441
594
978
-621
-510
375
173
-311
400
533
650
184
-854
-510
-571
-722
-277
638
679
107
-81
-903
-81
-941
-125
729
170
10
283
124
-366
816
838
-182
-366
326
612
-41
923
156
166
-499
-301
76
-465
998
682
399
-910
827
-752
-396
-193
885
-517
907
-770
-323
-929
948
-385
703
780
-666
988
-361
589
38
460
489
407
552
643
-616
-655
934
971
229
-912
9
-406
382
-625
-551
609
-184
-696
291
617
741
-859
736
43
797
357
-525
88
368
700
-761
716
-472
977
-182
-263
501
-472
905
-910
-201
409
-746
106
498
70
-615
-873
312
-485
-141
-689
-782
610
-874
221
-267
991
-75
-176
483
-978
62
-832
-541
184
443
385
763
-340
-201
17
376
221
592
-363
866
655
948
218
-234
-960
241
549
-934
-118
779
426
-138
-282
588
-858
-583
580
913
-28
895
476
-79
-615
254
-313
-979
610
793
63
962
503
658
-168
-982
552
766
-141
730
196
-378
-302
554
202
943
27
-348
912
-263
928
-548
893
208
1
502
103
827
849
341
-313
-991
443
204
-674
-462
374
748
856
0
-346
605
88
400
-472
750
-446
-683
246
87
558
153
267
-877
-167
-288
-713
170
-458
-697
380
742
-160
471
-527
348
-46
-118
416
-455
52
675
-392
-355
-712
536
356
552
-188
-900
-51
66
355
825
-313
666
-761
820
810
-758
-264
364
322
143
865
445
800
164
644
334
-940
-225
106
735
-958
-10
-210
991
-301
78
-850
-491
-833
359
-78
592
74
523
473
-799
207
-906
-248
794
81
-595
-647
-478
-828
-525
-152
-291
-319
950
564
815
-359
503
352
-400
-763
896
235
194
-387
344
823
-386
688
34
-189
930
391
720
-19
-777
-474
983
-313
-910
-694
504
259
669
-253
-682
674
439
734
-421
107
-439
-867
659
957
260
264
298
-863
178
-903
-523
209
166
642
749
-270
763
280
-576
-605
882
589
-578
560
-714
-515
265
76
389
-706
-179
-787
775
-626
-439
195
-916
-155
-347
-78
-9
-797
41
33
-385
-977
639
-458
-867
-673
-825
-517
688
-230
-173
-337
176
600
-331
-678
-893
87
480
-290
162
505
-200
439
-971
-322
422
-358
331
-923
-30
-473
-366
692
-443
-81
-520
-65
917
462
613
825
-17
214
841
734
-148
-822
-73
761
196
-810
-46
935
630
311
192
98
-758
941
696
446
-255
274
778
-923
406
552
451
-451
963
-895
381
-113
-687
-757
29
-31
-852
190
573
-901
-710
238
81
949
213
656
-521
-781
-953
-856
268
-688
343
-503
772
-831
-209
-249
515
-560
533
47
63
62
-447
743
-462
-703
-152
818
-92
980
365
909
-823
-252
-70
930
-64
405
21
-219
136
900
-392
235
923
128
-431
365
-12
906
-803
85
970
612
-859
76
233
33
-26
59
543
-610
-889
747
-521
-129
619
75
-686
951
-48
-381
766
-45
414
810
-813
-883
542
333
856
-360
866
-1
-31
25
-157
-806
-474
511
777
639
439
-294
-786
289
-546
629
157
-533
200
-959
-570
260
888
38
-422
392
884
223
650
-465
981
224
-49
-36
-913
371
-284
786
400
-492
-163
10
-293
683
-113
-997
-362
928
-371
-112
-603
597
-224
-960
-795
603
-329
-366
-817
832
-487
-75
756
-320
947
-185
510
-60
752
-315
-329
739
-342
163
-901
620
-32
31
220
217
626
-743
428
-85
-411
-184
610
649
-183
-608
-966
-19
-525
-270
-302
252
-911
11
-442
-120
638
-1000
248
-599
-345
-320
-121
997
-686
-840
-626
-509
-204
821
-71
241
246
612
-768
-80
942
314
-274
-952
777
-827
401
-531
-12
-552
840
426
975
602
-953
-217
291
-75
517
397
-814
593
922
201
960
553
-127
-995
482
262
888
672
-884
716
21
426
115
-191
-484
772
992
-896
-975
-872
499
100
-614
52
162
-70
-792
577
-55
-617
271
974
495
-775
-339
975
-101
373
-538
-997
244
-660
-973
-813
-430
492
-349
978
869
497
593
-423
-790
-16
-101
325
135
979
318
376
-493
-876
807
492
272
149
919
763
-884
38
-192
-367
-272
626
753
-580
-2
-591
-141
748
-328
-663
-26
541
172
-327
-739
341
-18
320
661
-15
-438
-585
-333
397
307
-656
-254
-980
-247
-785
-84
-872
586
-944
625
428
157
-381
600
-89
-435
-673
-14
-365
210
628
-323
-443
-398
-527
-526
-710
989
-548
-921
782
-810
-829
-343
651
817
-252
254
587
-545
-165
-763
-176
66
685
175
-13
-819
-872
692
279
283
-739
-508
-278
554
327
454
132
-959
533
-7
604
902
-52
191
-622
-184
823
840
545
-308
840
-588
-165
524
-888
751
685
-382
-279
970
507
543
-202
-761
747
820
-613
597
-944
617
225
564
-850
53
-313
-8
-342
718
76
-528
-440
-81
-881
-642
-625
-890
900
301
67
831
-628
-154
-477
-947
-842
-962
-466
770
-842
-16
30
-45
-773
-581
-496
-245
935
463
-816
-471
459
585
-320
-980
250
-612
-887
-329
-432
-976
434
-767
330
334
-113
312
-888
-795
742
366
-339
391
-172
877
-542
-246
-920
359
615
768
733
-611
324
373
43
-561
209
-402
971
-619
948
-544
-555
590
2
-106
-556
-565
479
-242
279
-665
-27
-744
-161
109
-62
206
-502
360
311
-605
580
829
141
-348
-189
60
-773
233
397
203
-318
-279
-806
317
-346
760
-7
586
-753
-621
-125
372
-962
723
116
-627
-985
-304
-48
635
1
202
66
217
0
-791
770
-825
-938
-752
197
-87
-181
268
53
-683
476
434
144
847
-371
579
-84
185
693
476
-392
-92
-941
-102
613
613
891
-541
-722
-847
-31
-882
-58
121
229
735
-448
629
904
186
705
-553
499
-858
-417
-555
-732
114
691
-859
-249
527
857
397
150
823
-63
452
-523
917
314
-629
346
539
987
-760
212
590
-942
470
-309
-347
951
495
-672
-502
194
-915
-629
497
-310
296
-792
-848
658
-209
907
455
484
-634
498
-108
-223
382
979
-751
-854
957
91
806
746
271
-169
-10
698
-81
168
194
-754
197
-998
514
854
-520
926
980
-365
-234
-568
-721
618
620
-680
29
427
-50
932
350
782
-160
-304
-338
-807
-792
56
730
-509
778
-1000
-303
-106
-716
-371
639
1000
-792
108
-423
-229
-396
-169
-452
942
912
-994
-913
484
-33
350
-198
878
3
728
568
759
-310
-124
-615
250
-59
601
-902
-480
-30
267
783
-244
753
377
-42
859
-155
-931
527
-689
-27
-87
292
-794
-821
-38
-865
922
-510
-482
-346
-312
-158
28
702
-33
-595
390
-611
710
-736
-664
-850
-231
-170
-245
259
900
578
737
-180
-795
-125
873
-625
-85
863
-960
757
-568
448
435
-176
101
586
-468
369
-479
-774
889
-544
-139
939
898
-785
875
-448
786
-220
-566
939
272
-655
-855
574
910
-369
145
-221
981
239
-715
-163
26
447
-697
84
819
-221
662
-20
-436
-840
420
-277
14
700
320
-131
-432
851
-972
812
642
-830
-972
-409
-599
648
-499
-123
4
293
813
140
35
-965
989
110
381
-311
331
196
628
-842
-244
579
529
-451
274
973
47
205
-954
-479
-305
-903
830
-498
-306
-487
-701
-952
836
-509
806
191
-409
803
411
247
-301
-848
-276
-692
-908
-668
215
-307
-716
812
72
-159
108
-977
-5
-849
422
-325
-218
-11
711
-754
-775
-273
364
272
-479
648
-600
224
-88
-4
807
691
-886
238
122
876
916
-559
306
59
397
-381
17
71
173
204
-651
732
820
-733
223
587
-861
786
508
323
-642
-640
656
228
-692
925
-306
268
325
628
872
-570
-38
-272
114
-291
-468
168
245
-274
-656
112
-852
446
-67
749
-321
-980
-568
152
860
-754
208
-827
825
-824
-725
976
554
657
723
130
-833
-377
280
-468
983
-536
902
546
518
-920
250
960
-175
163
-997
835
-858
-619
-794
717
518
-39
922
289
-930
-736
-606
580
333
907
-905
347
899
259
-141
-521
-665
-363
216
-907
246
-490
266
-363
821
421
684
635
460
-987
-543
975
-85
-627
-989
839
-794
-419
744
473
336
-566
-285
-40
474
-886
754
-921
-805
-972
-93
-78
636
865
16
746
-346
-176
298
-304
520
740
60
-821
-148
884
17
670
713
155
38
-667
790
-108
-612
-182
435
149
247
761
-115
-956
-368
-130
159
-545
120
-964
-726
-209
897
-124
-355
-490
219
-4
-812
-258
211
-856
201
439
989
454
938
877
705
-110
-95
115
-332
575
117
-754
491
983
178
-666
-205
183
-704
831
666
784
517
396
274
894
166
-666
-571
586
-629
-110
82
233
-822
-704
-843
186
882
914
-177
134
325
469
653
131
795
488
921
844
804
900
396
931
681
271
299
-283
420
-799
-320
-506
969
92
931
577
-162
-192
222
-477
447
-201
-373
-337
506
489
-630
-750
193
83
-495
400
-263
636
-942
657
15
-266
-834
649
593
453
-797
337
-532
-346
378
-194
691
-302
337
282
839
-463
688
749
-366
-517
-723
966
-672
-691
-691
-911
720
-674
119
993
18
706
191
460
875
-882
757
-696
-914
641
-626
588
860
-192
-394
104
-774
423
412
179
807
-411
639
366
-350
-56
-279
935
-533
-243
-697
749
727
495
-100
950
46
903
-418
-687
958
-891
515
-547
-312
274
168
-867
430
30
427
-518
401
33
-337
401
624
53
708
-941
95
245
636
418
95
655
51
536
299
-128
-410
87
311
-587
-312
476
-877
718
532
665
-627
-964
378
-420
-358
593
-566
314
732
747
-657
-202
89
-899
-274
-118
-959
303
102
718
-957
-339
-107
-517
-293
-951
-83
543
383
168
680
415
241
-329
833
-888
-273
385
-883
809
-620
762
70
770
212
-832
194
-661
-408
229
-832
358
252
616
4
346
706
-730
219
539
-74
761
469
-328
705
-197
469
113
-641
-768
461
699
738
973
331
156
-830
-988
704
961
262
-747
-252
598
-102
-343
-841
-288
502
21
-224
587
-77
926
130
174
-23
749
777
238
301
791
-984
57
-649
-175
807
186
-138
410
-211
872
83
479
-837
-164
946
326
81
-680
742
857
652
84
913
388
970
845
-82
278
851
-980
858
20
-682
862
-510
-163
818
498
-697
-619
838
-836
-566
10
331
-8
-694
882
-243
473
442
-23
948
-879
530
630
-510
288
414
-646
-310
-661
-805
-673
789
-307
-401
-323
765
585
571
842
-901
58
-935
-423
-877
607
696
340
671
214
-24
565
514
-612
405
63
-76
458
272
58
805
29
128
154
471
-518
239
-255
178
-115
857
364
402
-822
-747
723
-254
-635
220
586
-308
54
44
568
-242
-237
25
447
661
-140
-70
132
-335
585
392
-993
-154
-245
-398
-874
816
319
0
902
-103
975
502
920
909
423
-463
-258
542
-621
-959
687
324
292
-551
445
840
-58
-328
-168
576
123
-139
504
690
372
287
28
27
224
-654
-511
287
391
-94
116
-651
283
537
735
151
45
307
907
679
-466
-590
662
402
-550
-94
-377
-62
895
345
-711
786
-470
-590
719
-831
-146
-256
690
972
-5
-33
-571
620
-514
789
-438
345
-778
-894
810
-230
-177
273
715
-358
640
919
-952
278
-638
547
84
-204
626
448
-721
-825
954
542
701
675
249
-483
77
-373
52
643
-363
-557
992
-738
627
259
-749
613
-678
-8
-535
713
-204
214
523
-940
176
986
-654
-264
-158
742
-352
-722
-247
-564
571
631
209
246
-591
770
946
964
610
-28
529
63
-218
-681
214
84
-166
-563
-500
297
657
-477
-202
885
-366
681
-785
310
553
-953
925
91
662
-783
863
-424
82
-451
-711
-224
-7
-850
-6
-326
971
186
-717
-953
-160
984
391
811
-208
237
-824
-87
-557
668
-683
690
-267
534
-271
-16
609
281
-609
-535
536
703
-988
716
94
313
-372
243
490
42
-445
-909
960
-798
-441
81
-528
410
812
-828
-423
-574
-882
-74
-225
409
-786
-30
-969
154
234
-846
-242
-571
-655
-476
248
-254
181
-117
702
936
-152
-260
-568
-58
-784
-790
7
873
857
845
777
992
163
112
-512
-489
-185
-137
241
766
33
725
-94
554
-410
255
883
773
-218
-370
479
-166
-756
-166
-705
-300
-793
653
825
46
-701
785
-348
241
921
-201
383
-407
310
-842
541
438
334
-332
243
759
798
-326
531
757
-731
67
629
-491
145
-836
916
563
181
537
-818
-917
-769
-395
-898
128
79
-975
-884
-139
172
680
879
-864
398
-175
24
-307
961
109
-38
93
-485
31
795
-633
-199
-357
-601
-46
-517
622
656
923
256
-956
-652
-293
-911
-742
42
-140
137
-757
187
493
268
104
-433
-150
-854
875
-30
-515
852
682
834
364
-455
-103
293
683
-313
-234
-35
-390
543
-932
561
219
-122
183
406
-510
399
-507
-463
-384
-932
677
263
636
914
133
942
98
469
-814
-757
751
46
512
915
-854
747
591
717
896
132
-852
783
-287
-405
-139
65
914
570
-821
-594
-556
-911
744
556
1000
-449
-230
524
3
823
886
62
-542
710
-419
-549
-406
771
994
-306
-933
214
24
-128
-262
-584
-285
105
-631
163
732
-6
432
15
-237
-473
34
-43
46
182
-730
-203
-699
-81
-132
887
-207
-338
-787
-886
-937
-608
184
-571
118
-580
-304
-520
901
-701
1000
383
277
431
-976
-397
-177
-208
124
-564
-955
-583
-189
-139
-67
-211
-999
-104
-176
460
-721
509
-28
-679
227
174
-239
25
-308
-96
385
-541
697
-661
-168
-322
-329
267
118
-462
80
-199
559
424
-823
95
-941
449
-907
-944
824
452
-865
182
-394
682
-371
556
488
524
164
139
636
202
724
-98
499
-971
-145
-318
-73
329
-308
-483
-348
186
-427
-561
493
203
-80
-333
-559
-659
668
701
597
-868
723
-518
-269
-737
5
846
-538
809
699
83
-278
-622
-9
189
-760
504
-160
244
456
-538
-63
590
-183
963
-264
-114
-734
-822
-155
-438
883
255
692
523
133
-680
-744
-989
575
184
-305
-159
897
-350
-101
-30
324
-786
23
-570
75
987
-114
-454
-527
-65
948
-17
-533
922
302
-382
-882
-657
-563
215
244
-900
499
687
974
-769
135
-919
568
684
816
162
-825
513
-126
426
285
998
-138
276
-487
561
870
497
-138
-926
427
269
-287
-115
-614
262
-154
884
157
86
594
446
911
-816
-661
-850
638
-485
568
77
553
409
891
-461
234
-100
355
-505
-804
-546
75
281
282
-978
289
-65
430
-36
229
968
-614
71
-316
-969
-798
-708
805
925
934
-581
324
205
-765
276
438
-125
383
-112
-153
-47
-553
-644
-223
24
-649
-175
309
269
825
531
-933
-243
882
800
-449
-330
-939
789
-480
-171
744
-846
-602
-559
584
359
-296
444
91
894
-768
-9
466
558
-92
592
-85
-658
574
9
773
-378
-169
-96
-301
840
-86
167
931
86
563
-393
-966
-946
-808
48
427
990
959
-961
-878
-852
-581
-184
-990
896
-114
-176
-997
-918
-989
238
-61
-658
-440
-947
-207
-878
-366
-817
-974
-169
789
385
-291
-751
8
979
-684
-680
-188
438
-11
-842
814
-868
-731
998
-663
684
445
819
-471
-26
-89
-224
952
-24
-112
-391
62
398
542
205
577
-90
-706
76
746
-866
-824
-537
828
445
-401
-258
-87
-907
-77
-804
476
-398
817
544
750
-745
-763
-231
-965
-700
-44
-343
639
981
-374
186
-736
-721
-607
-374
-284
150
274
647
-743
732
-376
-730
794
942
-311
352
797
328
595
-95
4
566
71
-968
-58
-802
593
438
-234
-395
-837
-428
-48
-768
-861
977
723
-557
-942
15
341
-331
-690
-218
11
138
-699
-846
636
-138
-769
-249
-113
-379
-364
586
264
548
759
-494
195
338
666
757
236
919
878
989
21
126
-558
-530
491
589
800
984
-34
976
855
-881
-962
-308
511
-827
520
27
165
310
488
833
-216
751
-354
495
-475
-746
-368
-759
-607
-542
326
-140
497
-865
726
273
-906
232
-983
673
914
-386
-611
-438
954
837
-984
-476
338
-262
-291
860
-72
942
843
-726
-297
643
935
452
-82
731
-737
-342
-635
-677
-914
-8
-340
-274
-399
164
790
-974
684
-376
747
66
472
-97
-582
-724
639
-912
-343
99
125
-309
-206
-847
930
90
145
548
-698
-553
828
-898
628
755
-672
812
223
824
775
416
-116
-620
-980
-224
-536
476
659
885
535
778
-63
27
-536
168
77
233
374
-815
-110
-417
-531
-8
727
-393
856
457
-262
-76
108
-765
-219
-934
-66
767
772
-206
-930
789
289
84
-876
983
329
-906
-488
332
260
-140
449
-532
337
215
757
-427
740
-45
507
341
64
-133
-699
308
935
534
402
-639
-953
-161
425
-431
-876
83
-450
803
-320
527
475
887
11
-172
243
-505
-418
-908
669
622
-562
-565
-221
-199
739
-819
520
231
-318
816
-661
-36
-154
866
-235
-441
639
801
66
367
-728
57
-399
-726
-274
-651
503
-632
-20
-175
-556
401
464
-117
784
-164
-880
-272
231
455
-585
-540
-676
61
-578
-588
249
-517
750
-679
-770
-481
1000
-922
-405
509
-574
182
850
786
-856
593
299
551
-321
539
-766
-486
-292
822
-283
157
-845
-309
61
-748
-149
-347
-498
-101
762
-962
283
-94
472
-167
533
22
758
280
150
-80
507
-582
-856
682
-798
-904
-308
-251
767
452
-191
-926
317
-105
38
-364
770
434
-766
-483
-431
891
117
-352
-198
-348
254
-984
-183
-116
-759
297
876
584
-583
-292
197
342
-626
974
-748
-938
257
378
867
376
976
-721
57
255
-723
-583
121
396
785
96
-250
-767
938
-175
-711
-545
828
-398
-679
-169
-43
-305
981
-792
-28
804
-288
-921
-105
-85
102
-540
450
215
-422
997
138
-745
479
347
-850
489
246
405
147
-429
291
-858
-963
282
-263
-412
427
536
-540
-134
462
36
156
561
793
-60
-488
-473
-501
-931
519
281
841
-155
923
-269
-704
-418
-420
-942
-629
486
873
-535
169
-157
276
309
-664
708
-683
-559
-499
406
-320
-959
491
-580
472
618
-219
-901
236
337
417
387
-121
103
-33
90
866
9
186
753
219
-283
-456
-845
687
-149
-150
-34
522
-648
-972
916
828
815
32
405
-655
196
-539
-239
719
-945
9
50
309
-715
87
68
740
102
332
-652
402
488
-913
912
310
-597
-942
130
-392
-101
550
-298
-727
-24
86
-143
-346
717
426
575
317
-443
-266
-199
-824
76
682
248
867
-709
-596
72
-173
802
591
-783
633
553
835
-215
492
-159
-16
231
905
255
166
-700
-575
-905
260
-825
-697
-936
-729
-340
922
735
837
-374
-970
395
256
232
240
472
-532
-35
278
255
-970
199
148
-119
-819
-506
3
-311
-33
849
502
458
405
-547
-833
-167
982
-682
-450
481
-593
-101
-975
131
895
533
-145
412
-243
807
-327
-174
926
-834
410
-650
446
757
821
-349
910
820
-750
457
416
537
174
-621
547
-912
-129
-137
-108
-56
810
-240
-351
66
-604
-723
266
-80
145
-621
-524
-852
-937
820
398
524
487
-595
452
835
-112
512
214
-791
-241
-95
-102
-456
661
-514
-968
675
326
82
157
-852
922
52
-458
137
-632
746
13
37
165
559
-710
-848
-921
320
617
505
116
750
165
265
98
-116
-103
379
313
948
143
-476
45
66
744
389
-902
310
-30
-591
-316
502
-914
204
-560
46
-341
-510
143
965
-255
718
-862
972
-151
524
-623
-925
419
828
421
346
-46
177
-595
939
497
-832
-933
-245
700
-446
-794
-85
885
-724
-421
-680
-461
260
813
743
-228
-823
-463
875
444
-82
-187
-969
622
-662
-152
215
-53
600
-933
-111
193
-566
740
539
141
875
-862
790
656
762
-289
947
798
345
-505
-262
-813
-788
-237
-806
-14
-17
-856
810
-923
-766
270
-401
96
317
-919
366
-310
-849
797
-248
-258
610
995
-669
842
-481
-554
914
690
945
57
-888
-691
-59
44
-798
-609
-564
-472
183
521
-164
-892
-112
-666
438
850
-906
608
-495
-431
470
-893
-274
245
357
-12
-276
-671
837
542
-256
433
815
213
-958
-885
701
-1
-164
155
278
-203
-178
601
-341
-475
-410
584
573
829
863
-387
302
-276
409
89
-695
-87
-971
510
-685
986
-603
-460
-826
-889
-662
602
118
-782
308
-979
-746
436
-409
708
419
161
-294
-796
-384
260
-159
-813
277
-171
345
-562
-957
548
112
-724
-990
95
-210
-496
-186
-294
-702
667
243
363
141
-7
528
631
-368
-296
2
570
-33
625
-834
-674
-217
952
350
745
365
795
-661
362
-270
376
-651
304
-478
-939
-891
222
915
635
-176
-749
-875
-756
718
741
584
-728
876
859
557
-614
-517
722
557
692
-781
-959
-880
562
-405
-856
75
-381
-167
440
-174
-600
965
412
180
673
808
561
411
-129
-99
874
-714
-696
-794
-771
-496
-688
153
983
234
384
800
-724
-234
-73
922
-317
509
834
522
-123
-745
-830
808
-547
-631
-673
332
-404
-892
-338
917
429
-145
507
394
-403
-19
647
590
-208
-382
389
320
337
-766
616
-555
-641
-612
-321
903
248
166
376
906
-492
139
118
-536
-615
-126
818
-791
-73
-575
-827
33
-613
902
-14
18
-461
-668
653
847
-541
639
325
970
-900
700
-671
-956
169
-64
328
432
373
895
656
49
-377
214
618
-929
166
18
-231
673
257
232
33
177
150
-902
-737
-100
94
-855
806
-8
453
-762
379
-412
183
223
488
663
245
68
-957
-182
279
-547
-195
-946
-809
-249
781
233
-99
4
-983
397
195
-666
-441
473
986
-793
-813
-825
239
164
162
-430
-395
292
688
-202
24
340
-761
316
616
-357
795
32
-510
-720
375
429
136
-813
396
493
-736
-824
-287
-957
219
366
842
-610
899
399
-373
859
-628
-305
26
-212
-267
-563
824
-710
-476
-314
729
-685
-758
-201
-881
-697
-849
23
-897
40
-949
-296
-683
-674
711
-247
806
667
-491
885
742
433
-772
-953
486
819
917
982
154
118
-503
-595
132
-153
-918
735
719
-666
937
-233
-356
-961
-730
-843
-895
-995
412
727
-125
609
-377
667
108
599
-186
798
93
434
922
-299
-722
585
-73
375
-254
-79
966
536
480
71
-225
589
-830
-179
-603
674
331
444
443
-255
-759
-521
-6
494
-654
162
-250
-325
-736
115
-148
-647
-662
53
-412
-397
505
-494
-811
719
-424
-83
-539
181
623
351
-550
-419
412
-758
-757
715
255
-343
997
42
-326
-459
962
-2
19
-838
-396
-995
169
629
-891
-933
-740
232
-713
-95
-512
-221
242
537
214
-90
831
321
5
576
885
-862
276
421
-488
-915
817
-54
-562
-221
-512
241
-416
253
-491
271
203
-109
-347
409
-446
214
231
950
51
343
495
582
-21
-410
-117
482
-814
179
-777
-904
-497
735
787
-403
-867
-300
957
472
952
141
413
-299
-28
-742
711
593
-34
322
-121
223
-92
-264
446
690
-797
237
-721
-869
-694
733
-246
-448
828
189
648
479
-718
641
320
-935
-910
561
30
560
-680
-917
619
-234
-475
-909
-564
1000
56
-425
499
-841
-580
245
445
865
-403
328
354
-292
624
-453
-297
-109
207
984
-159
939
-477
912
597
716
882
-580
205
-411
332
-122
-343
736
-855
-688
565
481
-142
708
240
-273
712
912
756
-498
-393
-753
-979
535
985
696
-437
-448
456
574
257
-955
389
-831
473
847
304
-378
-558
166
-728
465
331
-60
-983
-886
386
20
-145
116
907
-113
-153
444
-417
-805
-636
-387
880
-936
-983
430
733
680
-879
-235
-342
610
-43
-937
859
207
738
-626
-103
-1000
-540
-606
-360
-324
-153
997
943
-619
82
33
560
-294
458
969
-662
-78
576
844
-708
-261
887
-738
747
720
272
621
-940
628
-25
446
-872
-595
84
382
414
-689
-444
563
265
-348
541
160
-453
-578
-111
-445
62
-458
-46
-183
-892
-357
536
61
-577
-119
848
304
-950
-46
778
-878
462
-572
901
-496
-264
551
919
-334
-157
-452
204
581
693
-919
159
678
-753
216
-275
-172
-92
-655
-980
-59
259
-282
925
169
913
41
900
-446
633
-725
631
-239
681
-862
439
-972
-147
596
644
-683
-91
834
-303
434
96
-562
198
-722
824
709
-245
-619
648
-867
-878
347
-130
307
849
-874
100
205
-536
591
587
-667
-504
-926
747
75
-780
817
-32
772
247
544
596
562
923
-43
-56
465
-49
-20
559
-267
515
-803
-725
-908
-608
787
-839
810
-698
263
-940
-485
914
104
-325
217
-701
-729
14
-807
-863
946
375
-781
-578
681
-809
-460
-55
260
-649
207
-482
-535
-482
687
-970
-669
653
984
951
-507
-337
-246
116
280
106
966
711
-515
305
-417
582
732
781
-159
816
-385
-98
-142
156
580
419
685
-563
118
104
-548
621
-928
-220
-921
347
-765
278
-963
-799
-25
-979
437
-1000
-10
466
649
512
191
-443
-941
-703
-135
394
-399
-184
772
225
-410
-591
405
88
-801
-30
997
-348
752
-488
-302
935
227
511
133
431
-167
-622
-981
754
872
887
-390
-809
-802
-151
-11
-423
-910
-13
872
497
477
-906
498
-110
545
41
418
611
-598
-346
-439
-358
683
-465
103
-222
484
784
119
-708
-787
878
-132
-341
-240
-830
-228
763
-233
590
-85
154
693
768
-976
-730
166
662
-80
-511
348
994
616
580
619
449
-735
-650
679
-461
343
-366
-774
-255
12
-966
-976
-751
710
-470
461
-67
710
608
-419
946
-184
889
-605
955
-790
882
807
736
-288
-606
224
526
-741
795
-259
24
546
71
-457
-975
170
523
938
-732
191
443
-776
-426
-646
797
735
-604
-419
-870
704
408
720
-111
921
-669
-738
-918
-581
-598
-462
-484
572
21
-157
624
653
-462
-326
894
-755
-261
599
56
-242
-63
-612
50
669
819
351
981
-262
423
796
241
-287
-463
378
545
143
352
638
425
970
-685
-989
650
-144
-958
524
-651
714
39
351
-781
983
338
-867
888
-664
999
822
-740
-521
942
832
82
325
-223
328
-511
-935
-730
349
440
90
988
975
-91
-192
7
-837
11
-14
868
530
102
967
450
-334
772
-719
516
938
-87
624
694
-205
-857
389
746
-919
-438
820
578
684
342
147
-965
-221
-848
153
-594
-842
616
-642
-329
765
80
219
403
208
247
407
76
-860
-561
-816
933
457
44
581
745
184
-826
-339
-283
-236
-164
-773
-173
-451
-737
964
-46
196
-48
-939
-828
-395
121
469
-583
592
-201
264
458
417
-964
-122
-752
572
277
-597
278
927
101
549
-320
-148
178
700
992
587
376
-963
-661
849
826
879
236
-295
259
785
203
-191
655
-920
-994
-319
233
69
661
668
-95
168
254
399
660
-699
-321
-627
908
-949
777
-771
-465
20
-190
352
-224
983
495
-293
-7
307
766
78
-140
539
65
-503
996
-291
331
985
-953
-18
-309
-252
-432
629
-146
8
-315
-998
-663
648
126
-632
-455
-972
539
974
-691
-825
908
-343
-233
766
-250
153
166
717
-895
964
431
587
-708
-633
-556
79
-75
-982
-88
645
25
835
-430
-840
505
-636
-765
832
-629
-320
487
-671
-899
719
-717
-154
802
531
515
545
-869
708
656
-367
-428
-549
343
-336
532
825
-447
-927
364
509
-788
-730
391
973
247
-794
569
961
-221
-732
262
450
-876
-358
-448
459
-896
-470
-221
264
892
-852
-706
-445
-650
-733
-655
-338
402
996
-996
43
-161
-220
476
871
671
-50
-600
715
-742
-878
-85
-941
553
-116
103
-263
569
-9
391
-867
837
-941
162
601
-311
-128
-167
-779
399
-583
-930
11
-232
-925
-882
-480
-851
525
-323
529
690
-207
-814
649
-228
-721
-399
755
-548
458
474
176
-651
397
-306
-232
-801
961
-1000
283
572
48
235
482
774
804
-412
654
-720
-770
743
342
-454
-823
-37
681
388
838
636
-203
-561
461
627
-757
755
219
761
117
668
319
551
-190
272
849
217
-996
-195
515
-936
-873
-209
397
880
-918
266
758
-874
341
-817
603
926
-456
-678
-9
42
-197
206
-420
824
-338
849
-943
831
-199
-317
475
-261
373
-374
26
628
-31
-717
-998
-551
956
-970
909
-479
626
-459
-756
165
-925
-609
-259
-832
-866
-233
672
533
74
103
611
790
673
569
657
-977
290
-641
750
121
901
-142
847
143
-715
-671
-336
-901
884
-502
166
-281
-484
-342
-401
83
-267
247
-339
-648
858
744
-401
-380
-949
-158
-756
-37
176
-289
-590
890
-607
-891
834
288
-872
393
-674
363
-269
804
38
-324
293
508
-322
456
-816
-264
59
87
-645
426
458
-924
781
949
-377
728
982
-329
-170
272
86
-581
-309
-81
-812
640
310
-249
875
-75
955
988
592
746
722
324
-542
-335
873
245
679
484
607
-743
999
717
-520
941
-763
-547
232
-680
-381
515
-980
-633
296
-473
372
672
431
724
-329
-135
318
281
594
493
-440
-864
-480
-604
139
-917
922
-952
971
479
-507
169
-94
662
-524
40
-381
898
337
389
92
430
873
246
253
-909
261
-767
247
669
-298
604
-377
109
436
-656
269
655
762
-168
-649
-677
695
96
-973
730
-945
953
-913
518
9
-870
248
-80
855
354
303
-747
286
-194
-757
-175
72
-729
-785
-698
-51
-989
109
581
-152
509
-39
945
-680
-218
714
343
-645
-231
59
991
623
213
-536
-812
-733
-689
377
460
830
421
-885
830
-1
588
-885
42
-880
94
443
617
921
-660
-446
639
771
-931
-745
-636
546
364
218
619
-215
-918
-103
-578
-324
716
-456
691
54
-225
-365
-419
818
662
396
640
838
-334
-947
-211
-757
-663
-789
-122
-492
-714
-611
-259
-242
633
569
516
278
-535
-427
-916
-664
-862
477
-119
-278
-117
-347
71
-987
97
317
686
190
896
371
13
-658
672
-719
160
-368
742
-343
464
-896
445
-178
187
69
-432
-431
-148
-791
-331
-265
332
-311
-865
155
-582
675
58
-694
329
218
922
-606
-127
-305
-674
833
-243
473
-661
811
-917
-902
-866
-145
669
336
697
-149
201
767
529
493
687
-419
415
736
-148
851
-845
-370
811
65
845
859
442
-685
532
-12
187
444
839
-458
-752
466
-686
334
-656
257
-725
327
-563
640
-29
-793
-707
5
163
27
3
-308
-728
502
640
500
-6
-426
822
972
-906
-112
257
-979
240
367
-724
698
-885
605
-796
-420
-914
535
-834
722
-864
-360
27
494
-836
-908
-846
151
862
-261
364
273
-808
-860
-933
-612
543
190
44
966
-55
-62
277
-334
-810
334
-654
181
678
-532
746
338
-131
-755
611
-794
45
-997
-320
-406
-378
-552
529
745
-150
33
-70
332
-637
-911
-215
-424
-758
-704
653
-707
-742
73
799
510
-805
-205
-707
91
276
924
-163
30
507
-411
-444
-593
-448
238
693
671
743
68
-913
-9
-831
3
-191
-487
-91
782
162
-586
528
-551
698
-517
-130
-688
793
-462
-326
687
845
556
-71
-280
-936
-151
714
-535
504
-274
142
917
-669
-90
-24
977
-606
880
-633
195
-999
809
317
635
686
579
107
381
-464
-99
-57
921
-702
-1000
830
761
-878
15
464
-882
505
607
-788
998
-778
-884
486
760
649
647
173
-813
914
622
782
-351
89
943
-89
-314
871
-514
67
-665
513
668
-757
-903
-862
138
-138
-933
-1000
-575
-809
-43
-524
-428
407
503
-456
664
166
-649
-20
-799
-158
943
9
36
-836
204
-595
-984
-40
-935
-88
-626
843
529
489
-522
657
847
-681
-404
-154
-460
286
159
-239
1000
-236
586
68
-139
-570
653
211
-404
-498
842
-354
157
84
787
574
-876
-872
174
-16
148
-700
85
546
-761
694
-901
-519
-387
-770
-697
-222
224
-540
-192
-919
146
590
576
-485
576
907
836
-756
187
-629
425
428
-663
736
826
931
92
-26
803
-982
400
-241
-967
442
-328
-83
-734
-546
189
-936
-327
816
357
-831
197
-812
936
-291
-484
716
-39
-694
-2
-919
-581
-912
794
25
-520
895
-827
-71
-672
101
424
415
398
-776
-932
-970
-566
890
445
-339
-724
-299
-318
-227
-249
203
595
826
-804
-103
-49
786
308
-431
93
675
-39
658
-867
192
566
667
-352
-141
477
-975
-489
247
-61
-441
-773
154
501
-243
517
127
984
-511
-159
944
-89
-62
857
-459
64
601
560
-701
120
264
-297
-118
-674
884
-87
812
360
522
-478
834
-542
239
891
583
-403
-138
-67
-527
-129
-74
937
23
-226
-278
-239
791
-391
525
-814
766
-262
945
-962
15
-573
-710
222
-852
607
185
-539
-417
-171
-757
571
676
871
-124
-238
903
-646
575
986
-323
434
176
556
710
132
-991
-784
332
675
393
810
-946
314
-660
-272
666
958
77
-674
-136
-643
221
94
-21
-208
603
-223
624
-654
894
-210
-773
288
-779
-377
591
-343
217
641
857
266
856
602
-662
885
-611
924
844
-443
-237
578
-508
301
-392
871
-109
1000
-122
998
-678
-810
306
137
389
909
-544
844
-492
191
727
449
-592
472
-823
873
-445
632
-836
-22
-27
879
622
-701
163
-232
-113
15
579
436
-768
391
-725
-643
-877
65
-971
786
-512
982
270
446
-784
502
252
410
491
142
250
-867
-682
-524
424
-187
-696
-111
-988
366
92
-376
241
-718
785
186
-887
359
465
366
134
948
-53
869
332
-162
670
946
-764
200
78
-357
40
-453
-745
-361
156
245
-426
-824
-31
-173
-962
-496
353
3
-170
166
584
900
-34
-384
-151
-89
-208
-794
-438
-840
573
356
-341
-684
875
-694
-5
-689
-420
-285
825
898
-905
-931
-325
-725
12
-282
-514
-246
-106
-566
947
122
273
-662
-400
723
-463
828
-600
740
969
-592
218
-646
-623
-573
-620
-461
-291
-583
780
546
362
982
967
-645
826
-90
-889
-524
-527
-611
482
-672
-29
-416
-471
-10
-344
-881
197
-924
719
-690
425
-702
75
344
210
-598
-772
530
13
509
-543
549
-840
-768
-638
460
841
-115
562
-919
-362
219
-673
-253
-222
354
-777
-413
-263
-612
736
-54
775
992
61
-889
-803
-594
-930
999
-239
-826
-781
-544
-106
-337
43
-481
-79
254
890
-474
402
852
-435
-194
198
273
